0,1,2,3,4,5,6,7,8
0.013230215906027649,0.014667939186707134,0.01526707018634374,0.017484840123864035,-0.010917718287007605,-3.458200862061777,-0.0031835037215743323,-0.0002191033540500961,0.0008293040558911349
0.0013101694821295341,1.06494006166061,0.006158227633984801,0.0022843049583778467,-0.00796905078716539,-0.0002733981749591663,-3.722265874904382,1.8036134948361464,0.0008272083857125087
0.00031711109261587517,0.0027059992282678982,0.003132589001645477,-0.007215607770234188,-1.390889350203552,-0.008862375621271755,0.031758313018770135,-0.0012720762284992712,0.0012065033462406714
-0.0011817438648161656,0.005031869503279884,0.011586957898392695,0.007661781125617001,-0.004785029897456853,7.20789525863498e-05,2.5121277822500607,0.0020077632616127576,0.01065819013417632
-0.017106974778375098,-7.667245545130483,-0.0014969227210696046,0.008149494684147877,-0.0035551326600596067,0.000463603325494678,0.0034557951212853544,0.006387473725018099,2.5176776501332356
0.041714119345020804,0.005013539649878508,-0.0009841719315239997,-3.110899284835157,0.00012713597876106916,-0.001882375863302472,0.000445768637408619,-0.06504324630464112,-0.3000157424150403
0.07392166627527522,0.005876824353316811,0.00039335698388119817,-0.0030523802695103085,-0.0029879531339372413,-0.003376857646150212,0.0018325622473839818,-0.04519985493072448,-1.4045893870852864
0.0034536650111053834,0.009305186460204083,0.015894359981701828,0.12447518851281335,-0.015549573972474251,-2.254120986694344,0.008067115991205243,-1.7360706545721354e-05,0.0083824892760434
2.9503608913614694,-0.019873050824377722,-5.555041443288263,0.07722238965130804,-0.004303828244210238,-0.0008125484383389222,-0.007583092683455309,-0.0028739216252152353,-0.004220865227242104
0.010727209504008198,0.015897385647409557,-0.06471528409158747,-0.00788243676527809,-3.6108409264653814,-0.06049072945934586,0.4912365917065515,-0.002764783835326378,-0.010642237150076447
-2.5522353777506117,-0.016763839515149856,0.03866927182391658,-1.9921175368248565,-0.0060755427700489185,-0.0026989396692487268,-1.3277531318909288,-5.1117687652013775,0.0019128074459112826
0.0063155906250533505,0.0075530144665364,0.08822768308203377,-0.015892863418486537,-0.011042499771367141,-0.01377973795264209,0.002994543699636687,-2.080693036294407,0.0009275300941859466
0.00421448092847914,-2.1165774443351317,-0.014246185091241717,-4.639303786360617,1.891803472245443,-0.0011780582335270823,-1.8372042811984897,-0.010293589551561087,-0.0851362092971576
0.0016474480124675575,-0.007298235851773485,0.00034693906151601894,0.005785014863939123,0.002725329411666283,2.688298042985094,-0.30840470424444844,-0.001806433492915021,-0.002183983261547274
-0.0005013380609562926,0.003860359826676575,-0.0009474528475833333,-0.008150872111911348,-0.012250038960583744,-0.0025961867694016356,0.015005392045221954,0.03137289644044039,3.194806590261329
0.007417440078749546,0.0028635738373684605,-1.7898218722618835,-0.0029074171229290183,-0.01309085379192769,-0.37664301227106856,1.2577671831983257,-0.002775132403091087,-0.004418989278271472
-0.0009135851300180035,0.0011309221640570443,0.006218767112340864,0.001460666291323796,-0.0004008291021696729,0.0002475803104230291,-0.00015824012965211695,0.0013624822321736867,0.0028594551947617648
-0.0010164387858968803,-0.36931850706255087,0.00674787131545419,0.003270108074848955,1.7206131402071696,0.0028197293563157477,-0.03232422809668697,-0.005254242721563866,0.00017745237205883668
0.00010313288853042819,-0.0013828291672893104,-0.007006810889329074,-4.053051781222796,0.054482789019495714,1.213838710348242,-0.006692568132501971,0.0002666334369329044,-0.007827499613634038
-0.4443059165569697,-0.011584611432107598,0.000774694623123587,-0.0026406132898183425,-0.02274044593583098,-0.003357524178025672,0.022373074535629922,0.0037642928697147818,0.04151140149788363
0.018385499813495187,0.005152570832382769,-0.0025011768011401515,-0.00017103429359150747,3.158977691616209,-0.00014319234469695186,-0.006471158952569144,-2.73364714677019,-0.01924885404943262
-0.003815214443983343,-1.7536207145229046,-2.1176361001000656,-0.0027990438809333378,0.01130812942548147,0.002828369807590457,-3.5503321139335835,0.00173838416420013,-0.0010755094354373551
-0.010299818126854949,-0.002131819526898931,0.004482107236636619,0.0073563377266716405,0.0008659815161080817,0.0017056991051442004,-0.0007955882358699484,3.710960329822366,1.4052835400303048
0.0061456320795300005,-0.001353802421815412,-0.006631623309722801,0.013414474100186747,0.8296235525465483,0.0023684722871833742,-0.0011625973050959743,-1.495647761135144,-0.006533726071089811
0.0031698533828522653,-0.004069780347162788,-0.009189830995609076,-0.00032461087730059136,0.00829925265664393,0.0006405986413666383,-0.0023604688441639845,-0.27555033917191757,-0.016044385191975888
0.008422734899169435,0.008416696081774824,-5.0057671773367876,-0.004658292631781469,-0.00808067130653322,-0.00368243248970428,0.000997359281048757,6.661072586562173,-2.0410265692475225
1.4125565862915574,0.004149441254925728,0.00131168440491189,-0.07989478880426051,-0.001016355906207276,-0.006135547292037941,2.031848106750188e-05,-0.6372211151673449,-0.01270654660323331
3.772941452102194,0.0173739280183004,0.004278633271059786,-0.014735386283244943,-0.008708861809361187,-0.05456572403700709,0.009485996040190181,0.0011514282886916287,0.0024722176668762405
-0.0019152395361806355,-3.019994913270115,-0.06157664594257678,-0.0006977192311336828,0.01805409015619329,0.005228184489582618,-1.1028007719247652,0.0009004520916229431,-2.3520937047050845
0.0012563719722581295,0.0038193216812986235,0.002026536755059025,1.0634949962694407,-0.00519966978137399,-0.0014989149514780047,0.009018592149791378,0.0011112418328937655,0.010054005177954992
-1.1776241499291435,-0.011537460696325169,-0.00416528801795695,-0.006060528286015804,-0.001036162350162427,-0.0004476660851277752,0.003959366535910579,6.795708061872756,0.006531923039316823
0.0010232753353698644,-4.1757860571369125,-0.11082380882886264,0.0008992806764498971,-0.013830364275941488,-0.00298475073919517,2.4281834453028943,0.00018073386368915533,-0.0013680989888545311
3.220577178081044,0.04771594247421196,2.6216954496722433,-0.004343424769585162,0.0030442670386772314,-0.0024029186352074877,0.887900701933404,-1.7882139267621375,0.0035002046585100727
-0.46346943891521475,-3.33762175476267,0.00690951942038736,0.013225685978814617,0.007832606930525093,0.021130867876692314,5.0876502045181515e-05,0.0034113263707363324,0.02844388516530289
3.6391432815700537,0.015371458448638076,0.008544451845435376,-3.354534301623141,1.0374346831749912,0.0036674485205615524,-0.001636990571093632,-0.9184760000008331,-0.006504890229005078
-0.011003517469125212,-0.007911032607066644,0.0004765033035242067,2.2868661703125657,0.002629636913963033,0.007428446663362032,-0.38568293190532327,0.9844127108715971,0.0030058674876201445
-0.0015249821470806426,0.0017379018681359568,0.0007060472726690387,1.5211894322069819,0.0005490753147047011,0.001119137082044307,0.0019000570214257719,2.2291310210049775,0.009702581949671912
0.2677708581487588,0.0031398405403189056,0.004919772159528518,0.06383805606895843,-4.398620966273356,-2.060530141676878,-0.004316063198505735,-0.0325473039984816,-0.00208953657099812
0.0016708990673261063,-0.00019468760876996903,-0.006633879675358661,-0.9140896788862206,0.0068894011227668694,0.0006163290267450958,-0.0011213312854535357,-0.006098522019478478,-0.4087506542288358
0.0053859601222780995,0.24659473796730724,0.0034768399458583055,-0.003953948527498856,-3.0895208582412037,-0.010498344493688583,0.024837911158794634,-0.0021897797721889423,-0.0012301248123331929
0.18329095150280433,0.01206232452016587,0.7519577878838917,-0.0004500923126868391,-0.0011513574654414271,-1.214753517375037,0.00016689753930109602,-0.024636979121692,-0.0016356455522598713
-0.012368702422276896,-0.007469986620308906,-0.010254970559323713,-0.0017746252410233742,0.022247475454660673,0.16915675979997566,-0.011912385430984461,1.9469134140960074,-0.004279746418173549
0.0058323185368161674,-0.0001968030503811148,-0.0021308749310070766,0.002237998277091752,0.0012485597791714988,-0.00019348372051504275,-0.0012742232969908448,-1.0591543878251044,-1.7246207167133174
0.006586871669377236,0.003681204281399418,0.0016123738947554766,-0.001778022549112568,-0.010491577502042652,-0.4895528174829334,0.004578064003694832,-0.004260998765645416,-0.0005933485709205166
-0.004146709124559306,-0.0026930590225574536,-0.014096777839597011,0.11721394074918084,3.313681843749796,0.028561416249916205,0.0030610325212668864,0.010192816197589145,0.005456384118161439
0.0009857522573118085,-0.0068902183494491676,-0.0008117126803667807,-0.00503875626025014,0.2823328182162599,0.0032026251284318803,-1.124255500490165,-1.4214212385968223,-0.010365788202851764
-0.005527694500099371,-0.10908671211343197,-0.011013535825939023,2.4726783584598633,0.0013601330017601722,0.0008968555129307217,0.0009775371561424665,-0.00043175930706891975,0.006496741658972276
-0.004741187791084761,-0.012636403678175034,-0.0006086280569224491,0.009324335480967158,4.88523153904492,0.010413930335632926,-0.0032238986087701014,0.00346467260286884,0.003900698478698712
0.000916314070764897,-0.001918216976035649,0.01577223689626521,-0.0018712312366056954,0.004055641009302377,0.0005006064321279853,-0.0028737456006150447,-0.23169330510729597,-0.001744759278219571
-0.006344145509963611,-0.014768998698843995,-0.006007257928673838,-0.00014244628127835397,0.008139089057961721,0.8269353782876545,-0.7368011301501274,0.0027972528338855805,-0.0016713233009764223
-3.539799405122471e-05,0.003746280422466124,0.010555338724468247,-0.002666299236607001,-0.002016894473325306,-0.0006832060491610357,0.0022187108405586895,0.00020985475810917774,0.003080187315928815
2.4240599217819486e-06,-0.006507159743290704,-0.04500190530004984,0.02292063234082206,-0.0030415729918334927,-0.001661928164146552,0.058987813164990556,-0.002512492020575515,2.260542449396879
0.0009164848778409991,1.6694272722558519,0.005214222093077325,0.002037802509701333,-0.006714937091516333,-0.0014869265870397796,0.012315167312261188,0.00229863438051809,0.003444735674900593
-0.13317202559515698,-0.0008282529799258087,0.002468779033581642,-0.013418483727854376,0.0019082163628063782,0.002836142864997851,2.2246463735636577,1.4019754661848653,0.011072792343808452
0.011847569099624698,0.005307587594977992,0.005018128755721152,-0.0026844079842740886,-0.0029934376477826147,-0.0035199964541658977,0.002205028642177906,-0.01920239729622683,-0.003077771343437192
-0.01846441804426701,-0.006300250969257987,0.008628121006149297,2.552502164678934,0.002121670381895197,0.014715510799391388,-2.1127135578211638,0.01656898765941035,0.21364920039078195
0.7859844186294052,0.015761598743834947,0.001887379031363913,-0.7327178361453632,-0.002125070249364293,-0.007859318269987989,0.01543669548862596,-0.15696258237390226,-3.252637303003368
-0.4308286099491456,-1.9732434482491785,-0.00514308272806056,0.004498657220024222,0.007289836756761224,0.03625338020244452,-0.004758088220562846,0.006711511362576826,0.002997730298300757
0.0018435157226384473,0.003774465167946075,-4.111193340335252,1.7002830828684776,-0.0022526811387241883,0.0003029026063397977,-0.003385313143863849,0.004401272217874835,-0.003168141176331152
0.001236350281186932,-0.13819743700044773,-0.010300792147402885,0.007919734033395187,1.7902365348732978,3.127163723770506,-0.0036134314175879784,-0.053315073527824275,-0.0022753930256690993
0.0022001312377576965,-0.011212568934909378,-0.01430284033542793,-0.004597211986090697,0.017469871554310304,0.0020113979157909273,-3.426277992886194,-2.60620804157604,-0.026082811522241317
0.005302171835920737,-0.019701114366108625,-0.0012071213974799017,0.000986782625019264,0.040055899079117774,3.1949573495574244,-0.010396995656356184,-0.032403032168491344,-0.00401444194877738
0.478415636310926,0.0013619765382156396,0.0018690390215751148,0.022421947358968262,-0.007846187073587484,-0.022340757266007566,2.2384291985578635,-0.03939075566336768,-0.0010672740322921577
0.002019715851925133,-0.019972578231751505,-0.17741132467106613,-0.021293659526740283,0.0057048243821872235,-1.7505343515750684,0.006438623300134144,-0.05929759566519227,-3.712512462233041
3.6838911025118892,1.9397083852518158,0.031575641989140465,-0.08241891906080238,-0.002581086381209588,-0.03483163380942339,1.6071045438792657,-0.009742622498042086,-0.0012384603552312995
-0.000982379466067172,0.005234035930515283,0.0037287590031441446,-0.001119367461515931,-0.002422776991068765,-0.0005137641071801566,0.0071121371566232865,0.015443130681806819,1.28945236489787
3.724898156380112,0.12640970856921502,3.738534388123658,-2.8760812658481183,0.9420438938914328,0.004982024438280053,0.00254621782015884,-0.002881523155886901,-0.00427108678470467
0.0596457960422174,2.326477914857576,0.0013293284097184443,-1.5899680359523687,0.004556525746684352,-0.0009913364826273849,-0.0016891819613393186,-0.010368747764662884,-0.016490745566449628
1.764102409213172,0.019716233837017073,-0.02520679942397469,-0.012732657961710935,-0.004432642894562133,-1.0198458472831018,0.028358239807226238,0.0016990242238595632,-1.8627106695572966
0.6919874849453084,0.006138920557145683,-0.003567455543977718,0.0013529245487368011,0.018167971897486403,0.0005783647554288007,-2.965543344227501,-0.02005624089461072,-0.06019135255040492
3.551039791982431,0.011295798404093005,-11.047978368899205,-0.030673133818075987,0.00880328402061148,0.00029000736199354116,-0.0010137426146954454,-2.6037307256600375,-1.0147145677152096
-0.0012816219006022596,0.0013613748005586318,-0.016169556152517923,0.0033322330261099835,0.012237075923431715,0.007212514365476784,-1.2681004899442425,0.007215755551310333,-0.0024007142626750848
-2.392189039629444,-0.009165144220656918,0.0008757525978760235,0.6968887555466691,0.0023141447382891076,0.016817392937261987,-0.06329757770687719,0.008643130082064469,0.0004948388165975301
5.521675626132299,4.385009228281124,0.0163377962072645,-6.1926967628725285,0.0120794107415223,4.727300326598893,-0.04937507769382177,-0.0038166818417695895,-0.020029914498911672
0.0075064215634936815,-0.03397308053375664,-0.061792971531840366,0.002043160591601848,3.395561634817545,-0.0027500622045288775,-0.002964701520407039,-0.8613193874132401,-0.012565486774591628
-0.009274947924279029,-0.0031227371360638334,-0.0006542531623072619,0.005115499674596582,-7.412298999039113e-05,0.9739751341483786,-0.009451931298065278,0.01123394491075782,0.0013268438565162254
-0.005865183554043155,-8.107312746381744,0.007130407394384336,0.002387989730194164,0.0030680168081651943,-0.00016902960531463632,0.7825126366179482,-1.6413982628715218,1.4396898722199405
-0.0003951099605476252,0.0038442768855252857,1.9498411546973629,1.0773763220121162,-1.9732282765230622,-0.000532781321869763,0.0026984945716271615,0.001830102543899319,0.02686456675061691
-0.0035010063972618255,-2.7580608700605245,0.012182163672985042,0.013923729315055087,0.004303909812651052,0.0043530387554188525,-0.06042345932741791,-0.0005260635232353883,0.0029487733529426127
-0.0020170040779851073,-0.011557308737563374,-0.005523664399838953,-0.014896091533414924,0.8764360836176586,3.215842274433543,-0.002547801387238452,-0.004716524960593382,-0.004478522143819941
0.0082239699906844,0.005939511796470313,0.0030493843586151294,-0.10334539069546723,-0.0010255618695496633,-0.0025767761512502,0.0018301777449428408,-0.024340849203103566,-0.007506644847620325
0.0020485495864408666,-0.0015916590702617223,-1.5469050447332096,0.09946880517496448,0.00982122087625828,0.7335661517465972,-2.1920283786158894,2.3378324175641945,-0.004030778717931425
-0.00015379846928064724,0.006829916710468434,0.00236706355747309,0.0077092389353275925,-0.006790389878393652,-0.0010913866353303007,0.029359398367444813,0.015454409732768902,0.5328869249653378
-0.0027202089956710872,-4.090709469852397,-0.0032176117210919036,-0.020748415822657774,0.006466250304554305,0.0011341372199688143,-1.3844209449802127,-0.00030722746470133577,-0.0037844639774126327
-0.0009865782702793012,0.0033015737386631328,0.0064328734357461705,0.002218321714115585,0.006258530393169215,0.005835595468579986,-0.04562290927851142,2.9014987563345014,-5.875590703997977
-1.3257780685397074,-0.008196505727908207,0.0014299061346695514,0.011387725733667153,0.0062571538213613345,0.3289615297788987,-0.003378242706726379,0.0026149341800771795,0.006903048018297171
-0.00028234931713626375,-0.013944286603588145,-3.8084751848951126,-0.004152176797309259,0.0023545279301826587,0.000550439353568655,-0.006743617992727734,-2.3685578191453684,-0.1498102752439916
-8.960360386766254,-0.026316989113304795,-0.009656755394823073,6.419580466898866,-0.0024580663451338053,-0.00457411611472848,2.351407600453223,-0.006523686618514622,0.02295615984952737
0.18403907446223622,-9.329263046156666e-06,-0.06397621357714356,0.005434124948354643,-0.003858818916184059,-1.2256805061273441,0.015406160160903237,-0.014269253834261891,-4.515108517808704
-0.007159831481230075,-0.37208399906131273,-0.005740647489174546,1.416236843727677,0.004863022976801801,1.0399110524064668,-3.011765233316023,0.0018744968956836139,0.003319608559377964
-0.005053279590185845,-0.01548052308506017,0.00804611055901439,0.0012367087955707644,0.0011486522810344039,0.0005355054776440543,-0.0018968784739684065,-1.075691051138716,0.00799468361770765
-0.02941201581536053,-1.0723788188587546,0.0009453981276667071,0.003366595092047023,0.0009366689264485289,0.0021545142162004653,-0.003611736369192514,0.002536330824496935,0.004318924823690628
-0.028411834908212752,-3.9410150007491467,-0.004462333103597255,0.04276940886742059,0.010282510039776205,0.04887203819953523,-2.5808699994091846,0.006386748557026395,6.766683227735751
4.2397254971889895,3.768061596584012,0.01592922556994056,-4.89814836867341,0.05290664933923983,3.7763118400335536,-0.015944145204844246,-0.006530889494463477,-0.023852420658645873
1.1874166857737407,0.03757778716303924,0.005876050323914462,-0.0050853004886415734,-0.006613799228439264,-0.03539062310738726,0.035936352389691194,-0.003613258332777526,0.0014093976802287446
0.016364353072697985,0.0012612521822930596,-0.0002933281614209103,-0.00534538568020745,0.00021470230767875464,-0.9493278029302217,0.0008622903493030326,-0.018601745046522067,-0.004121101139705926
-3.7256138117268702,-0.02158987915791986,-0.9957026591995436,-0.0024836457387149963,-0.0026853664790913306,-0.0025065261206386634,0.00034194273056231683,9.80991072910926e-05,-0.0011091388065005703
-0.027496881601124346,5.6195895835775556e-05,0.029648538582674064,-0.02216501898264757,-3.0660338513144882,-0.0022802369890124463,0.01241113595810816,0.003007451887700365,1.6449575110149892
0.003424271749413711,0.003111832514117605,0.008855022895786494,-0.016626783822837044,-0.004195218098457139,-0.7822553734908588,0.0018221426546132964,-0.006176950782327972,-0.0008539028670547294
-2.3504239163010143,-0.0024562300865312164,6.490686403206259,-0.0013243150431034203,0.0010617847195943456,0.003433240769095805,-0.0017517698779973712,0.005364835625602523,0.004328416848332392
-2.1859943930494614,-0.006582770109884105,-0.007755711527431479,0.01407889710643047,0.007418730910261358,0.0757527089675332,-0.002138452078853985,0.01693212090378393,0.0013175040218199388
0.019643917091005027,0.13086610759668751,0.009592189485750949,0.002855510303703372,-0.07069251947635731,-0.00900286361474626,0.006878652653984157,3.235262556648138,0.005751586415700172
-0.013061360883664774,-0.09802589123140781,-1.8847960898593552,1.3773134992111018,4.445804635159199,1.3419964703285103,0.0039026077403815224,0.00368543285948697,0.009662465714410607
-2.062681766647478,-0.01296802318255488,-0.035594759707373635,1.4842944995453675,0.0033221925619511747,0.013633419936121167,-0.0035950439908041185,0.026534618621657274,-0.0006327980264028005
-0.0016392466316470442,-0.0032864833966515794,-0.011395455481435897,-0.05818994754153026,0.43554053145157834,2.1659708609971293,-0.0022159893490201754,-0.0007793876404595668,-0.0068474332979611835
-0.005961601203478769,0.007019431534608475,2.8016306426864257,-0.006554359013690912,-0.050780865851125546,-0.001604870687847336,0.7901116451938985,0.023792508736948072,0.0390552854747034
-1.1078003344989638,-0.006076188336496381,-0.006447968867801938,0.007096061443226403,0.011683530401786199,0.4005473868209828,0.02156246354469607,0.005861255908439896,0.026049694864639858
-1.197803081461803,0.009931156820792847,0.005349986074326921,-0.025528340997768587,-0.01864892972868304,-3.2279509415679444,0.51042864994516,0.014050091411986307,0.008388491516565545
-0.003032899583469296,-0.012157250399786105,-0.018217307746654726,0.0017329521115432467,-0.0020353576020077924,3.7769846044308237,-0.013954315976822507,0.0038205778728336833,-0.0026020594980568565
0.004594678540008529,0.013217777490348623,0.001406747365650176,0.0019651114525662174,1.9583684458934445,0.002566476625965007,-0.1927660775702998,-0.0003973628958166154,-0.005650944062716014
0.008935894706585717,0.000792740676605932,0.0014908462821258206,0.006900079187143516,0.0007121302686281778,-0.00016444302144859833,-0.3927379687001889,-0.006053013967639793,-0.008036753028503154
0.05613922893657408,0.0385170201362518,0.009480756403538276,0.002291506286934605,-3.7866091794332006,-0.06469714938394722,0.010858958329818312,-0.013718439331406058,-0.0026815400859933614
0.005468298942370914,0.02125852705350778,0.0037329859537134197,0.004736237782305768,-1.2053928682512594,-0.006291606258169782,1.2898551924020758,-0.0019654559455848705,0.00044305441832154235
-0.011700488863662317,-0.013767097139939899,0.0018670925390265815,0.002975636716516846,4.013153759900659,0.031603722049966976,-0.009755808025119422,0.0067711574211694915,0.0043047309575565944
-2.3899682827470468,-0.012424726552934473,8.547526438411875,-0.003174874320727592,-0.005538505811749212,-0.003825044359993611,0.0030942099614290324,-0.0019023381838108849,0.013060195998489788
0.16002998052751458,0.007318575572283766,-0.004435534614801319,-0.08697698063313107,0.0026520585076245107,-0.987502826283031,0.0013071532461932794,-1.0050742258165217,-0.049114807137939115
0.027863800752862346,0.0057882525417065536,0.0012230815179951925,-0.011037262574148282,-0.008752993593054963,-0.01495930667479079,0.0006701226678334283,-1.9851027172203242,-0.014655253230762229
0.003701540890265799,0.006428366403171311,0.005439699524784061,2.520999934087616,-0.006913975600189319,-0.0021803473324506256,0.0021340803908029933,-0.00016484901191670371,0.002509421603723255
-0.006763518639272385,-0.010064533655511014,-0.003011312250466547,-0.0023261346981508606,-0.03257799194547978,-1.1159837603460083,1.0315386356565357,0.0015138458074571703,0.0045163252738207
0.03378733740861098,0.0006961717517292663,-0.0032887301849079606,0.0014977266779657335,-0.012975975703289372,-0.9725857026289774,-0.002338668728347912,-0.011155545857876245,-2.404232522269529
-0.0008079899737248126,-0.01448713733570629,-0.015022209149674878,-0.00894532289200313,-0.010820962762483621,-1.3160157966740376,-0.004255300172743767,0.00018274860579505317,-0.004244685014106185
-1.6808276679146135,-0.01944749792956873,-0.022065568149143747,0.012933928255549143,0.0025583256781533392,0.4441036488607728,-0.048048822093842286,0.28633417696299157,-0.00184574748592322
-0.015290851190425975,0.013713615618779373,0.02317251207619902,-4.026758555486415,-3.623016997013864,0.0013297176733146898,0.014091274407024804,0.5270762892498424,2.3010589954734004
-0.0015472293330364042,-2.9283915967621494,0.006286476436115481,-1.0010441150229072,-0.0014690491605954953,-1.9509282025817123,-1.9875052490488918,-1.1529640814520894,-0.0051545872222387434
0.0018407841894504148,0.0005019337935393085,-0.0008128825845662623,-0.0202305189583439,0.0019722179749952773,6.639131045339016e-05,-0.0026564464340524414,-0.005395321367314793,-0.8024142637906452
0.014626607155288471,0.0011950942926842512,-0.017530757859398574,-0.009868995753267742,0.00814434773131456,-2.306372818461883,0.001207808980910885,-0.005992809408550136,-0.010137357305783093
-0.0034154729039286846,0.0048732030571893015,0.01283122811071058,0.004672471582228388,5.655901451886887,1.1645183147930371,-0.0051674687009107025,0.004720205119726151,0.0043861476029590455
-0.002772194463004555,-0.03780427461903658,-0.0008534415085407846,-0.0010275021353199543,0.01197731787165226,0.002501117067535527,-0.02011777395618777,-0.004102710654010849,-0.002259207237113594
0.004344347615554044,0.0013559567679776036,0.004021542010842782,0.0011310693361065126,2.4665310400065685,0.003713062316670554,-0.008507488334185593,-2.675085747324087,-0.004539962473398995
-0.0159308251222915,-0.0017255179479788792,-0.004055223074960391,0.06175731346284036,0.011480340145808478,0.2009129521940475,0.005579331052208687,0.2072179878451754,0.04452230543317276
0.04872142942512975,0.06729844515172036,1.6745227615639289,-0.000500897806715167,-0.017068985995746362,-0.03612453331209003,0.03347731136687437,-3.326754004850063,0.004811415971530751
0.4015860030511305,0.006040910626208695,-1.9695056756757647,-0.0075815375592791405,0.001901553632594255,-1.0374761597669826,0.009962438551664829,-0.0095623350327178,-0.014453207920165863
-2.7041521981936665,-0.024286573643386062,-0.006058512560862911,-0.013682892230787502,0.21570363609944843,0.061976067457342104,-0.03374163935827326,-0.0029202018294209346,-0.013871070272182373
0.004308342133494611,-0.012403778945181188,-3.242368395628703,0.025379803785654485,0.035551476873051394,0.0023708368640543154,-4.136928187409247,-0.01231380087215515,-0.002645188753997406
0.00018354626666823928,2.114011088430127,0.1775004962900562,2.3278082305881385,-2.5179070497187936,-0.000951115428929547,0.008155054926557097,0.0009856975412647763,0.01777404493631205
-0.00189708716452272,0.0031637805967120736,0.006805346769064201,0.0028790716833630124,-0.024857854289190857,-0.0022314696227348687,1.1683581041833,0.0040492731371011784,1.0184907313697888
-3.6307314282849132,-0.017481055607214302,-0.013285074657599417,-0.01427860295168416,1.0343094385829432,0.014620276589268344,-0.006045463566629623,-0.001679435642520169,-0.01193379766919428
-0.09434326242537022,-0.034291221392599144,-0.0005215171029404608,4.837999917544585,-0.0015312453815197191,1.74320517630215,0.0012024172978302994,0.003991853950882293,0.011832693941450062
2.479908898046695,-0.002787349039485104,-0.010788289558387787,-0.018124266150492077,-0.0007240586451298658,-0.06240184925278619,0.0037902956657304143,-0.0433820618829414,-1.046103752400085
2.053240774621769,0.052955203996079475,0.5313968166621224,0.001273411234687965,-0.017973214854167363,-0.03949052663857021,0.01411522485719606,-2.896143789855726,0.009710932940390354
-0.00811342117235498,-0.004227815660825975,-0.0019049885108928,0.0041466569039880895,0.005196275338887335,0.6932589991005951,-0.014014391814160296,1.4329291403151543,-0.0002334761014975116
-6.81110103740719,0.04886973691764474,2.6009162513184774,-0.008995578719542558,-0.008689030812921633,-0.003583816340885519,0.0014857357172851013,0.030384083732591306,0.004793974255571126
0.0062701890374572905,0.0017164967445771637,0.001391688397047232,-1.1583704300202537,0.00020643545147683946,-0.0011810677139800216,-0.0014396520954649094,-0.5430076202526404,-0.023603363932542313
-0.005509765251827517,0.0053476073849388905,0.009212014948587517,0.00018444048878371068,-4.356619051998024,0.0025080475454056783,0.0005461084715310985,2.3010640671806177,0.007291586823690306
-1.82193195275197,0.0034420287508924036,0.0006366290675068505,-1.7966264596965362,1.8638776044981333,0.0063820852362890396,0.020857960576251357,0.005050835446342626,0.005301153271093361
0.28590142564988597,0.00904321780114506,0.07171606268532621,0.007484297738159937,-1.936079443748465,-0.00786664765775992,-0.01351688638402566,-0.011758236983013403,-0.0038984902184123447
-0.0011528595373239397,-0.008847516062428326,-0.00369381745643873,0.019687802925792402,0.010947596298255494,0.7503635270025568,-1.7232499169206044,0.0012047335783261157,0.00020067774468263556
2.004365191328947,0.018238252264919708,0.036916385559258746,4.407533289408368,-0.024155518705145873,-0.09036988884175057,5.538447978420744,-0.006178297392017071,0.008318654949906135
-1.2026211854826507,-0.0003815680400247308,-0.0017059022520321578,-0.0010719849733319005,0.004082133359015486,0.7845753947823222,-0.00187355070724083,0.07856876306667496,0.0012734011689081726
-0.11287022433127089,-0.009147722670887,0.0007090400597097243,0.012927753335144343,0.0017718705031039839,1.352181941322248,0.00444620673485252,0.005915857542021133,0.9971939625736184
-1.5496996527437958,-0.1535164501895811,-0.01704008580959397,-0.0030873017951094798,0.01164291812005444,0.02343460187258463,-0.8989744042299666,0.0027701049052286496,-0.004187480384774267
0.010128945744964622,0.038004850605006434,1.5734736029646865,-0.008498617559461685,-0.015482246001997012,-0.019706147699778177,0.02010919464732113,-7.02589901093325,0.00480996429944025
0.0021423079827827063,0.0020816569224912573,-0.02735624953997201,-0.008472127286123184,0.004285563395687808,3.673935963574372,-0.008483355858472097,0.003403551131112209,-0.012007227354169273
2.5414222919633467,0.012460436500572658,-5.420810002963288,0.020500333534730283,-5.927141072354546,-0.0025496871255246134,0.004208457261318691,0.003808081226103016,0.0010254648424857654
-0.005017005412690234,-3.4400088256472756,-0.005344180658058861,0.000837164758575093,6.31738714853978,1.8042027311850504,-0.024337905914624758,0.005650386692542586,-0.0042348719267115975
-0.007560982261529254,-0.008707645740733995,0.003037254025375618,9.697449751793389,-2.1811969225857153,0.0027073255452882278,-0.03623784113995357,0.009407367893912319,0.006155535382317015
0.06823482164966514,0.0064442169976058,0.002494772757974258,-0.0019565420521960044,-0.009655424790980038,-0.3462093729952108,0.0005133163374074958,-0.008919371683891729,-0.004469163298247857
-0.7843998597054314,-0.023792862756079114,-0.0027248154548265434,-0.0018020699135814344,0.35540563702175537,0.023200016307906815,-0.0013714042214595075,0.00027477972297489236,0.0020248999357841933
0.0022560724748545147,3.544489037463477,0.000864790519445581,-0.003895679983415286,-0.00556695908598015,-1.4649673438974908,0.8018021830435895,0.00010287622742987529,0.001129909991770527
0.006778326261498671,-0.04572221578422497,-0.08571844937526868,0.0013672935579057653,4.16553069677718,-0.001380447761215986,-0.01518809572631379,-2.2736990603872522,-0.03218525474441605
-0.0027223713809448194,-0.0071394591158951415,3.315471167472205,4.121248658261033,0.01013829702310938,0.8647548044672815,-0.23272183500548993,-0.0006988178249296099,0.0010338973368107518
0.021640792808905022,0.04482769879570575,-0.008569340043304691,0.0068973228990382475,-0.03765012038938814,-0.9168533255285967,1.117088332173903,0.0031980416472891238,-0.0015695773769853214
-0.0018273178446776353,-0.7053526488611368,-0.009730564634278936,-2.256480279742659,2.193400804198312,0.0010449614432180288,-3.5039072914367035,-0.002810843061510775,-0.005752224095808799
-0.0030670728401211364,-0.0005986485468413849,-0.9332960518444605,0.014653503380621415,-3.054630242719211,0.002144657969585642,0.8222913155311672,0.013382068111040573,0.005454340912630893
-0.0006489129609118491,0.0036657085895245496,0.003073219611495486,0.0011955347381890648,-0.007965179749797064,-0.0011667045448180147,0.005435653970993181,0.005232553901811754,0.0073731456436236225
0.010517345592231268,-8.299516577623297,-0.025159940415258625,3.906286588123366,1.1028578560008455,0.000511148195146166,-0.0009523574587865652,-0.010136543747370956,-0.010988124413167454
-1.801260591946074,-0.022018988252189398,-0.025749712577478115,0.018909668079102666,0.006689779160159587,0.46487831027859794,-0.0028862417909278,0.7343995959393256,0.0012110990132144922
-2.1701890198991087,-0.01608053301375212,-2.7506309899919157,0.010396511327273903,-0.0037723873465025162,0.0011320959052471234,-0.0025303898194649135,0.021003768111266554,0.002663839935566542
-0.0012055963408106468,0.005664616126728722,-0.0028336954137590936,-0.0023315135751290905,2.2808022035804747,1.3400903331196954,-0.0015464258605994569,0.005716919196324666,-0.0023274540011265932
0.6799309096928028,0.0032066154269299314,-0.010990646358215828,0.0007232424927552457,0.0031698627923059546,-5.166316850524615e-05,-0.0005330470782626807,-0.005016071109529832,-0.03057023557479391
0.002943356673490584,-0.0009858189155171337,0.002247808884704584,-0.0005381489915223525,2.339882303097902,-0.0002292075105897462,-2.750058603544693,-0.007222116846949057,-0.003106497943320609
0.061826415402454135,0.012775692856029804,-0.00430792767662202,-4.986293295960918,-0.0022777683235451623,-0.005323896252143984,0.014508728332944337,-0.006625762837478155,-0.01138070065525381
0.022703587908778897,0.011058497697755756,-0.0006957460159876458,-0.009991668098186112,2.3041023755431547,-0.002762427875283968,0.0014056110872457774,-1.3067255050791327,-0.013704948919670959
1.8262162263353232,0.009570140865017123,-0.0017982279068306803,-0.0013234105398396549,0.005150516710918714,0.002822956330792439,-0.0046488294250218685,0.0012039067002591742,-0.024938403140563295
-0.001576412535865608,0.0007653215231661348,-0.00802186159225906,0.002079560676521458,3.3809377142241233,0.00414660540801072,0.002252965394342328,0.0037949451221772207,0.0008820407460599202
-0.0005828222230447736,-0.0227891160099162,-0.0037956561456784915,0.0020009547069761435,-0.009696088741252856,-1.6559205448705938,-0.0020259893158843384,-0.0017946531650305493,-0.00039237234641739324
-0.012545113448348378,-0.005093410250545471,-0.0033947888060680007,-0.07851537988256582,0.1586467896912669,0.018352355637612224,-0.009852968381940056,4.773747761833349,-0.014882198945918385
0.001968515886837649,-0.00032370914899632064,0.025428410209504704,-0.009582523827609515,-3.6944444089561435,-0.022287605667749066,0.012744159682001665,-0.010616805118413009,0.0016533609489191338
0.005852479798142599,7.663304780213373,2.4850800519414518e-05,-1.7043259771931327,1.8652502720351407,-0.0008168680046673482,-0.002273556760087239,-0.006015836168497629,-0.011336411731227458
-0.005246349628059778,-0.0013502140430832381,-0.3312705580895596,-0.0035956594229063677,0.00017983254680170157,1.2834863020783072e-05,0.482736882004135,1.8443443346164226,0.005084468773451603
-0.004804160709580341,0.0070219634050825985,-3.349322457770487,-0.01612456155690109,-0.011019093636724913,-0.005088020513904265,0.7042779954547836,0.22992249567458378,8.309216262888228
0.03853728767978298,0.0067910968321758525,-5.525038826847389,-0.004758901385414821,0.032911980094691096,-3.4053124830800066,0.004272168568574708,-1.837940334912231,-2.738040024453227
-0.011324704979953608,-1.5812584205884281,-1.6509583476234786,0.01681604901971798,0.0043409657430340046,0.006460902909589595,-0.002222989701773162,0.005989387306675402,0.003955128449192103
-0.002231669533619557,1.9831481002494935,0.010664116165238227,0.0066958024720366605,0.004764805250034365,1.8102004115061994,0.003513403626939804,0.03873053080192135,4.201550972792648
-1.4337115042145614,-0.009790086267203929,-0.013834832972503527,0.0004953114457392216,0.0012796106421575498,0.0016312457356922449,0.002976757770169494,0.011714030797662714,3.5719081052212704
-0.010139307804167396,-0.034607501017072384,-0.0002548165893736746,0.0008233559719522405,-0.017371854134685255,-1.0854504899582733,0.5295068986592555,-0.0017394983751580842,0.01051529910586743
-6.062829097236433e-06,0.002479972321642071,0.00179933459124822,-0.03900711580518798,2.0438865999113016,0.003891663128616746,-0.8078271050422932,-0.0009274243356766684,-2.213441186041389
-0.021331373786210958,0.0011798134038001062,0.02574059098649656,-0.01653890942773848,-3.070885968160713,0.0004347599198723795,0.4238906588143403,0.005892747289691608,0.015628634436001765
-0.0023733917696199744,0.33499164136290016,0.01561846216003806,-0.005291932247615684,-5.836133591865934,0.0006121546062896888,0.01359966162145038,0.0046220487718282265,0.004073447364732892
3.343196404170801e-05,-1.1280786866221657,-1.7489405293065081,-0.009367681250727594,0.08659554827689808,3.0262921435906582,-0.0067194291667949935,-0.006307916201924155,-0.009325959074926317
0.00561335983003898,0.005110490907239695,-0.06727681726510654,0.024408020862880422,4.6841936460655855,0.0007685799721860176,0.0026657568471625615,0.0003464019960637485,-0.0026558362066115768
-0.46629740259308505,-0.06712957816698772,-0.005030759460200806,-5.849093179273267,0.007197131803659676,0.015973824150525617,-1.6354842743954883,5.191831709532128,-0.0014955260997058378
0.008679772744307406,0.36803904495773376,-0.005158252582657805,0.04421776256263154,-0.002823080303319279,-0.0009805978921788652,1.4394232888662488,0.0015745646134137188,-0.0006691729375783327
-0.0005340146431432342,-0.0038746874867598285,-0.002533788827853763,0.004908943332660304,0.0045332270936548945,0.00216305791835341,-1.8946985648544525,0.0010015548575866874,-0.0003514034222961886
0.0031371574403293626,0.008709426527846884,-0.003114036326083758,-0.005583015079350542,-1.3288695127632955,-0.45792871638421073,0.08632923617744809,-0.0005585104061081765,-0.00076244357748791
0.019864580083672055,0.8637756900170837,0.0063335394614197,0.0037006752945827545,-0.004138319162091619,-1.3775427490568006,0.6172398999974877,-0.0025564916783881904,0.0019245603267414296
-1.4471119356448412,-0.026256931459763006,-1.1412949504740142,-0.0005437414703538775,-0.005260866370712269,-0.0026270129763226145,0.09725387905073077,0.002788241637353883,0.013546861076683184
-0.14707201414508841,-0.0032418709874400212,0.004600070560446333,-2.0284594438671246,0.005412112043178976,0.004291633373492192,-0.003801399482807742,0.4294920797179047,3.9708426218256285
0.014435057519517014,-0.007079080584020125,-1.3247727745991642,0.003237493637054889,-0.00556112538854275,-0.015685217576850596,2.196342466457249,-0.013897196139289303,-11.034364996362143
0.0016597385623897572,-0.0015120350596608337,-0.002294875930230735,-0.01416701454314351,0.0011558524185937245,4.538064886408811e-05,-0.0030168575025545695,-3.9732636066063822,-0.012524921620891402
-0.050642960824951365,-0.007111177058370872,-0.002395256734162887,0.0037448729362969608,0.004374731357907065,0.5155893812800014,-0.0013313093495768598,0.010397363397834128,0.003822750303218275
-0.027029171677016864,9.329763305499108e-06,0.006800973299021516,-0.00686223995858593,0.002622481487132908,0.0026563196507259955,-0.0005968891814935933,2.5947560248930563,0.007661867979750006
-0.07269138690248358,-0.02093430451392566,-1.499333151890077,0.016952856930217988,0.001338223633882335,0.001999000377634673,-0.0006084513091474848,1.3602531044508597,3.1191822521924806
-0.05305752372375677,-0.02470595685443812,-0.20702161478815517,0.0028473835050753693,0.004311874065541888,0.0047033841241624725,-0.004283430044704816,1.751551076384566,-0.0005276119819520933
-0.0013680375063830174,-0.0007353532973160621,-0.0021337315144651678,1.2329270714424188,0.0033972698122998156,0.002437632560105749,-0.0008075242034102593,0.00359381256868806,0.0017376460268613055
0.009285543387292488,0.005690549752746297,-0.0021396359430218073,0.0021463807954341194,-0.006043729797258618,-1.5541027116136494,0.000451993261033512,-0.000383236979642512,-0.0017686115859056918
-0.010395931859605873,5.816920333106617,0.0033068145959399345,-0.0034103636047883848,-0.013274978644333996,0.0004248084945319433,0.0028890822910487696,0.04341669588885325,0.005092865826244174
-1.4243902974962914,-0.006079686994506575,-2.105622757513223,-0.00407100301785653,-0.01013678110262015,-0.0018250368200020824,1.2503846942997892,0.04483466639282238,0.007622282739464983
-0.06426145421110002,0.001163995860183939,0.010106846400733302,-0.00461492839678786,-2.553535054362615,0.0014176463238919912,0.010812415986671261,0.8084202266713401,0.03819039154567157
1.3011845199715286,0.01052327533979377,0.0005460768495458516,-0.0009103675723141459,-0.009428902322294284,-0.4030352579161853,0.005058659941729476,-0.0014123652170917721,-0.0006239149021685549
0.0005219051524767517,-0.046572210454588384,-0.04334222352444403,-0.0022997571756781235,0.7155895156091917,0.0019018140775755882,-0.01108006449630491,-0.021028431916178203,-0.9790103661528837
-0.004909416107174593,0.0014741768967635252,0.0037784530931661633,0.0013435050654989275,0.005948763840429187,0.0038165274335796584,0.0003343125536511629,3.0429350814444547,2.745656264092961
-4.233213944502084,0.003986151714321849,0.0008675961068346678,2.8313331954151404,-0.007402341381706937,-0.0025580759341568816,0.0074820782465937555,0.9549081904162681,0.03224321903278354
0.004064992747321812,-0.0010110314982804403,-4.220467025634143e-05,0.002677033727513445,1.7082184230672772,0.00750341861544071,-0.11275033432996953,-3.30143483856191,-0.00975620040847551
0.002761778850096897,0.03250971282015985,3.268295308281073,0.03356432996996109,-0.5300660055061824,-0.0028404455624666397,0.013544298424066363,0.0044523830268654325,1.0187825156186048
0.0013243788796988604,0.006178476235501074,0.015576704146076066,2.2196234839427333,-0.007965063781353704,-0.0024473435323226927,0.0030564392726881067,3.951411995737956,0.02272484091108476
-0.00149342901423925,5.9816443083165506e-05,-0.0009823910098322713,-0.009689041620161595,0.04794771627371163,0.00590494904505508,-0.29688604703013044,0.0024638045912767897,-1.3434333587369813
-0.0037908219682290245,-0.019372443161841127,-3.9677871659469357,0.005489484952796308,0.03957362523817782,0.007153630576514683,-0.005503799952503757,-3.66574709675663,-0.003916451311588021
0.0026174902665924695,0.02992731358150219,0.019686756928616336,0.0004095189385660996,-0.7499817394903514,-0.004419844913582181,0.005490554634490066,-0.00012932287947822405,0.0017437504663827897
-0.012450714615827002,0.00627216151793164,2.909497835834809,-0.004988132268969117,-3.0918638340265048,0.001282044544351213,0.005359820562998855,1.155613200964316,0.01717791966343754
-0.0026072322264168325,4.112467429383782,0.0003048037694110828,0.0004247885617184111,0.0038818055708370602,4.53434104972235,0.016665625292557773,0.0037797688116161634,0.0036303626726798197
3.7658234407701756,0.012513998868493761,4.563253123650323,-0.0031330890089880468,0.0027642627231467265,-0.002109864174333887,0.01422633101695657,-0.018352083582402413,0.004378133068030116
-0.008872325539492045,0.0036703972789836952,0.02931644103578017,-0.0025202501696760145,0.0014181451727801053,1.2726827538904804,-0.005356907689521184,0.003448018686809645,0.002490656462118374
-0.00030492103616770565,-0.0032061217515659216,-1.4818828311625227,-0.001495135619418366,0.0004594439504830329,0.00028455537214567986,-0.0017340014825781708,5.751830886422906,-0.009616943539990097
-0.20503942730438043,-0.011796097971392201,-0.015482003774266964,0.0019150812097478258,0.01473706631785109,0.014664728947108284,-0.00035602098295499374,2.316357876239352,0.004523518486582716
-0.0011839810479201147,4.620357237394583,0.005691428547991331,0.010109729861886137,-0.0417882087610742,-0.005840000306407767,0.01639449518520522,2.8444498696290017,0.017795280684666008
-0.011847061904468596,0.0010511811116114683,4.88827006514956,-0.03449776293017465,-0.9143998772732276,-0.0034038068059097995,0.012047069357784847,1.4233501595379345,0.03541796054378585
-0.001409708486197722,-0.007937175455715926,-0.0029020504584866486,0.03536082605068828,0.0148081332609465,0.004306120712388097,-0.006638929240966518,-0.0005951074196040678,-0.00021155748814167868
0.0103918781370447,-0.005155681716604563,0.0006403944156547535,0.0039502150005593945,-0.09421117473322088,-0.03899600359207654,-2.0131854992375318,-0.02928294028080229,-0.005017260069442739
-0.0025302733378393992,-0.00012491514663641283,1.8537395074349434,-0.0021564305121770343,-0.001511633416797959,-0.0003698926869432056,0.003815035274454347,0.00024442126368921617,0.9634733416486252
-0.004053598825275064,0.00022433189903188488,2.964500409305423,2.2269493579069644,0.0001766971074539398,0.00507127426807942,-1.544415419721015,0.017189328885528394,0.018974744703672254
-0.004797168172936746,-3.117796108596096,0.004381042612656844,-0.008903701928972186,3.5937038003709763,0.002799106653685879,-0.3283548583612572,-0.0004067852795803248,-0.0013751546387245246
-0.3834203251813366,-0.07495350504222831,-0.005802839194394522,-0.009951617510881545,5.276595917078174,0.01980686501229656,-0.7587749063574605,0.010288383270398965,0.0009018382318271723
0.2364204223691484,0.06715034930423558,-0.004515724436301924,-0.0024882165969363212,4.007610717382022,2.8616388257159073,-0.004113741793935255,0.010674198529287637,-0.38364557668407995
1.318709972039321,0.00392463361327103,0.0003797374021541492,-0.006558393622058235,-0.005838067760198927,-0.10555927130953822,0.0036399422303938396,-0.016055625082094883,-0.003509447077324545
4.1643584216623925e-05,-0.0032553356801313243,-0.025047075788717024,-2.6989336964533424,2.904157243844288,-0.0010524299674015691,0.2899090817524174,-0.0016091285689544266,-0.0018877127648146245
0.0015991987577347808,0.0005746304980550482,-0.0065123551270044235,-0.044472270331210366,0.05673442614543321,0.0008301690120315341,-2.056132959687243,-0.002764206491430302,-0.0277164862882388
-0.0003834851451077611,0.00510329451403853,0.0032894602607609143,1.6850795996810266,-0.0024549132165966915,-0.00043619489881754686,0.9016089089283874,4.506637246085217,0.09031335703185706
-0.00021407332204481481,-0.004207237796018469,-0.007961867551055638,-0.0010944587363511964,0.65342007238959,0.0030660378316663597,-0.006043507455833718,-0.0006557943366767623,-0.00426331744085305
-0.011422523883349162,-0.0019573351705487506,0.002959656584021948,0.015381034043348302,-0.0002858927620499113,0.0011739931621096943,0.0006653385054913564,1.7040176947718921,0.26580627831350434
-3.3592578493055654,0.009617142128477233,0.029563086833841914,0.016285815362833897,-0.002048505431694804,0.0045624997947015175,-0.000466373138923358,1.1551388994469929,0.05378205079973247
-0.004215653876370524,-0.08148142294901944,-0.003523919016718941,0.3008917585677171,0.008360987985808067,0.5453716507278766,-0.06774456111827418,0.0004221230538699267,0.0003419195492019352
0.002283611857480689,-2.014290445521217,0.0007659347725420002,0.0015928789941198574,-0.005226794976020304,-0.003236143972651893,-0.004354200910478844,-1.1879740347761842,-0.001963972740523713
0.04501013239510057,0.0027858361350397084,0.015393396785120868,0.007138041456485989,-1.1245745805409975,-0.417565878128215,-0.0045108153451922425,-0.023383098822970794,-0.0027437484215924457
0.008203850309301135,0.007384901911014366,0.018826156380596988,-0.0027736900706158787,-0.00442923561767483,-0.004352459581933643,0.0030700351707169506,-2.53459171319393,0.000999333331860107
0.0016644058650561039,-0.01083352519955616,-0.004691914608486319,0.005304584379999526,2.0613740923919073,0.0019887553646802877,-0.02825839423616709,-0.0026710312774604703,-0.0031381025290235726
0.21323003618384162,0.02364162138842715,0.0011573708386725945,-0.11627448818329789,0.004852608147065118,-1.8324263630159001,0.002365781580469545,-0.00730051623737607,-1.7848864014636785
-0.007557318083377331,-0.0027867303095137656,-0.0011996654204813144,0.003557366893589805,-0.001051717679903879,0.0006438799225796588,0.0016003228498140524,0.015838520437875862,0.012840579655925768
0.02166697141136512,0.0011782505381593396,-0.044390470560837114,-2.777558837538583,0.0015469254352992456,-1.225874797712995,-0.0006029576394389474,-0.006079320372706415,-0.208566005841755
0.021431717799249694,0.004559717643924048,-0.002716857710665946,-0.014250373088126166,-0.0001357325379430785,-1.4908589156031469,-0.00962454970891402,-0.003943216619705218,-0.02755785017676385
0.01719855317684889,0.012044532538784472,-0.01279854485031047,-0.02731474739946622,-0.004113580594302044,-0.9501663217991708,-0.001372711378157629,0.00015285460227925122,-0.035827568544358694
-0.0021841814953024122,-0.006928314900187332,-0.005159577359987286,0.00527197693071349,-2.3530954074870523,-0.004941474015307409,0.01168410307472742,0.0006116874729767824,3.72275209668474
0.0008649378222551074,0.007608556620630258,-0.003680422897296129,-0.012867267966514329,-4.145697680944153,-1.896390113677601,0.005632454127521752,0.006407924200933057,-0.002422197823180039
-0.017631038921299105,-0.020656902794386874,-0.005622773447778211,-0.0012877132524252647,0.007033207502852648,0.9625415024990328,-0.0034925060216316126,0.0018548909127719605,0.0002218696696124657
-0.001102362440993515,-3.8547403112998,-0.5726662358806731,0.023600091542701512,-0.8025223638051511,-1.995700996845287,0.009614004858984823,0.00436083299122958,0.004244776257265957
-0.6397491777855315,-0.00956886211064505,0.002945783078457013,0.00999541788627194,0.01007441219326038,0.017967663108289438,-0.00040074641595364696,0.0016673922161383353,0.04929077627906083
-0.005317808537144697,-0.0052462728165448,0.0028239403197316028,1.4454169461806672,-0.028175487243861014,0.0006561633599955347,4.445132235569043,0.010173988901006334,0.038896655119161544
0.0040025778182205905,0.0032296996895703253,0.011468542004769705,-4.315072481333211,-0.06036879334133946,-0.12235000188344294,0.0030680572123160145,-2.9092569139741125,0.0031916986022761246
0.06391820132478968,0.002213845106089603,-0.004962837620767506,-0.00028942721618204647,-0.0018875432293168626,-0.8621624092119836,0.006017602621925494,-1.062630180120683,-0.004270156599652571
-0.006529607013075429,0.006527882455482692,-0.007950585866303329,-0.0010494065658270112,3.137128715318875,0.035688500990429806,-0.00018153474334136515,0.09037014244423557,0.0019574936584798733
-0.00048293075189304036,-0.005938494359025992,0.6837342526212333,-0.02686507993060513,3.028988678447263,-0.0001593821384804489,-0.008979074599511748,-1.02536193503062,-0.0021322900534679265
2.053503583522306,0.004144662444359685,-0.0017077666319227506,-0.001243346072325953,0.0052504202256389125,0.00201869275807782,-0.003022655953408738,-0.002197842906578248,-0.013113291335652512
-0.05304735467698053,-0.009840945171020188,-0.0055938865206057,0.011771060883946277,0.003764926344855761,0.0039014024926901114,-0.000976982803529777,0.020035259612259944,1.2269438949744382
-0.01094972789029162,-0.3140463317852714,-0.006611018215614634,0.007642659129411516,0.9778428371962165,0.19104036981065875,-0.0015488158785064692,0.002742537070259645,0.0035798876819335404
-1.8926304659179576,-0.02380575609466787,-0.005311306801362095,0.0024766811393729864,0.007852041306899666,0.0483353185394481,-0.06301937526761937,0.001770685554136498,-0.003407317837388261
-0.002625255232908749,0.004213495402386348,9.068255327301933e-05,-0.013100935589386652,-0.010724294068838486,-1.5810630441416689,0.003576766987916355,0.0031014910465801447,0.0004576988622918745
-3.0579901317095985,0.0029912283352209745,0.012703245206633504,0.005229229690121974,0.0011444458162228055,0.8072784842512626,-0.10586062355754766,1.50012901994937,0.0026348577429416153
8.51049310693098,1.1204416256621084,0.005548102612500827,-0.011988519252971064,-0.38949591903352676,-0.05580287736770162,0.21929019669792904,0.00425301835017744,9.052242767279772
-5.063390819026262,0.012247551816986543,-2.9071002566291537,0.00010317146479586113,0.017570983172038757,0.010881321765915539,0.011537122865064947,1.6848913666582364,0.006349904929271566
0.038877748205468195,-0.004205606752625091,-4.881295007301841,0.010460146615679556,-0.014501694351840427,-1.1654115372322653,-0.0015633970846747197,-1.7707065003580276,-0.008205419965944177
-0.0005387622418095161,-0.5956847785039757,-0.006264551797194139,-0.00025338428453307104,0.0015492416323577575,0.0001497131627850293,-0.004031906516632127,-0.004786438730860612,-0.0025999884857583638
-0.011802314806922762,-0.0026389454373783837,0.0023900135139816626,0.012517172848704633,-0.008222915139335374,1.4412099754841505,-0.012681921088929349,0.6297910630972409,0.00352431688954067
-0.005915540918517464,-0.009117014652997586,-0.005145915233740021,0.0051454349183836815,1.0324053157669544,0.026037116918608494,-0.0016817867915304694,0.003970822641229591,0.002611600740061531
1.023172334753697,0.007627918412087143,-0.001985500887803398,-0.013650453029189165,-0.00042978643318434054,-0.00251936817131522,0.0006574052161612467,-0.007438870497548019,-0.9759742530116136
-0.009968728200334228,4.10591788440464,0.009301065288274308,-4.9324327003755855,-0.008181667199360337,2.2512393454323334,-0.007495062730840982,0.40347115443308,0.002833730836583684
0.05790104055463254,0.04327912433663383,0.0007645859770851166,-1.2804126877931232,-0.004452312584094011,-0.011241959090811575,0.014942653479429618,-0.005457732024098028,-0.005273319346587416
-0.002394734271896558,-0.05833433438352564,-0.016051748753771078,-0.00349044158330354,0.9879245678238822,0.003637828123344067,-0.01491288113394627,-0.0004418679394565836,-0.0034770954054672352
-0.06870672098306946,-0.010086145322805003,-0.0019851457164988297,0.001471768697530038,0.0019562793844377854,0.8392313056958853,-0.0040067684419395275,0.007751035990550766,0.002140198078504423
0.0922823324400159,-0.001551642184794165,-0.015173929707926165,0.04514224303596953,-0.01137569320163101,-2.4621257038556275,-0.04140734306661409,-0.00044073983508737934,-0.009006399893183317
3.986443544756773,-0.0002818346681849049,0.00020362560234325972,-0.000886383258389013,-0.002613371879113466,-0.02248103243613951,0.4886454259543176,-0.02661455760605458,0.0031466398288334946
2.223029180207112,-0.002756288844864313,-0.00850356076021952,-0.0003849649304254379,0.0036953256032959403,-0.0025952368862411923,3.89104486692443,-2.38674374064163,-0.009648449170769804
3.083227340835964,-0.004695308373755369,-0.006440480392981292,0.004343401621714777,0.00039594984833943997,-0.0037587705083037687,2.9391977679293793,-0.008075127999038006,-0.0022566653503550693
-0.000723882793307578,-0.1080111684529852,-0.002831212589235643,-1.3466773268199497,0.0007135232524876111,-0.0010724259311394625,-2.1395995428247607,-0.004799371401680094,-0.005694043956681154
0.0043454567574228,0.012501724763980789,0.0009342349002933402,-0.006103387528347697,-0.007334961862157254,-0.0039198203262926536,0.010960672875244097,2.5671244829698714,0.00311518173778972
-0.0010626651284433436,-0.026601063188184337,2.5841367870125707,-1.0566439754333516,3.2017122816980943,-0.0002262156121364406,-0.011493799160044078,-0.9483015266606563,-0.003032782699278598
0.0016800028836263326,-0.0024470943184981345,-0.001382522036176806,-0.004872856682711374,-1.5818162460346854,-0.3928497046868511,0.02063172503595411,-0.0040220777282595314,0.00026914206028477836
0.006365273351915461,-0.002779040668444842,-2.3624018594878976e-05,-0.00802051248530193,0.001134547880025788,-1.2012985355256776,0.00015841784902571876,-0.01936495208866504,-0.0031801278185308313
-0.0034122379648535706,-0.980578520539698,0.002017385348323242,-5.192214772825832,0.44164171159007637,3.470071855306543,-2.4020139137263,-0.04945906586247295,-0.003019420266063337
6.114544673543338,0.015926290697277593,-0.012713019985772754,6.510085049850749,-2.470558627064416,0.000422390893128205,-3.5502553132711014,0.09178933019578836,-0.03226786061879805
-0.0022284361983940723,0.0844059373251076,0.010866304180293551,2.169616852766859,0.007191731050501526,1.080561827123981,0.01415465264073612,0.004741737302622826,0.014290445518221728
-0.00908399314943209,-0.013602293542852584,0.003642409446218936,0.0167895348229945,4.536063215156446,2.1625686366954717,0.005834542997903869,-0.004836440858340563,0.031180329945013192
3.3327226843894886,-0.01503712114179745,-0.004993734252516986,0.022361980486762426,-4.172833833802602,-0.003554818268057869,-2.308138608578162,-0.006662764671646559,-0.003833602952641235
0.006637920484564519,0.012246747007614855,0.0015688454146487148,-0.0002607957796423657,3.936541045150091,-0.00013506107379102072,-0.375924848679154,-0.002625141704017113,-0.0075132891993886074
0.00025769767335542294,-9.760896493303699,-0.025798521334235602,0.018970228912788673,0.011549778730302385,0.9732340362742615,-0.0024067392901329643,0.003022487014052883,-0.0022090656060381655
0.0014177888349325093,-0.005464778751437275,-0.001053233979819039,0.08190235419963474,0.0008614981125871128,0.0008724748963851088,-0.006523973899129616,-2.920539801917582,-0.003036097142523668
1.0289361748276522,0.002766544779086227,-0.01770022056532579,-0.007279089157243705,-0.00025306894065170796,-0.0035081137056465336,0.00505371949014179,-0.014201988047749817,-1.1449577170403096
0.0010439343073250932,-0.004485314000891263,-0.09400432075424195,0.046629572683988305,0.80571409660588,0.024434823513987174,-0.24734513598124347,0.0035800220691836783,-2.6100114411436706
0.002446239705093678,-0.0019749371291565947,-0.0006183953947479989,-0.003063539654607216,-0.00025181144354352765,-0.000662723214813401,-0.0025682327067337134,-1.2556130923263007,-1.9444970492439593
-0.012955750563087287,0.0041697466596891525,0.012551200800639373,-0.0019259575626947856,-0.00040827643879504105,1.7075004924727646,-0.010056527499789414,0.9921935739667873,7.8100136288622615
-0.0017234486714657812,-0.0012445531399904253,0.00802303557854078,-0.03163673039233014,0.008990263166343783,0.0023315965532865277,-0.3972053212097525,-0.004103175352414966,-2.9749083839158845
-0.005558962740697912,0.005839182725142701,0.006391676166956767,-0.0038277007666837953,-0.007184442520546258,-2.339177714229769,0.06214146387564479,0.002016073785537755,0.006156922932007557
-2.569420386928111,-0.01228180531571943,-3.7640330313172012,-0.20397708468670728,0.05835900689465762,0.0955635721866237,-2.9656614743169945,0.002634751743735196,-0.017673873765014003
0.0026461565698158414,0.010827503678138886,0.0050133526544987005,-0.0009950685299663434,-0.03834076113496281,-0.0045464570051331095,0.041896378561921056,0.0018050801558314629,1.8350139140009978
-0.002109271053937015,3.4153917250991985,0.0002202336796467176,-0.05479819167079254,0.004062283049605375,0.0022648576543513525,-0.004679607859073752,2.1908060345268456,-2.3772240301059364
0.0036415027307343806,-0.012604991548762934,-0.7666880039143431,0.002041667461392664,6.8125026992220175,0.000425779152427197,-0.011957718719811841,-0.002477732062826171,-2.1051524035851115
0.0006719646851894856,-0.013603475184685687,3.8005461317828413,0.002267891132257671,-4.077044483603672,-3.5693481090103596,-0.013582372756732866,-0.016314880966707745,-0.0011758790396952587
-0.0024258893627673306,0.013225241098030194,2.394562174044467,0.00904768836818946,-4.727503848276416,0.0018453087734459361,0.00792790504684886,0.005730974810221879,1.1090314306663784
-0.0004397715698984863,-0.0006443776055102095,-9.228604355556065e-06,-0.0143874558111358,1.2209525606271323,0.002600718915265001,-0.001983739259981193,-3.641970837090558,-0.005854944618575664
0.011718939745804648,0.0012502841513681658,-0.0005784421570568798,-0.012736722644712099,0.010118497410199323,-2.4944536394035595,-0.001637216154339427,-0.9105989371584328,-0.007711517342136008
-0.015116780165458157,0.0045579376408834416,0.007204160805312865,-0.00023621142994258507,-4.452719689889855,0.0034140719989572132,0.016622609012767468,0.7584469765983655,0.025700251342680926
-1.1152247042380548,-0.020218194682882884,-0.001648498918991086,0.002912379929500659,0.009524757050620614,0.02174443017812216,-0.0061825368271143915,0.0008483850061488532,0.0006158787081505055
-0.014511188844733456,-0.10047171548908877,-0.023105363987245765,0.01939234591317883,0.008486987432924515,0.2482891819502865,-0.01056923495899631,0.005253237619554461,0.0011860723665466318
-0.0014325302443495746,0.01025897413014865,0.0014622875487241185,-0.004610728110673,-0.005222021301003103,-0.0010032811420596875,0.06978520754457071,0.026066482020322725,0.006881345164167692
-0.0012833150976430813,-0.023930824542769655,-0.005083715025766368,0.005309899451468935,0.01833869500479261,0.004416358952604954,-0.5609558192017596,-0.38004743723293144,-3.37541897851596
-0.001799871489677806,0.0030790015852052016,-0.002034282767833687,0.12404848936358455,-0.0042895590268095815,-0.0001245205302825538,0.18623294198035728,0.04142409219219707,0.03315604560987332
-0.0040840472974019,0.004482231424689946,0.008190049077035131,0.0011777235448414223,-0.012162650966124004,-0.0018567787910210194,1.7674029710438237,2.14390635225335,0.6065057677703414
0.000577320911997619,0.008160895465678608,0.017818584372729502,-0.02506671709809736,-2.1177636568058613,-0.004227332274591947,-0.0011159841226180134,-0.000816842713729238,-0.001069602268506741
0.49680768306679823,0.019450939918620215,-0.023497687369865572,0.0007527775504677092,-0.0058380460120439626,-2.441579609519353,0.00857690642644987,0.004136303616442627,-3.228441418577116
-0.00015923133893880944,-0.007166502335768292,-0.005342371716060668,5.666747813914182e-05,0.01264026136841036,0.0021460720563306742,-0.053944680939198665,-0.005376890719795675,-0.739923143357509
3.440591431912274,0.0035355645474262278,-0.02378897446039795,-0.07407427437873881,0.0005846721624114051,-0.0031940610018862947,0.0019996975463828504,0.000398962042396201,-0.04566376562606245
0.35893737964739475,0.01593088494673072,0.00709642804974908,-0.004240946681410172,-0.0016209496184047042,-0.0023170241038462736,4.8661329065180677e-05,-2.81141905276118,-0.007504230947956422
-0.0005904780733522841,-1.450803339854975,-0.0024499006367693955,0.006380302199233588,0.11386240135150742,0.009417315874614089,-0.023899137850602967,-1.7521973161895663,-0.004743816765705251
-0.0057568060165148795,-0.5189959402914717,-0.028665521131763988,0.012400427588657855,2.659297812547421,0.2526924963715991,-0.3301672142032055,0.005920375817308518,0.0011173049028499324
0.27565164872944337,0.003911418671904776,-0.0029652743147541693,-0.0075135949414569265,-0.003466057769730621,-0.7569215287626784,-0.0020228201595407225,-1.1933688371536075,-0.04471485546877743
-0.000647264596235276,0.00253165833890632,0.00468509370952642,1.445945642299515,-0.0024152596820541,-0.0007131402425405537,0.003840990869710862,5.52783405622055,0.016257795172094552
0.022078977238260664,2.2625086505277787,0.0016577905180281405,0.002741713238097524,-0.021093747734658858,-0.4942415841875043,0.006940607075293953,-0.001960148746710578,-0.00010662372508943654
-0.0072907863822942835,0.002439514877100174,0.006116578386494875,-0.0076764451165427065,-1.1497412871231674,-0.0027598919475200143,0.011332748320371917,0.012184407478634949,1.736868127798529
0.0033505356264237063,0.013868303582096092,0.002409699514545463,-0.0007193976402249391,1.546572743640807,1.330623793557665,-1.88157248042417,0.0018015667507561284,-0.006092940856165733
-0.027735866628938753,-0.003204256834818426,0.002842373790022553,-0.001559585732328153,0.007135917057797689,0.633292085696548,-0.008820874852721712,1.6496759363263858,0.0016762347926081098
0.0012659281067416604,3.670319463317779,0.0005775818589582246,-4.143110947978984,-0.003591994359845349,-0.0032384408342689807,0.07535091517698234,-7.356405971091739e-05,0.0016526316628361765
-1.9238365201859786,0.0010628069303304413,0.00035191394403860307,0.002439318490097142,0.0051940623099171745,0.6332414912198492,-0.0028233995063650236,0.27085591170674966,0.00272181656517715
-0.0035235338847036182,-0.007904812226460339,-0.014336964966445542,-0.004080010638247315,-0.002928944201207376,-0.001320335712664749,0.006884028224687957,-0.0006175975342749274,3.539244870854955
2.125472782000445,0.002456934673004494,-0.00047641600975037793,-2.292708870938359,0.00039084306408054825,-0.0011954709421023273,-0.006143374325367778,-0.004466583418352745,-0.06601033230711945
0.017442652912760714,0.011732532533940958,0.0010127839023378366,-0.029564679136842457,-0.005647643711493804,-0.012575417398313903,0.005670049638951338,-3.2504824196717945,-0.005075688713462069
-2.569444947358759,-0.9551565740893841,-0.01665722634116861,3.150618737166491,0.004129365383294725,0.004750862800455579,0.0002795644416761084,-0.00014009755274171627,0.0026036143409482876
0.005978460523081066,0.35235995671278403,0.6489299437811262,0.014055931404150533,-0.007615386229362975,-0.001601014490236894,0.003258474411901843,0.004886142076104771,3.132618783301175
-0.005229848788505985,-0.005676169104024964,-0.14625089939316166,5.5570559006307835e-05,1.76070552620134,0.44767100295137796,-0.00645389252296406,0.007952589482874979,-0.00227095118895382
0.013413272670250356,0.008345946879729277,0.0012078614457842077,0.002517826699268739,0.00040624065793435396,-0.000375215531677828,-0.0014462243778806739,-0.0027519664457044957,-0.007860760707151537
-0.0031723912585420854,-2.3352646926037834e-05,0.0010616659026771312,0.0074570579812633314,-1.3659677353006958,-0.0013328229857571434,0.02190069907340766,0.006331684305981824,0.9455919444223838
-0.007022639987569058,2.1554058273294636,5.787368522008729,-0.07234471715185024,-2.1650150904072216,-0.003398250095770994,0.0032972415386263512,1.3411107545485552,0.0035519358187423994
0.003958856445466421,-0.0017670297345230067,-0.014629327032680557,-0.0006637810720023628,0.005332164271647113,0.00035031082206743815,-0.0022064803095416057,-0.00987311377328742,-0.04553020698448872
-0.0006599682969544289,-0.12236349331791918,0.006555198589638628,0.004612334978151866,0.017629818319575052,1.7063172039028391,-0.013940551488949238,-0.021571197884393732,-8.884336063696638e-05
0.0032139142023630204,0.017517802043858638,1.5279849018264708,0.026137265637921545,-3.169839669455443,0.0005208353907041954,-1.1587301408170174,0.0007434930526715421,0.0008039982826924478
-0.005842521606933326,-0.0030724418167402748,0.014245386894050027,0.04476181991506201,0.003981680106793877,0.005876207236565028,-0.16493801016995616,0.009861623324873614,3.327040959465234
0.0038834575653113254,0.004745466119447123,-0.002733504867620826,-0.017767431886334825,-3.0214801255416814,-0.05625485484485537,0.7233573963007567,-0.005422978108991042,-0.003867381080141513
-0.009634680703836954,-0.006058327206693158,-0.020813611501430462,-2.6382869199802554,0.07175317460974817,6.737505525402903,0.09890578536340211,0.0006168383201421435,0.0006837472275025291
-3.301931005863154,0.0010673153448271955,0.002447035237090514,1.1503911444726764,-0.0041661312238155945,-0.0007697146932910649,0.005443829578474869,0.012305194644495091,0.09258572594563774
-0.0007763079515410859,0.003276043918703588,-0.0012773841302878355,-0.0054193566457668,-0.039842192491845396,-1.3861425819831066,-0.000606833960025567,0.004202468759926565,-0.0008138180273392377
-3.0433214338323946,-1.941758416101347,-0.001285093514901834,0.004759565416047111,0.0003915601419221537,0.0038608973819591373,-0.048292441380292594,0.0023247692366245246,-0.0004945298098007617
3.931785325175095,-0.0042560796784383,-0.3059882376233437,-0.022866968928283167,0.0034470956085578403,-0.0015509617215204653,0.0007418831833386763,-0.00807788172507154,-0.17071595350538127
0.02919332170908427,0.0017053159929454192,-2.966651298457159,-0.0015936073780673434,1.9668015886574752,-0.002023051774704937,-0.0013244076835529973,-0.62205185155959,-0.0941620713522584
0.003013238035886767,0.03225975271541833,0.004844207052360246,0.0013504272070107848,-0.01592442650270788,-0.0027736945741219073,0.022695844354011663,0.018317512613912054,2.1803571545795584
0.037313920206332354,0.013362887409129493,-0.0010074401564889738,0.0360177994502074,-0.0018888884841478835,-0.0019119334912165106,0.018622648610675505,-0.003708425950147666,0.0003249154717370777
0.004524598208378176,0.0021023586103330744,0.014533345105626988,-0.00024260623186564976,-0.0010157523865694752,-0.0006272652032652407,-0.8233295702543324,-3.07771690037899,-0.008745780242075257
-0.006365430885990045,0.00647461669949438,0.007766996335139664,0.43574639379594843,0.0007254762396217418,1.5255486416582058,0.04599668905678972,0.0049185863231764404,0.1073500491214662
-4.293341411644363,-0.024574643667310964,-0.032560767878068525,0.07812131129394584,-4.906005999839677,0.0009674468899319721,0.012117236864572386,0.006140925873647021,0.39668080299053265
1.0288767712901585,0.011252805563499512,0.05236060418046602,0.0037404236234431744,-0.03031737654712674,-0.7009454071482605,-0.003517751897271361,-0.0029876323410807162,-0.00026832250534851443
1.2288429972735793,0.00023340630302744365,-0.002656799200900067,0.004498117003466719,-0.0034568986590008885,-0.002052267456285183,-0.00834981802200541,-0.004354617958406297,-1.127624852503968
0.03623783625497787,3.5995401179937274,-6.455400805246598,0.0012211296758277493,0.0012145100518477156,-0.001687373920573239,0.3611181245268228,-0.0022715812104778443,-0.00030096523832499195
3.8247289844252244,0.009159798742826242,0.013864402498089429,0.028234065480816556,-7.067561921914896,0.010867763811055031,-0.0748973005396899,0.003775860824477728,0.003007629287528714
-0.004510944226441704,-0.006698304097799641,-0.011712392221904816,0.001544473151448015,0.010623101324012639,0.474313919120612,-0.02426293238549327,0.004985493161418631,-0.002233652835579701
0.0156851032393898,-0.015988456753869174,-0.23354920509584556,0.0013029288576023555,1.7194755715055234,-0.002193784184632036,-1.5754613277866403,-0.17364127481779926,-0.14453628409854835
0.004711259161315857,8.900335398620951,0.004529555302511694,-2.0069278233452903,0.9257155526915799,0.0008961012714717269,-2.631070070319545,-0.006560447233682882,-0.013502992741575931
-0.008459214972008855,-0.016454755856680492,-0.24339775336547254,-0.0001398318283907518,4.547907208408173,1.1718643663941162,-0.005578457498353662,0.011738360336577436,-0.0028148712871802315
0.004438931871507252,0.0054507177284362565,0.011433821819838201,-0.6153445959043915,0.0021626043951145065,-0.0003579458578416593,0.0004886731357046448,-0.2183626208155166,-3.2886638820456904
0.020860183904077734,0.1961833748023285,0.8956405772623246,0.012770318080700449,-0.5774787222416301,-0.011125266048900503,2.54820055584918,-0.005387628645154427,-0.00022252428267998878
-0.0016963805881887936,0.0020375263434587038,-0.004471229680646154,1.5540009641016055,-2.427921885809661,0.000927493535684186,0.0035917175648938924,0.011833660748572322,0.004527519122430559
-0.004563515338237286,0.05965251021662398,0.030039698679943175,0.014850986652734363,0.003655264562990812,0.8678061052184356,0.003658960436489972,0.0366639108352646,1.0896415859693867
0.008911657498125086,0.0072777978882761635,-0.007991462309311428,-0.0025749837478471135,1.0289256145574501,0.0009678801521083094,-1.6018490105787129,-0.0031884219484729767,-0.454072162109661
0.0021328312703489116,1.9869496738739167e-05,-0.0035495396819716944,-0.5686943577449814,-4.263655093677352,-0.019996250582237085,-0.007886179061800232,-0.0010802482994652293,-1.7539401368973666
0.008701452363763717,0.017101566598914146,-0.0014486081582617324,-0.07069154995369112,-0.2778983007703357,-0.016289395545939077,0.0004688142815848839,-0.0006898301944372352,-0.023628248591734024
0.00184003346707216,-0.0026449013893926907,0.000978487711074184,0.001293408922702747,0.0028483238180955607,0.000898069616295177,-0.03537879347822023,-1.3611718244928412,-1.4207801946550869
0.0019658147720771867,0.003532183138163933,-0.00015833386002443717,1.6695133174112593,-0.0012329369101695253,-0.0004597797327550206,0.003813981785010275,0.0016504594230352526,4.254278132190083
0.009749710498108688,0.08747753562216865,0.0018632844021203854,-0.002764507968175234,-3.6539030831673003,-2.050212841579743,4.087867497347327,0.00386139202820579,-0.003323622435161898
0.0018479210225980339,-0.005905677342923481,-0.006959048902052625,0.001976846997114342,-0.012270044941260369,-0.6597417277145033,0.010363023720173704,-0.0024340742257631214,0.0007259680029175434
-0.03076842988839537,-0.0003866182519358507,0.0013493605205537954,-0.000515671931501073,0.013892246252716123,0.7690233739787362,0.0013848331005108377,0.03139143509054437,2.661275765729645
0.0005296281884761642,-0.024010485186734168,0.0002511390163508371,0.00022597988519730897,0.0032679265153835123,0.0001789783370681683,-1.2921684660003092,-0.007774311941553813,-0.0022335834261586482
3.9313563852274185,-0.001875187416926393,-0.002227640324162514,-0.001040604471393971,0.0012624918307658703,0.00035333656660969535,-0.004902880998724692,-0.004534649460383589,-0.011927351597826583
0.003965392649376228,-0.006607071427151355,-5.200071967901925,-0.0008330921925436545,0.002656925579379741,2.929790563775854e-05,-0.004689679403603092,-1.1149263022326439,-0.053717661650895254
-0.006248257030327098,-0.016860199306428892,-0.010816536770829235,-0.0009144056774430853,0.015542792862153473,0.8340695499230182,-0.004131917231278988,0.0010134515327691125,-0.0012470482803339216
-0.004056413412659589,0.03137266165874228,0.82652156987008,0.0030085901839393657,2.4763513584226486,0.04560153762165542,0.0010940353612818828,0.0076324463818228175,0.00749441624447778
-0.10513317656148376,-0.005375634148567963,-0.0017487591044555613,3.799475124030907,0.002750951668040569,1.1040419795122456,0.00816251971708036,0.9608280608273061,0.03707186040774185
-0.002729077637785531,-2.458011972534777,-0.008269329350227464,-0.011876827554996361,0.9822451950744964,0.003076350085390561,-1.0152240083757986,-6.0486422381381176e-05,-0.004299973564376059
0.001762090227301727,2.610503576727438,1.3717758496801613,-0.007492539612540448,-0.013618618967395024,-3.10850483967031,-0.010336633713730448,0.0016243991989019352,-0.0018226857273726596
1.7074381708762805,0.003029512153033506,-0.00019273487538531975,-0.0031653952654030304,-0.003924229556063613,-0.7151681588700828,0.0034588753146889625,-0.011792407871081868,-0.0024075443179394918
-0.002817775300796415,-0.04773090538696852,-0.011318174450201245,-0.0006738848632760379,0.33455989442196343,0.0076799895921728124,-0.053798721799331026,-2.871777119615819,-0.021791681193675902
-0.00033812945541347814,-0.002641592568479462,-0.010783016165738258,2.1538118653932474,-5.973849332348638e-05,0.0005964980480427332,-0.002846165030768766,0.0037972093055988893,-0.002188156685158661
-0.006587197538277944,-0.0034613747679001256,0.004695772193435693,0.013645203962525476,0.00378527931763343,0.0037055817747688423,-0.0012871767042204685,0.003788901709418067,0.01594088038099131
0.002549858628608518,-0.001964633463905741,-0.014132910045064458,0.0011259142690057222,0.008097157367412955,1.3769575208524307,-0.024557969918542116,0.0011734976326549292,-0.006854790299746916
-0.005715817512360364,-0.003778678189308271,3.586417758994577,3.2032223507491984,-0.001388327151155575,0.00201276409705528,-0.015940532813464067,0.019996470720736223,0.012902394513102183
0.01459337040791994,5.052526608411593,-0.09337176562126809,-0.00557675564830244,0.0008416914430831035,-0.0013768913103720565,-0.0010623942980069745,5.4534470739680055e-05,-0.58940284178725
-0.004018725509992123,-0.3813517108524803,-0.010959349555136576,0.0025967731312268663,0.017234386489291903,0.7513716260410096,-0.6760558567628308,0.00028561601680534426,-0.0020339577567265476
-0.1513184466624903,-0.008364786572560685,-0.00023017438684965288,-0.002364976519030431,-0.004398386553721041,-0.0009761997901620202,0.002548975622288432,2.780051773737508,0.017871967635277097
-0.04351238551535299,-0.024081999315445114,0.068814914326573,-0.021385721922276706,0.014330748257991577,2.6438055893415795,-0.0025490938789512058,-0.00786944860007456,0.002755298610655387
0.007337937475784241,0.08625323571877261,-0.00017899898941743571,0.10714325433109273,0.00041362491649837456,0.00016090645677033558,0.7839676442917375,0.004975718778709712,4.381119911639935
0.004106347282040491,-0.010042512684603835,4.204219150900514,0.003062944322732946,0.04687415598736511,5.174177578900812,0.000695246636337632,-0.032603938099896715,0.0007721932275406296
-0.0023763646840713887,-0.04832309702975221,-0.03683606453631333,-1.1842864804107247,0.02887531159626122,3.389120833705309,-0.00864444696744121,-0.0023850394384821293,-0.010954536617954203
-0.001820018557549338,-0.010546528818796252,-0.012505779471196505,0.00277749342073344,1.0314263174577558,0.009068505668588578,-0.6161373886652256,0.0019080391690493928,-0.0015681932940433399
0.006376680393671835,0.01427932509297518,0.0122241483658335,-3.6029902025758176,-0.003915554578626149,-0.9163153071325464,0.009420837980102056,-0.005594747712718145,0.00012967653649875038
-0.0018875929353786448,2.74907689785203,2.225104716446683,-0.002284412713818857,-0.005569919208651519,-0.0013042346463074408,0.17876804269225177,0.002293648700327334,0.009380047970513184
-0.004962317933187263,-0.6963158011296771,-0.01124389818297422,0.007171885708876155,0.007487496209242713,0.0041301490281906925,-0.004604997614489432,0.0013091097988005044,0.0005955288876454406
-0.11404773776168228,-3.0007353435795743,0.001854971282697241,0.012140167599165615,0.004673615984436934,0.03880389816760399,-0.005136857880266722,0.008352889028970852,0.006907393188979698
0.006824242650727671,0.017472009301569953,1.6171242572547504,0.007814803020393592,-0.02539095000344238,-2.4962080985618758,0.012059116135813619,-7.038111071380987,0.017238100535111267
-0.0002944955235462572,1.4646487154473853,-0.0017905782520443812,-5.439667700734801,-1.5890667011850406,-0.0034929891015866577,1.8462309380718742,0.011951115490570763,0.0007497526243886617
-0.0015384787020931226,-0.0417299890697328,0.004188682788884201,0.06466607194813946,3.262353368839455,0.0037361293448666677,-0.0017010878460127644,-0.0025263366473954538,0.0049275639634461105
-0.011831022616204546,-0.015697205457520708,0.0011626879902063081,0.009883074244601534,-1.404785691503092,0.000415933182444074,0.00529283810042148,0.005346604952947931,0.03706866407528381
0.0023441255449264675,-0.003077335764404665,-0.007234157202863273,0.008205660698359152,5.26095331357007,2.338294593081528,-0.00470294193388681,0.0035533497057484986,-0.004066217354059008
0.004901684042466461,0.0034101604802460744,0.002067136267711145,-2.2662086058437954,0.00859520293650668,-0.0009293481211350672,-2.2865896377778303,-0.02032272720393464,-0.017405245007699147
-0.0017025172726906424,-0.01138982408332922,-0.03689308877399775,0.0058983101985544874,-0.16788426692061043,-1.249534967872858,0.003591799310156671,0.0030611336785407433,0.001166537824471233
-0.000752747070544441,0.005601740371501655,-0.0020243261195075565,-0.009488911978666019,-0.027778537673153275,-1.0461730368597941,0.003679704737588607,0.004103818323497408,-0.00012034603606311464
0.002675370321400929,0.002503303530567874,0.013207596725755784,0.00022001916133163526,0.0012264319071570453,8.815294529928201e-05,0.00045262600414972595,-2.110062014479057,0.0004702651887841143
-0.00029914922071467426,0.003546097624514674,0.002711347906524504,-2.4161174528925238,-0.005097811684096255,-0.0026822634140733284,2.8792437644701314,-0.00010887003402073204,0.000702184716278172
0.008248352886441861,0.12059998696461144,3.7678829857248872,-0.0077764400238315426,-0.06492635664462164,-0.03496700283569375,0.4605486228340705,-0.005043331429203787,-0.0026046224407333257
-0.002694202611090035,-4.902301766085281,-0.00042105627329561135,-0.00045205617909686423,0.05415824181783102,0.7853650124105825,-0.0033274786565663794,-0.002137647723028258,-0.0006011784097807978
-0.021001227978481668,-0.012978221463816157,-0.012447656849634309,0.1798486504454715,0.003547829460471996,1.1791729197866554,-0.002061984306805792,0.816286785778976,4.614427072410121
-0.014465465232469393,-0.01523738524628859,-0.003462444349684443,0.006953283706372425,0.008557208841455997,0.010216620736446786,-0.00622067659638175,0.005725448500840573,0.0028011511718371153
-0.007770919754170311,-0.3034291538225995,-0.004140576247542963,0.01327305883745453,3.535900870586143,0.048579292654053585,-0.5707620131295303,0.005364992511770447,0.003531825745537692
-0.0017308141742077671,-0.022356957860884978,-2.427695770775138,-0.0023207383362628137,0.001065466875028164,-0.00010910927273724688,0.0017262360747873266,-0.0032254898288817144,0.0008010271043156197
-0.011710059014962863,-3.638343057610169,-0.004917022360098569,-0.0016089661576721916,0.008420068005043413,1.3273842746807432,-0.0006127132219273385,0.0017772893793949567,0.0006615006458510191
-3.1376343910244704,-0.003980365889468262,0.00039382277198873037,-3.9226785905972514,-0.002548571009243942,-0.0035212694715528324,1.1792588674360451,-0.0006186259360332503,0.008777844600812997
-0.0016773408024079,-0.02452044455042897,-0.0021822289088234068,-0.027457648530335818,0.0025104864121064446,-0.00014393054755634793,-1.591162362075874,-1.283222915112936,-2.4835867084745873
0.003896217790339142,0.06289213755603307,0.00380384564042398,0.0017818659221447847,-2.335385927471437,-0.004876683893927994,0.45451725021105654,-0.0009537703184382736,0.0010031879211281772
-0.0009117822141031795,-0.009631591202363732,-0.013705274572264347,-1.004543792710034,4.018394532848924,0.0011567054720271058,-0.08890397604745542,0.0005092783903136305,-0.015789248624132057
-0.0005168761505914368,0.003272518337250026,0.00397899982446735,0.0027924168023711654,-0.0030426228235553862,-0.0004453391936727454,0.002489982592912152,0.0036037814681471737,0.00547610581376095
-5.427682186073939,-0.0063403958326964105,0.009004410620243361,0.0206534239599806,-0.0023103606911445695,-9.828781792037278e-05,0.0017611506564605,-0.002940736791759928,1.109748156517031
1.5970020513190473,2.6901635548323584,-0.004465220215158286,-0.02838039273731854,-0.004483802930254632,-0.009320399933064095,-5.495954801714581e-05,-0.00046213430182038466,-0.020430923431927574
0.0029215346761599036,-0.006049888761079291,0.007216060299550561,-0.004232309775922876,0.0007827938360489006,-2.4380430718913426,-0.0034054484552131503,-0.8189895165730972,-0.001346264454846459
0.02270750918116958,0.0180082704535951,0.0013949269879327472,0.006935013470424273,-3.467680405336356,-0.49427050466533373,0.3315722835949213,-0.00931831044899295,-0.000543968424591099
-0.008538362252397848,-0.010332459171024813,-0.00258317545069634,-0.027968746392325206,0.008902723941099254,0.003939923028332368,-0.007588891921814872,-4.216433435326857,-0.006770036315448022
2.136443451127278,0.009569190112168405,0.004787457162229045,-9.909575555880009,-0.004853786835762985,-0.8846416070902604,0.024682173162601684,-0.06707870978025181,0.002499448673065008
0.0032930838665838295,-0.004891001419027001,-0.006548444161794809,0.009123955978962341,0.2606492234626583,0.9408804233213005,-0.005305662994294753,-0.0025146739427498125,-0.0028988986797497934
1.921870561989398,1.010862407831332,0.029326155350920702,-4.187971465366824,-0.019545461198830355,-0.013387583074706486,-0.0024527290378890815,-0.0001032331152558952,-0.004520761281744876
0.0019037150875883357,-0.006757813152727554,0.0008177360588131734,-0.018840608571031522,0.0020886831468207843,-0.0006969551911990366,-1.2538121716711028,-0.2026453467334705,-1.7202504435768387
-0.0014013174239123115,-0.007946684340585803,-0.001300473042415032,-0.0011497979067845792,0.0050104846036807624,0.001785535980542006,-0.3520394522955273,-0.0004806534861983146,-0.003168009439791526
-1.0392284650164485,-0.012726250280372426,0.009991224714120572,0.01686568935844236,0.0016302890793899044,0.005040653355056738,-0.014850311871162515,0.0025671564575984636,1.399906797954945
-0.011254660751736513,0.0047248168646042005,0.018438275962529293,0.0007333555622959422,-2.2077967044653177,0.001234176502781556,0.01885324060731338,0.01727229652672468,0.2841446589093272
-3.8716383916739128,-0.01443520182267266,-0.0971472575559954,0.001980965144285165,0.0011488289525137946,0.00656742578177863,-2.9154819816267725,0.012649779240124503,-0.004306987903244942
0.0006421030455420196,-0.0100020554650872,0.0387886619366532,0.5640510636547857,5.00447664724847,0.006307313535969139,-0.005406347673012178,-1.8092151447667713,0.006468426165056933
-0.0018363049395783149,0.0015006262683269142,-0.001089184179341227,-0.019939940644299686,0.6322258542816342,0.004053572178368496,-0.0023571954597466677,0.0017029385762833416,-3.5005280990780587
0.0024489747908333706,0.004804079677138445,-0.004603035288943151,1.0833061278539955,-0.570621926656755,-0.003167321436184062,3.4501372590365063,0.0023567790949508526,0.0011706218771784793
-0.007393790744007221,-0.010573917397851226,0.0039955432111723034,7.044870381880492,0.0019583111365211944,0.004640896113692498,-2.2010923723539983,0.004287045121059999,0.010303257810236457
0.001375732974208503,0.03924115984863863,0.08001298506420536,-0.00045200670471422146,-0.003054552784301224,-0.0012445901240892513,1.4724124634318816,-0.0007484815097719838,0.0028682645882174666
1.4144054524665481,0.005967815455303255,-0.005103847153950389,-0.005641592908506771,-0.005922224390466774,-0.02750055947392168,0.3984687124146191,-0.022876660956505923,-7.576136671867017
-0.0047942406081697055,0.006357717273351181,1.8522318899441739,-0.01939907855709818,-0.044811961194602866,-0.002910447156905315,0.38165049591626976,0.00937565720205917,0.5690676986837184
-0.004262314443067016,0.000699365739775539,0.004355905085929326,0.028091662890945706,0.00128592062365053,1.0981465433606854,0.0004415675755804552,0.00371143563673192,0.0056729826886920635
-0.0030529011100930113,-2.520136070877623,-0.008064387765143927,0.006568444941789286,3.33866958148565,0.013998622805614869,-0.11850375819082887,0.0033979798549393547,-0.00031494872389586405
-0.017466554193983276,-0.03275429251401357,-0.00047803243636996423,0.00884368639576107,0.006362630007666903,0.8548651948270098,-1.6530721442562708,5.41704315607304,0.005485847443040814
0.011137633978598247,0.018586058105357933,0.011133646879573352,0.022904362903901736,-0.0029233341061531692,-0.0017886730283277162,1.7417143247604512,-0.003555849478581296,3.218443999495887
0.003881422861735574,0.0008140695623281638,-0.008354844723642174,-1.4754633941452187,0.0005633621966379052,-0.0015104667072213824,0.010828586501573007,-0.6785126895390836,-3.9460163850149588
0.0009053544260459309,0.013413334037341273,0.004815042505770455,0.0010396801933865957,-0.010806666236748473,-0.0017793963133467259,0.008816956836669498,0.0042220215423202905,0.005229622273406522
-0.0017429373481296778,-0.44646846330525,-0.003837933608481744,0.007327061875699148,0.0019659814740077474,0.0008766164851365769,-0.02408620581264139,-0.025421435511453816,-5.236870698660933
-0.004977799677515382,-0.013833711654698367,-2.046466341481733,-0.002877345651098649,0.0001892349363740904,0.0004177616881417055,0.0021055154776028154,0.0019491261339957635,0.0030129481887185092
-0.001713701317774867,0.005312647711520402,0.002347806392741448,-1.1673384366716328,-2.512654883628677,-0.004066891370041764,0.008696217758094881,0.001965953312320282,0.0010911450749930113
-0.005673109405378088,-0.018877544338536292,-0.05545927615255891,0.004901915411892041,0.020104372540634977,0.005321162909405479,-0.004912884569491106,-4.16249595305699,-3.9572568024798844
3.115271692493494,0.004740901210780343,0.01406437996105131,0.007645685993141575,0.0020624127245114643,7.842055052199681,-0.22809002744714668,-5.201992439819826,-0.003991891349677753
-2.422810660253243,-0.007287306496903325,-0.03620807020474813,0.006171948851464228,0.006765151346924042,0.05263044790599016,-0.003807789236644335,0.1545547182864589,-0.0018332390372124002
-0.020603536013925505,-2.822246264279835,0.0072119731270164356,0.006294728096614702,0.8278077097471273,0.014098167601264852,0.00025680000672799463,-0.00187628547887796,1.6687995756878014
0.004785935603144812,0.000316174420283092,-4.59853140608949,-2.532727105077003,1.2742164915679685e-05,-0.002365453045453436,0.0018515688310158512,-1.573426021546232,-0.07600594379665637
-0.005880072345530689,0.021203837970462366,0.1711635591653426,-0.0005549401681740262,-1.2905815668087646,-0.0002999939896039805,0.01128511774561941,0.05820044930347113,0.4611797608210955
-0.005386417482677319,-0.0029249405258965078,2.3491628082472746,-0.0006951947703951467,-1.8070348997309722,-1.8698123354438216,0.004497008110958281,-0.0020368161996402734,0.01563040186238742
0.0003841926499543056,-0.003032303419341634,0.000994035175809157,1.3819321455473967,0.0012351139925227592,0.0009105808767095671,-0.010134704203370808,-0.0013824707832120985,-0.0014711951432028808
0.006602391255350601,5.525656873734999,0.0027618806646566296,0.009135354872905191,-0.041347735712393474,-0.9604437122337788,1.8791868637533877,-0.0004146967528789458,0.002911717345064727
-0.000387656258029178,0.0016380418366101156,0.00028762093255142317,0.00059101047909247,-0.009072220821704379,-0.0014164066742390624,0.002108709153813197,0.02345134607290658,3.480873444935762
1.0691140701262332,0.1651219864392773,0.00777293909477262,-0.0014865918854348684,-0.0016986368718862888,-1.2888897046775811,0.10168065207282018,-0.002683577081070509,0.0011610842351065728
-0.0020078575935690373,-0.0018951725959119124,-0.004706846917084649,-0.013728491872517243,0.2786809009024047,0.0024221578239873717,0.0001967479154152642,-0.00011157909168833867,-0.001607015669376076
-0.0003736018561838061,0.0014266850248195683,-0.004472659749999508,-0.011324206072335074,-0.0007204019037252992,-0.00044071067030187594,0.0021232740566360098,0.0020868394086608426,-0.001045649380917489
0.010082628924606887,0.24182130884165454,6.924988003875407e-05,0.0002045172644060964,-1.755903097311961,-0.021627102085635397,0.02864148464650825,3.749980717813164,0.0025633303950983455
-0.0018737103380296436,-0.005528100535828273,-0.08248820010473157,-0.0034144375183074267,0.00162817673370934,0.0006360189316306071,-0.001125330350228967,0.0017746150513152337,-0.0023780693640869125
0.0020291678399354217,-0.005626843188210372,0.0003721527312640343,0.0030470128025024464,0.001626365495801535,0.00032511073485337594,-0.07363563142417037,-0.36750870827106974,-1.9763638777321786
0.004580885652375132,0.0016482448557376614,-0.0015839215635539,-2.4191188867372833,0.003797885357790371,2.3692085323107157e-05,0.0001374751582594036,-0.9152970290712148,-1.311272027838037
-0.006200502855532239,-0.0032118238346880157,0.0008632287183379383,0.022639412791391977,-0.13227649835221378,-2.732788850293022,0.96800536504362,0.004857055064257557,0.03142538274476751
0.008468765415948779,2.387100268730027,0.8767401527120511,-0.028195650339811057,-0.005313493963601604,-0.002107972853441775,-0.0054912542685273125,-0.0010662858603030095,-3.1307014716036727
-0.001409081206214656,-2.7887885167735016,0.01630494872500017,0.023424306200853492,-0.003129352709996286,-0.0006931783053211373,-0.0029909167500598993,-0.008882751976773393,2.6861222871927244
0.002809697801347339,0.02783033589729958,-1.1795586693787758,0.5153014469117675,-0.0280005083138751,-0.000979613652249748,2.3168529940904734,0.009437158874311916,0.0006832283304094543
0.0039984054968138505,0.006466351652209601,0.00454793852588695,1.826986167589688e-05,-0.07510189853409485,-0.010557515576080048,1.5238234025765447,-0.003320157075477771,8.511190576136057e-05
0.0019132635251540408,-0.0011038664307277631,-0.0008353533011711844,-0.007439075449598004,0.004008909275229874,0.0008674413158672263,-0.003489099125617159,-1.438407900079193,-0.015933154072541943
-0.005618244157726313,-0.00403430589321202,0.0012127388824050844,0.011674837154393936,3.702853081321379,0.8437968946201675,0.0006346187747930769,0.004501512610175146,0.006658193232250076
-0.017255017386440454,-0.0007711872413829158,0.002405176616790735,0.0023162011523572557,-0.0044798699666839525,1.536007888034219,-0.005457199046856681,0.02114280938924077,0.0026598547928548023
-0.0008500221461447759,-0.06852296622543716,-0.024384452856640995,-0.006972763889171224,0.007436861125236671,0.0010237880919902777,-0.007051359886248981,-0.0070710579263546,-0.012670401351092288
0.005199443936223744,-0.0007516088283774309,-0.00010940278887710403,-0.0020102621317589155,0.003826708813652463,-2.2202389072843167,0.006317206112493201,-0.00977695586795042,-0.0005867829866390908
-0.0006865629592567382,-0.0032522651116826673,-0.04909222655521615,-0.009103098382380229,1.0451228950569256,1.32484923023003,-0.009718876872105181,0.0022600029106677813,-0.0228690220766176
0.005095912822906825,-0.006342808342136881,-0.7864532130338711,-3.7074668733155054,-0.0005597635505528442,-1.5131501745288944,-0.0006375877506310107,-0.0038513658174311846,-0.013146537286826104
0.004667547377587674,0.019781516064438228,2.2513040572073777,4.750774375570261,-0.020983350932085355,-0.004971889356560552,0.006359642981370243,-0.00043551258069168006,0.006159245315113443
0.0038721919700637486,0.05224631507459865,-0.003622198588924016,-0.14851624388305917,-7.738559728298733,-0.007332258066535757,0.004876653140875902,-0.00048289169299661067,-0.006734164811090956
0.0014830907285529119,0.003371295244731295,0.009827332982434087,-0.005515684483189495,-0.013012586419914401,-0.002516131765840276,0.0011933752631294136,0.0001589438081877198,6.463043137470225
-0.009168530501022544,3.9874051631972693,0.006794856786259101,11.95045748942482,0.0005910139042770092,0.0024863044318170053,0.006036008307806753,2.939713990712925,0.013158647734965917
-0.0013712123331211003,0.0059756099127506734,0.0010080474270945526,0.10482367661901743,-0.008976877141207654,-6.551333286472852e-05,1.8630937787385442,1.2072540309638595,0.018667197719248033
-0.009567181697291822,-0.0004334289037373762,0.006312134384792647,0.003022342786207724,-2.4152079680725738,0.0005470442525808,0.00553611573034749,1.9128196137662905,0.03391673658942973
0.002544935454296156,-0.23370188075888199,-0.003822528361685547,-2.895213334982723,0.0007165660062542181,-0.0016090709597429307,-1.0804671451899155,-0.031401641416864634,-0.031014251318811484
-2.21012364437819,-0.0004907023586974446,0.0013723054335927042,0.6101950790716794,-0.0013892980234721727,0.002032378894074248,0.0023601880349294058,0.021710374740062214,0.04018752136104073
-0.17944370349529798,-1.018880353925567,0.007633319023408296,0.06720262658499673,-0.0024394436419697962,1.3223933634067435,-0.0014941204189900942,0.0021084560722374954,0.01717260029304033
-0.006625403930283448,-2.072290744124035,0.006293679858445596,0.01368960284648113,0.9856366156562961,0.0262174204427498,-0.002370473706359469,0.00020508066767543117,0.006964229156985975
-0.02890403518743412,-0.006046131653246498,0.0010597189062463708,-0.00018564417361637692,0.006733534589929979,2.180790405980508,0.00808629369280206,0.0028513798239790666,2.215406041502613
-0.10507035308621333,-0.018570596974757055,-0.022151428018877067,0.0781234146932364,-0.00014167383394735056,1.0369445886251236,0.003583715259263612,0.012895112530458875,0.008721518606469083
0.09346409652429791,0.009882719136501295,-0.0016881290729616008,0.5714381285209909,-0.009932326035286442,-0.011125154876229719,1.594944617293384,-0.005541089000283876,-0.0014524414176078203
0.0028349041558288473,0.003422464724231116,-2.4073649002389517,0.01617388481121174,0.008207724032850972,0.8535077548624677,-0.08357892501551045,0.00441254370688181,-0.006023604501588672
-0.021503028349587783,-0.005731575297130809,0.003489898818453324,-0.036911808145673075,4.281589059418941,0.9719404549955009,-0.028874411597136995,0.007795733016149997,-0.00043552571852070623
0.004609262051939677,0.4352337955422255,0.0060367015789261555,0.0018562353447971287,-0.0010323131385645032,-0.0008226293535061062,0.010286872805379755,-0.0003665330315895787,0.001643357146327631
-0.0022508363098104854,-0.0031606333651391823,-0.0023558325314312267,-0.0017679544935073255,0.03659945973725587,0.005645181297294644,-0.01880521197546078,0.0015944953017054794,-0.003931624833581602
0.001956099760251741,0.10688840657814641,0.016968803608559502,-0.011668267469269945,-0.009273680519991348,-0.003875401229917582,1.539339681141025,-0.0007265557237920678,-0.00013662679794730105
0.028816371968220542,-0.003853624295708241,-0.0025419498815222874,-0.0013358943930151398,0.0015950642260087189,-1.571117253247313,-0.011505750760096592,-0.024367177429520853,-0.011369448570809022
3.083201178273791,0.04745461467627784,-0.004598537345310266,-0.0028309250692201485,0.011213220531629986,4.683661311330317,-0.005962683623979781,3.0842972321798627,-2.112326004988173
0.00033469752491964086,-0.13632379062189504,-0.014588254046199926,-2.9596836988493056,1.207284389171094,0.0014289042521381731,-1.4386525257031415,-0.004952052906453631,-0.025743849114779935
-4.063578490283181,-0.003888948669352644,0.0020891782027680807,-0.01167945008830111,0.011143376185139706,0.013410909444937339,-0.012454700713240563,-0.002507688090379023,-0.0060854394260435735
-0.19565644251817366,-0.030775007528671884,-0.0006783327829017277,0.0002470857759938054,-0.04902369814300342,-0.001203179537353074,1.2543442755858696,0.0068843034547364425,0.03578769579197101
0.008596105081314854,0.013140180075932095,-0.001013943389416746,-4.948880330843236,-0.0009559862581820823,-0.004149065653095831,1.2904814913469316,-0.006337134798269443,-0.006467911182473553
-4.491444982193481,0.0063051663568423726,0.2158070568271039,0.0101826505654073,0.007063614360360043,0.23576991008584078,-0.004812383976383783,0.008346187022282705,0.023702505346995972
-0.008752620633099964,-0.001379034163143018,-0.008747562811355553,-0.0029521219005328777,-0.0028842444652464327,2.502171197721753,-0.004236673249979395,0.01644121980064977,-0.0008394272834534693
-0.013173347818494073,-0.36295542327939134,-0.004776702425476726,0.002421692944841498,0.00028576160850923805,0.00022726190090318872,0.001811254067518734,-0.0018030539610975546,1.5048053542508202
0.0008911828214321947,0.014252305002191653,-0.004176658185595344,-0.006379263911609895,0.02684724681167916,1.8575330155589072,-0.0014456987568459007,2.639251400843629,-0.0063826886951176
-0.013934981643762407,0.10023202208311069,2.546256455403741,-0.0018775818357296445,0.0013198718743378524,1.875139614738865,0.026582032973293535,0.7332846006495659,0.03604560972742596
1.2047405788415702,0.006631630676680899,0.013726465165183315,-3.2203615266618195,-0.0008211251965811912,-0.0020214685280511846,-0.004915378286108491,-1.2879845342520153,-0.015138116949229091
-0.0015816343276715246,-0.0027341427300592806,-0.003271461309350708,0.0009974663960275168,-0.017914531019048774,-1.5746773489312962,0.002423337502775097,0.002031039874786965,0.0010685581733695416
0.00607985336349019,3.136134100403855,0.40099628561378864,0.009083169191035407,-0.019407287988524313,-0.004796538954757002,0.007876517913221436,-0.0021997291494223904,0.004070482519837795
-3.781975680160666,-2.7726145035796526,-2.276328866068644,4.930363135867772,0.048801716507792636,0.009200133382238386,0.015777982594551238,-0.003743374606091681,0.016161990476047106
0.014934450648306313,0.006230233618875924,0.00501826756188473,3.637322002031702,3.2454507818875964,-0.0012193655050631025,-2.5702706631338956,-0.01720882090284705,-0.006112898009838271
0.0031629468291993063,-0.025820255173101603,-0.0024729923104162416,-0.0006695699014074158,2.159316265888391,9.38922024408817e-05,-1.1538056751420875,-0.9838385348923933,-0.0073307867622283
-0.0004007824761326391,-0.06339023176290193,-0.038713685853267704,-0.0007381473737902398,1.9909718628244841,0.001935124771429507,-0.010846604001222705,-0.0010758111564047523,-0.003980507410353805
-0.008971538033740956,-0.015581074413418793,0.001845736017770383,7.197814338784086,-0.005259134951628552,-0.0008172371871680937,-0.0010164361371214348,-10.404488653252272,1.4305921772438746
0.003493107162617675,-0.01022306163013114,3.7619413532277637,-0.001684134609622058,0.0029350311161392417,-1.8541185212150995,0.0019108192889175923,-0.054438039842674826,0.0003713655389801099
-0.005919394361784819,-4.908308565349461,-0.004075900997742077,0.001620153625229716,0.016560653307682083,0.712361775797085,-0.0015408503164245357,0.0014160506333084448,0.0005839555328306448
-2.5927607139897493,-0.0016230984465727862,-0.004265727595803431,0.042199064752559086,-0.008774354344803122,-0.0023151124972334396,0.013641670455478129,0.04759928609808976,0.060031431996978996
-0.0029185826714307273,-0.004100415618211109,0.008961176823406292,-0.0023921288098032218,-0.030796950446737054,-0.9607606271706368,0.0011120980700267472,-0.0015411672443336067,0.002920045722487292
-0.005606038006725045,-0.004008222453557475,-0.006841923237284164,-0.002435880642480348,6.495999897886605,1.472271009995147,-0.015566231558030746,0.013103463706946705,-0.006404076422276392
0.01759671149249467,0.003915958726766908,-0.0005962374789538374,4.0443592882189145,0.016219046009347107,0.001218652914463915,-2.2858928637105773,-0.018475705165966937,-0.0112054090275723
-0.0160285499854846,-0.001929754960770129,0.008194331861085273,-5.134818097841695,-0.008790769253501357,-0.0014262952798700795,1.4394243478329165,0.004797680976608169,0.12437270418757909
0.0026555618127001813,3.3462434644419368,0.02445860881528826,-0.0007343711116903537,-0.04069738993874661,-0.40052795340469305,0.012353068852206647,-0.0016979872369526673,0.002800896135505958
-0.06288952870769907,-0.003368170245738038,0.006807355206314411,1.665587942853471,-0.020653310237432,1.9943207704193764,0.0007074252609029774,0.5285137273255527,0.4487597156773857
0.004374029033035222,-0.004469463362049272,-0.1412372510269339,-0.00032050841269021073,-2.799516014492478,-0.0161681171255062,0.014467071861358524,-0.003424483899946514,-0.003459839136054048
-0.007694606105995779,0.0009729675194949181,0.007509019141947055,5.184451795608486,0.0007768074672582087,0.0022979375715854633,0.000572386567066323,1.1185035830438124,0.033052807802280176
-0.01862395591264672,-0.04713291628281657,-0.01128768217983875,0.04157750146793216,0.0021400759903882766,0.5019770870950682,-1.5625301461706957,0.013631252149270655,0.004163805019202689
0.0033167719215869973,0.03348062903945853,0.00675924081738487,0.8392034472957247,-0.0017366271557321825,-0.00028229079755101236,2.1007723752763177,-0.00023466410628153337,0.0044845860448824645
-0.003018179277718424,0.0013708957937100218,0.0015476670453165248,-2.0951787657565912,0.00024578605042892103,0.00025143615615482026,0.0022213635093240227,0.008960422032330773,5.089762337309834
-0.010002164869163652,-0.7195098819630417,5.4912251479521945e-06,-0.4638242102451673,-0.0020834575526797947,-0.0010689595915716818,-0.020205999530352403,-2.919868374280277,-4.976133845611132
0.002864956647622361,-2.7431609275646034,-0.006096391538284084,0.0004915995613960478,-0.0015788922942115771,-0.0013910261309140887,-0.8567375281700924,-0.0032735619050505644,-0.005028046183570834
2.272557525937514,3.460111950487076,2.771004972681898,-0.13898144872328222,0.0013293852512047816,-0.003126260024514658,-0.0007574248437405701,-0.010717336692370993,-0.01111370786286401
-0.00719793152685529,-0.02506603685760727,-1.929102936059241,-0.0028945604442874983,0.012368682494479977,1.0784395493750278,-0.006563379077352424,0.00161170929121013,-0.002440011418339973
0.022239346530615354,3.349065314850284,0.013855458621310018,0.011554364207241749,-0.008793482034981384,-0.0062280851160220335,0.0154463206393151,-0.0051307107269250715,0.002282237146891268
0.7021034575632941,0.010353303762349608,-0.007049835119873787,0.0001567477677130247,4.984995773728958,-0.0017352247232572948,-0.007147687222232719,-0.0035792351568291973,-0.07083396020697233
-0.132849466976137,-0.00022186980882921018,0.007704969065384008,0.005610247107048797,0.0001938658972775037,0.9371913429286481,0.0015134951501494104,0.7712649613887974,0.03383032645391121
0.0015585182192772817,-0.007256350958534335,-0.014015496345714744,7.3424813150735915,0.0011647939809763842,-4.0187866673534344e-05,-0.0019180716175416519,-0.008585513743838289,-0.014905439862329492
0.006152138002173662,-0.013184446498981789,-0.07362534713671998,-0.00025568588104514685,0.06296099990532264,0.0005585743352754524,-2.469532536330092,-0.028291688867435286,-0.40334527381843355
0.0001409367262682898,0.3567381469002089,0.4251819622723483,-0.0006594527194826575,-2.3859719113505387,-0.0029830945691134703,0.011934982403479179,0.004013176004472142,2.3091035942832496
-0.011529056466879128,-0.011467772330437411,0.011416212629212982,0.2305563192388661,-0.004429799321280736,1.9118891739402681,-0.01709176550810282,0.0015754498912446818,2.1425887990167523
0.005711951949738586,-0.0007248247823238296,-0.013909696872876947,0.0030943338371970386,5.734003364179553,-0.0017184346088328084,-0.0012623917024424992,-0.003699440468011187,-0.005350973964051386
0.003001173307774621,-0.00018683549755105222,0.010279204317479773,0.02458544157465912,-0.014501432635567284,-0.005311405487881948,3.563784736786659,-0.004413381734127836,2.404807190797154
0.02831696639785497,0.01720017791836259,7.079831835504313,0.03167683604495819,0.0019558604464680815,-0.0004474123272557584,0.002375679798049658,-0.01073353193271831,-8.17254409101682
-1.1048496164382955,-0.01375555069444587,0.026463944465218103,0.0027450128336866195,0.003345666056873864,1.5594278730810132,-0.0037948023180714857,-0.002250118071046742,0.009298043375899893
-2.141111394150729,-0.012266787129111393,-0.030792133115816973,-0.0023503110247512136,0.009564212150222545,0.43008569570465693,-0.010746306558949016,0.0060912335740458835,-0.005751669118888136
-0.027332407604871413,-0.6546952999578766,-0.0445064871979399,-0.0038752412638137397,0.009310507677008875,0.0076409437109963285,-1.907093350256754,0.0069233312196824775,0.0008659191849371079
0.00294324854641393,-0.000842467065416633,-0.003899866729750201,-0.05459952009978621,0.0009627798308915175,-0.0008536583004847382,-0.001304079354209087,-0.014130493042787438,-0.03317616611861819
-0.2012067837049648,-0.003425700138608631,0.0018839934600961244,-0.0026421711814120985,-0.00030520462889616377,0.0008052141989210429,0.004298703627721289,0.009762938269263766,0.16271318605907184
0.007601894131662863,-0.0009149415470362347,-0.003535357540147298,0.060568223571302676,0.0021736111031639797,0.0003241370135149326,-0.00033452474393903114,-0.9904116041512152,-5.612293585828337
0.0015803488742837666,0.0029651125759792493,0.010852378704945577,-0.008366510993418312,-0.028855888392080836,-0.6931587728768644,-0.00044166251000846146,-0.0017340322397831258,-0.0001859914804408034
0.010983868993312626,0.0020235397267887,-0.005168125098323753,-3.5112058684856255,-0.005219362516273425,-0.24481936697508916,0.011887890038447285,-0.01662878129374932,-0.0055916440695281365
0.001945957127569556,0.004210363465423587,0.011406146525452444,-0.0017694365815558494,0.0010185299445673503,-1.6260027962240308e-05,0.002222955246281316,-3.5055331054957053,0.0021357099583634576
1.1951315506369804,0.04570918919560883,0.011231001825465072,2.810651827003935,-0.9720291708757133,-0.006175015046737897,-0.0006917629951765101,0.0011589889995476917,-0.0002628242468385553
0.007792737965778562,0.0005852228612899801,-1.9460703449415062,2.0537994705726255,-0.0015690205804093252,-0.0017960365052147875,3.455628129660871,-0.0019005331020529046,-0.0032007377648938587
0.027159219987979433,0.06658140650114852,2.7289727304270213,0.0008724242819202199,-0.1875958507557443,-0.00686149996170362,-0.00017511012398464636,0.001974425785091473,-3.8012896996392374
0.019774378802874498,0.004999250882268439,0.010911392919418117,-2.033546412335622,-0.008920011234951453,-1.041209397465416,-0.009633345689672695,-0.01752127449748342,-2.2304858467545663
0.012721046643999073,-0.0010417207363297893,-0.0015080286904735176,4.605188683647841,0.0028082130625063347,0.001522749518399813,-0.08170052517245845,-4.205894572131997,-0.03398842095029042
-0.0044575323754387115,-0.10912892906407407,-0.7335325637061741,-0.0019392377426727786,1.012639801701835,0.00401362329830043,-0.003004526310380902,0.0008819981739794885,-0.0008071417898782253
0.057477480769795385,0.006368126937892217,0.0016753627264290225,-0.07239223782212427,-0.00519994015387883,-0.3494351813286237,0.00021307450190087215,-0.7426604686110113,-0.019829176011051233
0.3705962215854964,0.007601475387205237,-0.005910372738885613,-0.008856614326326815,-0.0008684928690865061,-0.003888671312038507,0.006219873764707317,-2.6988477065315184,-0.012508869509330167
-0.00983958061620543,0.4616112605719769,0.13358167220491957,-0.04023376559444774,-1.2536154988415515,-0.00013624162143589108,0.005585587602368449,0.1353371051966974,0.011053707563653169
0.006737536687587722,0.0019552079580595124,-0.0013096383213395775,-0.06377719116956346,-0.00020072763751884971,-0.0013099826588152746,-0.00040064056977570997,-1.5875224651270687,-0.7321111679952119
-0.003055816621992253,-0.010032880458772098,-0.015609624115526834,0.001298041812083517,0.005269423348964822,0.001810129008658292,-0.001086859072849562,0.0008418946458878582,6.0329063882918525e-05
-0.011777790027717333,-0.01783564676775465,-0.01088162203589483,1.1123620289328022,0.013184796840537492,0.13399269115420406,-0.010464364938730594,2.765941580199035,-0.0003790436160908059
0.005814252280541998,0.005555785264776153,-0.05462164076702036,0.01002560548608783,-2.1385499183320036,-3.6849562230926836,0.0024876329965634048,0.01817427411616579,-0.002415036110963782
1.5363282826868048,0.002202852918170073,-0.003371475870016228,0.00418545081088723,-3.478432083957968,-0.00613316004316089,-0.03439012815555229,-0.0013963649122753843,-0.03721812791717643
-1.1084054710355338,-0.01428589425912576,-0.0027946598070472018,0.6045454051558543,0.0024620783992429195,0.006036608717462027,-0.001161968269806803,0.004598762419577078,0.0077013951696201545
-0.007603789831588751,-0.00851086172667631,-0.000859852269032433,0.0030929472933656143,0.026348988758159594,0.6201923315983032,-0.0002237824341501625,0.0005806789048889092,0.0026510791080487485
-0.0055634476567450256,-2.240892689138463e-06,-0.0050130861381374875,-0.0018913852376707492,0.0065045840400907995,1.7531367197811507,-0.0016802231396327444,1.9820604829823327,-0.0008699645056912744
0.0239949122594435,0.0031205502907526717,-0.0019723920303822634,0.2060696531719131,-0.02521206591744988,-0.02003633485534706,2.225493091512465,-0.006532244285406381,-0.0012034792924727929
0.0019960509971959067,0.0047065552513195184,0.0007413410544273272,0.016534970423339707,-0.020267870471560666,-0.0023831796010259617,0.006961010276866019,0.00768175455079359,2.0457284844881616
0.18651993738671468,0.008986206335503335,-0.0010673379156229499,-0.9312510249199615,-0.00547515106958666,-0.028742467589469457,0.002438245723675419,-0.011060690911402868,-0.03126641385600658
1.8749576270953336,-0.004303199833287667,-0.0015089024486779129,0.011977504513195977,-0.006627076998700666,-0.0041124070855915,-0.004584224065267444,-0.007063113801273233,-0.003984216686597899
3.847321782533665,0.013987969856078464,-0.0022230545166740875,-0.016415582207099457,-0.006260561982233542,-0.6370555163138023,0.01338673668856033,0.002040599243141361,-0.001250596761254552
3.088876883745303,0.01767841731180099,-0.0012364915459301198,-0.014732803252199986,-0.004716829478133615,-0.1237184431489935,0.5792546127838321,-0.0004133790311039425,-0.0013378140553811646
-3.6662783681001554,0.0018549921103711356,0.0007864687493811529,0.03434728217412044,-0.055109094998149644,3.9890781057187295,0.005228722743556624,0.6207630913342234,0.4340497198196749
-0.004840056439593522,0.013625638527577477,0.007034383773531633,0.0014721619930008175,-0.41316379942406123,-0.00022623637203757901,1.492233422313082,0.15628028164711397,0.014160208403362646
0.6944395928887688,0.014257143139224406,0.01125626728267748,-0.011195407423848103,-0.00902141917640882,-0.025117912265260774,0.0009790970759418031,-1.8834092003064018,-0.005332832428236109
-0.002438278522409354,-0.004187833848380118,0.0323768574305946,0.0031711080179572804,3.054612430402443,2.692454492572889,-0.0013179992954732364,-0.018421507254401837,0.005936663513839077
-0.0008719214224841426,-0.029679688013393102,0.01147886155510279,-0.004122760865777612,3.9293718331163703,-0.0008981647239790919,-0.0023800150347801524,-0.6765084487900446,0.00032448920309641714
-0.004417522064493945,-0.04046484981074229,1.596817402170304,-0.0012840806831891927,-0.019053304943031202,-2.0733438930837833,-0.6346271993922832,-0.006003432005472008,0.000846048923844829
0.09287136506138506,0.0016001702914680699,-5.13546685159071,-0.00017674025544508684,-0.0007542655936368658,-1.5825429187665667,-0.0023131416162531643,-0.008864577563962651,-0.01787527134654472
3.691624491908597,0.014782160332321395,3.1221942785694807,-0.012709146355608783,-0.0013229593667872241,-0.006961444120956048,0.005148451368718443,-1.0875760504046061,0.000751849509274205
-0.008121899639639565,-5.114509994639473,-0.017588993122897828,-0.007654695656767487,0.0015898334198515829,2.5032023152016065,-0.2948812926245239,0.006512455073284011,-0.006257960548733971
3.1547093818102026,-0.03740099210396705,-4.492749251644907,0.03409994302559952,-0.002894571279206011,-0.0014278727856142977,-0.004803015828070332,-0.00984493198239539,-0.004539321416026976
0.012288433883448698,0.041524184878894047,1.0059982937613903,5.184497641262664e-05,-0.05208449286968608,-0.6505911772842046,0.01110588922818917,-8.265919885586017,0.006052222127098245
0.008176671904890857,0.002478388537873793,0.00023871483233803254,-0.0066838871863523705,-0.00258216340897447,-0.004159064703747551,0.002798996527646348,-0.03672181991597939,-0.0046813549599929736
0.003277958871034244,0.024402683369012315,0.054890464620615725,-0.0007016537670770755,-1.0602460861855514,-0.7004610035036407,0.017487968873975815,-0.0018633394994682952,0.004281481915360156
-0.009153188816541823,2.092911561780989,0.021412280941933308,0.002291592271085902,-2.536650846721222,0.0034410778038986845,0.003453030289761627,0.030292338489736934,0.011076147174067116
-0.0009005501045357273,-0.0068073398582911004,-3.920274029810278,0.008413213852240364,0.00674199498772067,0.0025410772973748705,-0.0032378705075091774,-4.390353685198701,-5.919713346813396
-1.5701159668932545,0.004149398716136102,0.005769154095923134,-1.1982417364763969,0.0032686692298501754,0.005549559826647454,-0.0024961184917103273,0.017982117070109143,0.0006282082877834688
-4.234402619414805,-2.4360426814564162,-0.006012360817630749,1.6529058048200826,-0.011023673448796456,-0.004745860767029183,0.0033817480606510575,0.0036030652026969976,0.010503149654452107
3.625050205222384,0.008571477083642837,0.0033593017572920297,0.004431936252622996,-2.917415480248372,-0.01739558523035778,0.0008201606657904006,-0.0005317143752571057,0.0006743693838782497
-0.04181917622152153,-0.03544336078893715,-0.0011384297808199606,0.0569136858578654,0.00472652674690055,1.1766995787424788,0.0018403795708134968,4.602608588098504,0.02257198968939586
-0.013077553313126851,-2.2559493212208475,-0.007413998228909591,0.021676681624282712,0.018185949306253335,0.09607225873556091,-0.00018245821210409116,0.004148257357197852,0.004863163087146844
2.8701990367564205,0.024970876869826394,0.006718414617196117,7.952239249996977,-2.9678159266735005,-0.007710133978508574,-3.1775299429994868,0.0020912585071456505,-0.0047013530647918075
0.001538524765000819,0.042017229856591204,0.007601524224871641,0.0034360695861503808,-1.4762048464285324,-0.0030300498190782427,0.09803758966344295,0.0007319162306599477,0.003994838706710449
0.04937356491806463,0.006651436596021546,-0.005311729369220006,-2.049543558045548,-0.0001108843716999628,-0.002282097493538292,0.0008608905734684685,-3.6108199743408225,-0.0445018938994447
-0.007219385106185548,-0.7525882667614923,-0.007133200816483672,0.5900599331039043,4.601764624480198,0.036770791315560936,-0.0023751652982231704,0.00530000970343761,0.005721690746199731
-2.390022919463756,-0.01018061114112381,-0.025806868044159513,0.06353389829533042,0.004882605873167384,0.041735307424500656,-0.0033077049388342897,0.03403013769057817,-7.212576897213524e-05
-0.003755517872292058,-0.02119020172901326,-0.0005584098149775383,5.856977873021753,0.010568076514768519,0.006229151230529639,-2.8933143495263507,-0.00011884454408230298,0.0032568935252582677
-0.0032600266531369604,-4.336079219526873,-0.02953771127234167,0.01699716057647877,0.014950501883614464,0.04208390840693733,-0.0159272502854719,7.35496369906887,-0.004237587749347155
0.0029208866641039985,0.0037111264591284665,-0.006490837210163141,0.0256388715560319,-1.0080430136413419,-0.0027752774672451033,2.300178321045067,0.0006670472818054466,0.0003565102763493661
0.01193070733498135,3.419997533166388,-0.055131415517813476,-0.01135032933671181,5.21292974249374,-0.002654382382424089,-0.00011221923167100897,-2.1442043876447603e-06,-0.4393409436282847
-1.6003142461126825,-0.004047176613231893,0.006705469292598951,0.00463974656553248,0.0022747131287245564,0.011949428962326506,-0.14323921331165165,0.00814836328961041,0.001665959387614286
2.379803806419102,-0.0005746753894421151,-0.10456251627052934,0.027520215029905606,0.0013948296786023898,0.0007264269323538507,0.0016327144189952,0.0008765720636085616,-0.0020513056105897105
0.08287832788398655,0.0003240221684498133,-0.0037770575871549986,-0.0038886635913600934,0.0023383667174415868,-1.7874160442159375,-0.006902717292674554,-0.03150607701609512,-0.9511135680911029
-0.0023928489729742293,0.008106021413368757,-0.0030684517941640954,-0.0005480998077241667,-2.786806188639912e-05,2.6613698028177293,0.0013319480629141178,0.008560878673741711,0.0003008703014665548
0.017032671432061983,0.13749858825786843,0.0058015050159877235,0.004974193551740003,-0.010325056169356611,-1.1268426870711439,1.3225546966206387,-0.0014644549805013021,0.0013856246986954923
-0.02149397574020061,-0.23790317029289315,-0.6975909177673159,3.223459888100998,0.011998521910673875,0.23452811952938085,-0.005128477886049889,0.006661000711374748,0.0023048407771073427
0.0009641899989126963,-1.348096397861755,-0.01118965250994328,-0.002040089755496882,-0.0020753344316220366,-0.0017465224708799925,-0.004198705963430919,-0.05319547982223358,-3.3060123401575403
0.0015988494073129814,0.004992611131045238,0.006065988159023487,-0.016982057665482636,-0.007983658478183032,-0.015806601993891944,1.8214935770554153,-5.289850798494431,0.0005696905718590578
-0.0005248246365301603,-0.8746999023070936,-2.157529554319118,6.6385997765001,0.020130621876290895,0.0068706640443948405,-1.0025180371204105,-3.2803283381280632,-0.029280871802590702
-0.006949481317437174,0.000594828765287464,0.0004934160828873259,-0.025226390997292316,-0.12443493423757868,-0.008215189071580503,4.208701769996489,1.7264986299982632,0.0021362325543268362
0.0006132477567247895,-2.161891273138418,-0.03508295435554376,-0.0029761936764660843,0.019218606699253682,2.373137671562282,-0.004968699927028752,-0.0030650517559687156,-0.0048698331013914825
0.0011598505398763975,-0.0038936873158011143,-0.02216435675576097,-0.0031960564762507256,2.608447162232959,0.003556200566703943,-0.06552941128436712,0.0007126853461053781,-1.235602248181952
-0.0005779807020368476,0.017630373886572577,0.03683005394319004,-0.00406850374021149,-0.9287917618584383,-0.004501712742970648,0.005865995244780663,1.4102582368516883,3.0809006658274747
0.004111908896016175,0.00968653589882152,0.008339266778778956,-3.704695395053186,-0.0012039966433249616,-1.2610365630831917,0.35639370484026367,-0.009750486655255904,0.002429284984737802
0.0004099180771965716,3.1343645007924446,-6.331182233364728e-06,-0.009012764765371755,3.2828191554665915,0.00286049417392973,-0.022607289865429876,0.0024032243819631324,-0.0075616082347946464
-0.0058325626920432624,0.0029352008959602494,-0.006286826836999733,-1.7376255247870713,0.0018804484118999313,0.0018338866041915022,1.6848045479365061,0.013371588422586655,0.002667396270398242
0.00246617529029254,-0.01140728194507809,-0.007780367972731638,0.00406328438425291,1.141185447091833,0.0029032476676090074,-0.01198977511888116,-0.014816370692828783,-2.0997958949027766
-0.016232186682856767,-0.009147702634694329,-0.008963135946837265,-0.0015808881382899413,0.023093965812391926,1.0987984240960977,0.0007592457507756695,3.3377257757496395,0.0018999904208084756
-0.016097468499597156,3.9300886839182327,0.020115734694959614,-0.0646111371207524,-0.050734333112574914,-2.075260682474499,0.009193216431226614,0.013217094776734804,0.007136447008175721
-0.0047925293806491,-0.0060537480943704015,-0.016878498107480065,-0.0017813327998787896,0.00946855153787829,0.008384482764066352,-0.03197628852441847,3.1459157727344698,-0.016086106750913168
0.0021566965730423077,-0.02069498235929562,-0.05685983394953974,0.000593342700810618,1.5039901279962415,0.0017173968986723895,-0.005605984126262446,-0.012661415589818308,-1.7416500517934423
0.002966714673609002,0.011240492421261801,0.022530382858276576,0.1439092974874177,-0.0014743041206597696,2.0938677411749067,-0.004243298355021158,0.0015557630763405861,0.002838515353269986
0.0028326873481439308,-0.06741475376595574,-1.4614312174000414,-0.004606726820436998,0.20788122326438535,0.0002741726813806633,-3.5122179329335266,-0.023033694490765963,-0.04968415688252159
-0.0031345657786354814,-0.020461145767393385,0.004535577998770274,0.006974335454634412,2.167658494231011,1.1880590938207174,-0.011525094172621271,-0.007029799184815305,0.0018454112999885097
0.0033105406873284475,0.024153485514491056,0.03024880566598658,0.0008868660199172346,-0.026494705506922477,-0.0034147909372726198,0.00897010696977401,0.00176019306364655,1.6715202306417127
3.639863450340014,4.893539549758477,-0.004448781143538139,0.002631657624446369,-0.010217257004040664,-0.008571954711681462,0.015313642283792839,0.0034086818896534254,0.0024536024104052784
-0.003421089395357126,-0.003126051309771262,0.000535572968345213,0.021792288284273736,0.005014499526487277,0.0080267627103466,-1.497306157551202,0.006362863900732093,0.0035981148913032876
-0.004124519145199679,-0.010791852098130827,0.018149879993341722,4.806898057340128,0.015948145733594186,0.008950810681352173,-4.312151881776465,-0.01052129752662398,4.406236310832899
-4.0734394559895776e-05,-0.007431190262282929,-0.004286928825822498,0.6809948075900771,-1.877292520153401,-0.0005126349350120379,-2.4548354240790937,4.017744373116008,0.0016454819493489092
-0.652669549128334,-0.0022670117455610324,0.001386515519097388,0.0010831416240963613,0.0003160154168560421,0.0014893633338431693,0.0027809030310815743,1.5850590333180041,0.0268523222531524
-0.25090423862170375,-0.00285223774820674,3.6974344914334454,-0.006326822242795731,0.0033188902226135263,0.003944716794310608,-0.002237650526899275,1.1656819482105032,2.8800529966906154
-3.9281272535598424,-0.015524798427361756,0.0006979036470108439,0.0968108303000393,0.005261895201143951,0.013712633854340852,0.0024201935224664045,7.722868919749765,0.020401539435194016
-0.0002702646579978152,-4.400119676941811,-0.0162238196566952,-2.4337098036646028,-0.0012053547310257873,-0.0011181768314204449,-2.0887193371897332,0.00021815952185250728,-0.012442287245380011
-0.009325963349998148,-0.0015492445083482298,-0.00473164725237368,0.0003315207489700948,0.0074819460632819905,0.11280133248466262,-2.8381598460901456,0.83773025702684,0.000737094069455959
-0.006809200855615545,-0.05875346824401495,-0.5016163884449767,0.0006741577294473357,0.022825172050428326,0.006881470351346397,-3.914549649580083,0.004463024388250129,0.0012225855818173773
1.6647250771280724,0.011928992853352999,-0.0028666714127368875,0.007470990053717395,3.072742805584147,0.006363734558539391,-1.6258929617225775,0.00010337136175023187,-0.012956899670549055
0.013480627843186418,0.009502858080459364,-0.0007655753534320908,0.009397552192120323,-4.2024612774117545,-0.002169045305414022,-0.005967767992702929,-0.0017918872675806666,-0.00358590323619228
3.0234990054988335,-0.021488108708532502,-0.10612818893765474,0.012402040009337888,-0.0124722267155878,-0.01682114167595819,-0.00028237589608568966,-0.01454743563914717,-0.005049809837416763
0.004218053009312793,0.0029492875007678387,-0.0014469326453132331,-2.9511999312788633,-0.009945109668026413,-0.026112980334353025,1.7177956278680167,-5.04743001012032,-0.002288814115475657
0.0004942232785025216,0.006634099634427626,0.0027096185948672,-0.002751612715755314,-0.002466042849953371,-0.001185303514087948,2.1862690093447137,-0.00030040735274252,0.0006286499801744895
-1.8788515660372207,-0.011838051807988356,-0.5611986052861697,0.007344135022306153,0.004568900015773921,0.014786349379291835,-0.003429477414134619,0.41224195872212843,-0.0012008866371634383
0.0022992706939784003,-3.3785181156796344,-0.0045329806467467315,-0.8022238629260077,0.021059984220987343,0.00037310772042699336,-1.6081343463509032,-0.019146160925064746,-0.899308503285094
-1.3611874815766465,-0.0302182246409837,-0.0014165678063336193,0.006916960605900125,0.0038951725581342633,0.008889765709273514,-0.005872785593301219,4.0763546093936425,0.002522833380669276
-0.0045313663316441655,-0.00867549803422335,-0.004508181165023708,-0.08395840456132941,-4.732396882199099,-0.005578314484834979,-2.420080471422791,0.001890938421219443,-3.6743793308687867
0.00571108595262412,5.426558583988317,-0.001485390110689419,0.015653841709805022,-0.008829018991168364,-0.0020125244990156776,3.0826082418229834,-2.896079169718152e-05,0.0006739650600510929
-2.6180700004600017,-0.02981078311178842,-0.0037579004240844427,-0.005013217011908752,1.8506434126875262,0.00811259173551529,-0.0015061177655489814,-0.003678648542540665,-0.0010741146279798289
0.0008732830161255478,0.00014197137883095734,0.00995554979256488,0.03258529846756991,0.0005587879680833611,0.0024792293495920215,-4.5919354554682155,-0.0009981060350239962,3.9512937860587134
-0.9774900885946969,-0.00403680547662177,-0.0018031350065077097,0.00221151584285139,0.006184581548892822,0.018662680733789943,-0.0013561393819254757,0.010961005295845235,0.0032823543465409933
0.0030746920122338706,0.004769559282004648,0.011796218916533284,0.01388640886633033,-0.0022228552043700306,-0.0014278403806511353,1.3083128284897798,-6.629988429323934,0.7996191201658531
0.015520803629141475,2.5431756183306726,0.005637508634036541,-3.2542058860526724,-0.0006378681254815971,-0.002811441588219132,-0.001981313537733679,-0.005825694643353271,-0.008946541550893129
1.9035266663935446,0.012516777374364234,-4.654674590254006,-0.032194394889661075,0.005176616070532228,-0.002166646862630045,0.010128047229607424,-0.010338578180448577,-0.15274268491849663
-3.3555303155908387,0.00010527921901858084,0.00671872316195693,0.017200981111131608,-0.008219961437950785,1.4879536897189438,-0.008017282965603556,1.359593618403621,2.5161296297510063
-1.6526845903887148,-0.009059418986143203,-0.01332868385589293,0.012282904466916182,0.006231481697973544,0.04113465872296031,-0.002415582263084172,0.013963480791075076,0.0006708804163568886
-0.004022232084162601,-0.009971199879690557,0.12289194878517333,-0.003996489000213835,-1.4694666116721296,-0.7942532262598099,0.0010553550440643156,-0.007901231591856683,0.006964477435757961
0.0009180135819304225,0.03919124717023694,0.007488636070937207,0.00028028481463069754,-0.02746238942753082,-1.6447941305787137,0.004420951686671684,0.004456910403166796,0.002394706967015747
0.0037914563870355272,0.005158711462045929,2.4859644581503564,-0.009211325823611921,0.001125025330514719,7.598757948933284e-05,-0.0032321178423045504,-0.0049958431673729,-3.0342740059522044
0.01774478442497286,0.005027978038693162,-0.0013593523325767312,-0.008018211995041914,-2.5979496261569555,-0.5645548404472134,-0.020342713562562436,-0.006602595391315275,-0.06642043043287195
0.005487958710166134,1.0417169579778691,0.0050616424492770165,0.7550261144922412,-0.00480846852549662,-0.0013894166438391535,0.4221020862445151,3.652369034160939,0.031246602694427916
0.0020885162935728573,0.0007381051274010959,-0.5999458449677171,-0.0015993793384076176,0.02313767158352209,1.445368853218743,-0.009057947524512472,2.9116479188443716,-0.023020596883227912
-0.0006670306547120605,0.0011490370471826262,0.00016698719279675104,-0.0026996141612599875,0.5823218055562402,0.007345176730552783,-0.024724988067118772,0.0018710294964319682,-2.2462799315520625
-0.08304253126896632,-6.007061883008596,0.0162658092944995,-0.006491790965966235,0.013155518633239272,5.256765336833951,0.008600650706639179,-0.007398496744956212,2.1033908838886832
-0.015830669138899394,-0.0028669343650691874,-0.041032919191167,-0.010321002581434861,0.0010295919410538978,2.569645596357564,-0.001098447762168192,0.7024731558052808,-0.002120978472178167
-2.7165908724492662,0.023874623880858384,2.9281073724044635,-0.017059246307803026,-0.0022279216110688005,-0.0009220212203648118,0.015329676507212217,0.016385431817022178,0.15321828050562714
0.007295858640989673,0.0011653699526550055,-0.0023374085027190114,0.005599175421258013,-0.021022129948843074,-0.48585526003473795,0.007515131888593315,-0.0027595814957421414,0.0003527686870487129
-0.02581748470158343,-1.4458202565776186,0.0033393314691651157,0.00857552590298725,-0.00010360151017096281,0.0005512100094251498,0.00028885430320497313,-4.7902882999999035,0.8115261617425915
0.0027894607857890438,0.008880462935142682,0.0030904975646676427,-0.039782519595443405,-0.0062582510757052635,-0.006485470142510136,0.5522080897705135,-0.0033718708839567905,-0.0011210984258901958
0.015684267880957586,-0.0012743514591075367,-0.0039014536916413024,2.1163915112568263,-5.316905487950374,-0.02239824812714364,-0.0002984702141580423,-2.855971071261798,-0.003926988357134089
-1.9010883779511782,-0.004242410220747166,0.003834895204460141,0.011938166489700126,0.003211411628950476,0.018337021621285116,-0.007199018553631208,0.006101289496381628,0.0037390327166226638
0.005828355062144311,0.012783862456461001,0.027089623014871996,-0.03434222146703193,2.8383176027684147,-0.0007106283967320826,-0.003099664353477792,-2.134757124135436,-0.007815845162214896
-0.00046750552019510574,3.465991427691762,0.30385580787598765,-3.9153546408501025,-1.9773436781358384,-0.007052333816966017,0.008265213079448996,-0.000734719504674664,0.0052486896214659715
-0.0011095259906166513,-0.011726792634233846,-0.0033949798308471287,-0.0035134753889112386,3.4402251506966675,0.0016486049471425707,-0.012883621251357611,-0.0005018132646336798,-0.0023740792086160605
0.00713325838576714,0.0029840735445673464,0.04140638073656494,0.004703291836311707,0.0011205898313556891,0.00011446252671675101,-1.0917363243166354,-1.493205067753115,-0.0033808552448365073
0.05591990297665442,0.019107866576844015,0.004588967162093447,-1.0431740494413235,-0.003292034751298788,-0.006992904790420449,0.0036895243802005447,-0.013143556031980204,-0.006993165614943621
-0.004882343738251887,4.1885050095816965,0.007084793739384268,0.002058236429121574,-0.004172289224491185,0.0006819519743789074,0.0004359850270662796,1.27338998423852,0.0049654804909116355
-1.0565306792948033,-0.0057181033528570305,-0.0009365368181753989,0.004579650610619244,0.0048735801748916695,0.05547830043439907,-0.0084250142054988,0.016766868257203086,0.0010731242116394108
2.2080356729217554,-0.0038824290662725774,-0.03102530214942298,0.001921286507636618,0.004348541210948589,-0.0004268891862648956,0.002544297397936851,-0.03600467034937696,-2.756598635209609
-0.004472517855308893,-9.088548562743922,0.0037864127194346814,-0.01677757561768505,0.002612990200473203,0.0011404094911889825,-0.043289187912362026,0.0004233612461985403,-0.004100587780543329
-0.007014890521431418,-0.005024304842578178,-0.016627895754224166,2.1460035798029904,0.0009729967272210389,0.0012895289195222702,0.002853162471469781,0.0759608958140281,1.7348218073683854
1.63130494827012,0.004013622037419088,1.3414525445662462e-06,-0.0021703185169451395,-0.0029469937446161693,-0.007155273075861579,0.003149530438704322,-0.006562834902625037,-0.001461376473838552
0.01389249695860281,0.01109624371299214,0.14927106463705236,-1.058484921068821,-0.004731763540931128,-0.01089485135536315,0.004527503117168384,-0.1802082075501389,-0.002088979653596233
0.004477145821783709,0.001713088607651875,-0.0027141432272127118,-0.001300762855644781,-0.001068778016097051,-0.0014417323889624788,0.0019094266007711749,-0.005282111503453165,-0.0034095156767429678
-2.7449533801355117,-0.0015836545684909855,0.004114449190581749,-1.2748974352546973,0.005755362701132222,0.0028106039523916044,-0.0007788258677717298,-0.002853944501235582,0.0001699487608083361
-0.029825489540394007,-5.435074997366203,0.002678740883779826,0.034436800697494524,-0.0006493460918587379,0.0027392626567722643,0.002301661753855558,8.054887153199594,0.013129285706793642
0.11327292432961472,8.760782362570243,-0.005359980991164887,-0.0011509756826709808,0.013564037566609122,-6.383690154063582e-05,-0.0018860989138985984,-0.009987729490327633,-1.4545667250352436
0.011149238959181159,0.0006570734824170935,0.31342685974935897,0.0215580274249665,-0.08166825031015468,-0.5509127126617086,0.009743926920937535,-0.03567536263112888,2.691039325333193
0.0006354222408517422,-0.5710477447740261,-0.006252174902244391,0.002272389404078734,0.0018097329214357498,0.0002854565881408188,-0.02577282431312395,-0.006825479782924523,-0.005330286691201366
-0.004721009646098007,-0.003894344740084092,0.002737061708257521,-0.24433456263887465,-0.09265105104340465,-1.342063596066438,-0.006177563749179105,0.0005168953051559733,-6.9184518101380394
-0.052106428104255365,-4.9036111277696115,0.11300396302079707,-0.0040765034833402936,0.021972688857514855,0.015548396854186963,-2.2942280990522015,-0.007220488297222244,6.292630638045684
0.016183820103189472,0.012759822467139826,0.0011104930063352073,-0.00959026920115652,-0.005259506595245517,-0.6490725571408203,0.0014373295270018703,-0.0032358660257489455,-0.0041064665899304366
0.8276731702977441,0.17584356763451167,0.024385373571798034,-0.006051122880163224,-0.0067322648541211505,-0.03080620652193073,0.01993149413311889,-0.005958509251922852,0.001040469695877135
0.0038657360404008648,0.014786811076971093,-0.008573233170372247,0.00742402999696207,-1.1144514760207822,-0.005261195880243097,0.37456350692421797,1.737265430179283,0.0024033382605702716
-2.401566896108748,-0.005452212633437814,0.014456597215551328,-3.0154393521432006,-9.148086672690251,0.0018038677522944635,-1.5600673117758013,0.00043419013803557005,0.003303585025926578
-0.011306437341626301,-0.005903550742990088,-0.002305861624208899,0.014850032804778318,-0.0004913322245933827,1.520214328361042,0.0024776391093735348,0.005883322724123169,0.005439829555057309
-0.010456428124592134,-0.008190023474692039,-0.00687054433574273,0.0008045315733743491,0.008977666391291186,0.013068526218853018,-0.015417377191513724,2.558034691623218,-0.003729898621564247
-0.006437739357326276,-1.7295763555145167,-0.0005364032932795876,0.010857318113712135,0.004994004915413512,0.006970158340678181,-0.04623485411367663,0.0022967397979797564,0.0014155499589475922
0.19674759060682429,0.016860151081621373,0.6621781071709725,0.0007721321064404567,-0.010561834446085522,-0.014256838659957494,0.005177645407584351,-1.3525204019527801,0.0015023436227620725
-0.0011914333936105493,-2.8880059059818004,0.009000161157533996,0.04481760055149686,-0.003727846431075217,0.00027052967096175,-0.011864909215418482,-0.0007120590516522231,0.003460623082688139
0.003110417176460572,0.0008423368947923979,-0.0008816191640675783,-0.08300518908585922,-2.3307859408969742e-05,-0.0016416320891282446,0.002229430903283358,-0.8362553882967974,-0.005066229144325722
2.6452030432372413,0.007374956955452271,1.577656174816223,0.00126397929419699,-0.0053241659210943384,-0.02392537188617467,0.05873220782341809,-0.07978626491513106,0.010336329800610673
-0.0019669511043661717,0.00015062723226394166,-0.0006819810465464661,3.091492496986989,0.0010516095552850816,0.0012720136440712137,0.0006977867154363002,0.005843234400348235,0.004507964965425208
-3.7079911708211357,0.00904309442104086,0.7824435813658936,0.003851209772000652,0.0019447073644890123,0.005293131389419477,0.002332342722213547,0.003731432183377393,0.2713166289786051
-0.001850954573286552,-0.39072980197856877,-2.4446138044754493,-0.018304379412469936,1.780877525284879,0.0006527690414739121,-0.0049801608942556235,-1.760610320074705,-0.02347624252195263
0.0057348382392628655,3.031723161752105,0.010412671945359359,1.2241006387389652,-0.005296743237193834,-0.0017273392466774875,0.008801154173486314,-0.0001953236601322586,2.60722273027764
-0.007428066823818913,-1.3382137348762253,-0.02877441450611215,-0.006685634618509517,2.093704003566348,1.7820769258701201,-2.140325014300009,0.0026998164756864562,-0.01066058723690707
-0.005286663357818827,0.007756256384935573,-6.171747056256491e-05,-0.06666602579823204,-3.0772311357208215,0.0003909443185918515,0.00016037910606108655,0.021588399312145214,0.00046261939713684343
-3.6896856770766484,-0.01591687505101294,-0.02057498631514909,5.415240035636659,0.00024499492586342597,0.0005908784993637747,0.0009203180412858045,0.0018585216570221963,0.0007285750921536827
-0.0007386475752115401,0.2553680609682354,0.010812585362590894,0.012906950738744281,-0.014314094092755168,5.770171857400613e-05,2.717701492277133,0.013080373556463017,0.010744008838671156
-0.0008179596614416272,0.8147345738066774,0.0016217989896928405,0.022735897307404225,-1.9848802414136748,0.0010578836845288528,0.007787325085822342,0.48635163441594964,0.007205042142358904
0.7620483046613499,0.0019350257615589363,-0.003823036454520346,-0.0007182303642615711,-0.003332894490432806,-0.008462721603684864,0.0031526829794020573,-0.012204156031820911,-0.004483997341192295
-0.03753834946435686,-5.77871528457119e-05,0.023652396898076335,-0.0012028804984178382,0.00656973788611092,0.01374492886106049,-5.144684274989815,0.003561518902398114,4.7207425850166524
-0.0005313745176408757,0.3598848903996057,2.531868941729728,0.0031158751433717873,-4.924633345299365,0.0006038085441558427,1.380909950674794,0.004583218566550074,0.010923964737856326
-0.003921772831456225,-2.0000248494212,-0.006200545482995368,0.021056255687311284,0.0027853315318007443,1.9058196959908238,0.0007957476558400206,0.0006717683589365748,0.0023856975431215226
-0.0007382191829760662,0.0016515030897777782,0.0013999264167008994,4.652753990419683,-0.000543392676735561,0.0004499759953675865,-0.0003138811620512069,0.00521208726658845,0.0024942953423292696
0.009384107854990394,0.009050727217690116,-0.007978427389313644,-7.580007556616478,-0.0058991930823362425,-0.00895813494313286,0.2717285740240624,-0.00433925549784982,-0.005179941922109417
-2.80081661563885e-05,-0.004573892787826224,-0.0006761567051509002,-0.06386496584016893,-0.0036578107183163136,-0.002198283735524815,-0.0027698700653056435,-2.927577041983481,-2.8518079708006843
-0.012676448130101879,-0.009174921523048017,-0.045953527827154145,-0.005183386751857486,0.005039237012858383,1.4358209203798808,-0.0014370534375016883,0.005365336147791822,-0.001283608041055588
0.021005575543215235,0.0006106211496868224,-3.2818973407865553,-0.004765570981893015,0.030855236595704327,-2.2902322666529713,0.01244286001679587,-0.09515653458135578,-0.006967163992998182
0.0026073893900220094,0.00042353443439713256,0.07614015362156838,-0.00338184391463886,-5.037058929289021,-0.0035131347484059217,-0.02106638435652512,-0.006531326772996247,-0.0027235821267561564
1.0266247485911615,0.002262814820700335,8.522584883702278e-05,0.0026993264522102494,-0.0069025528069497355,-0.7569361775051796,0.0008982682711534962,-0.006487023965650923,-0.0018415092218175798
-0.0075768271340639695,0.006130437773490583,-0.0005287337423391172,-0.013084678452299131,0.0026808851317981774,1.7406728478432527,5.5320391781757405e-05,0.009386433288161394,-3.0375646196947534e-05
0.0051525149439761485,0.019432809291174295,0.006433823003303893,-0.03419517322431624,1.2853232606818266,0.001995373732735995,-0.002149297361593103,-0.002853658255327282,-2.2942380171004864
-0.0033554558964786424,-0.005675486646704588,-0.0016935588164975945,-0.018375897228432584,0.001972557203416996,0.0002577234791552397,0.0008645030983625386,-1.925803845674771,0.0003897472657209272
0.3672582245629069,2.371549258159332,0.0016281156469100909,-3.217136887792817,-0.0008490698090394405,-0.003267425637412637,-0.004710020992730532,-0.005900388597743111,-0.039333058311931235
0.0046477121732945515,0.005515175314994498,0.007046895040275621,-0.0017940379948817111,-0.012138199205243533,-0.48753164698022755,0.008554722098097909,-0.0038949646232601777,0.0011003722427063152
0.0001592035826012999,0.02419353407216167,0.013397538384179206,-0.006860168259922096,-0.07702608960035456,-0.6390785860620164,0.023842831797692324,0.0015170677395454928,0.0035298343738014615
0.004813282108676022,-0.0028383298760785783,-0.0513293285528206,0.0028716674666844286,-0.0013245843771720876,-0.0017602647894239152,0.0034427259295199183,-0.14153501013931558,-4.543142559211226
-0.004455133956989543,-0.00032196316052335305,0.0012267375452030133,-0.005572552817349974,-3.3381120571117364,-1.5737057003302244,0.42829978489427933,-0.0010670833644321753,0.008825745704096494
0.05501454688822818,0.0035576276098425764,-0.004252610342784973,0.012884947170756979,-0.00020694371542024907,-0.0008374267507679735,-0.8328058094918669,-0.0038402611126701,-0.01564066333410298
6.018259331628312,0.002382996575849755,0.0003421641791224103,6.006797738228074,-3.851513118622326,-0.007277295797909256,-3.3471023950931227,0.0017563843860016332,-0.004607920435481222
0.018002715331858207,2.296308478817421,0.025430324173993296,-0.0035161996246773557,-0.01020808749899721,-1.1445188712024872,0.01018541192513761,-3.947266225435988,0.0018631988263655141
-2.072629036747529,0.007170160402076215,0.026378757271561797,-0.0001970718959597024,0.0017324635771418587,0.01462704680872351,-0.009444662818226257,0.17621636975391206,0.0032521371438707022
1.836374162694789,0.04233784989479905,-0.01755197364189781,0.0217138170876056,-0.04207633003554068,-0.006771966285817131,1.3765225661132197,0.021001921248869085,-0.00047102159772385854
0.0025329556780107486,0.002161771373067072,0.10286431804160781,0.02788986280079043,-0.3154093887239887,-0.0029966878269652437,0.0008472547591673506,-0.002055924291148336,0.004064986776086503
-2.9325770161116007,0.006157187424105092,0.003418347188876479,0.0025654113212769504,-0.01158517453196281,-0.0035617821053579753,0.013843495424985426,0.08841777421012947,0.08461939397884521
-0.005829314199488501,-1.9748133543261908,-0.004991589065628545,-1.6624066440338268,1.6614260445665558,0.00467300397448276,-0.013940085283854688,0.0008692512475880752,-0.0036629780774139822
-2.6521297477627,-0.047356440901313857,-0.0008285311957468219,-0.0061141495062789625,3.688215903215017,0.020038816141377147,-2.5566580732629225,-7.210742099494354,-0.002444458570264707
-4.186069814794264,0.0017917746357429057,-0.00555495832614771,0.0016929526859392483,0.008865680120173289,0.9116124867490031,4.041846457078329,0.044882777816889756,0.004418847788586311
0.00015320482413992893,13.0531276297096,-0.009290428706980741,-0.036613226469501166,0.8234259236160035,0.004066655868712153,-0.012379923663727477,0.0013732493813864996,-0.02519626384131414
0.0223100755747951,0.0006815144105444745,-0.004329557476113711,0.0426273361572546,-0.01743161570563523,-0.260944838485628,1.3955594175455441,-0.008288461748768645,-0.0020067009465586333
0.005614649096831082,0.005816184104764199,0.028316653786335258,-0.08359979928190728,-0.0018885333070714928,-0.0026671814593742706,-1.2543582351987332,-1.7669101059737564,-0.01783322292348681
0.007994732761209863,0.0024150390717626886,0.00709659579359113,-0.004137170195903496,-0.0014489393195383708,-0.001370513778793196,-0.0035288540561409683,-0.4666012565968155,-1.3948112547965361
0.0012087893322540514,-0.003536438269884148,-0.0068305486526069065,0.002641623808633976,0.03354854693474374,0.0020253881822190276,-0.0046554545388144625,-0.005254348463116474,-0.007657992941916047
0.002700509772223799,0.004879211570883661,-0.002324914810484398,-0.8372110538620149,0.019993408339967843,0.0008889571592348988,-1.5691249920944137,-0.002518396131871733,-0.0749816524903226
0.007505287363242224,0.014824108774973394,0.4756518794908109,1.8711208671866437,-0.9097606431666169,-0.014420598946359657,0.017684276873274028,-0.004154795478151619,0.006991733312841506
0.000605353932977914,-0.0041549131982980825,7.16692433094801e-07,-0.04987971108373973,0.11620045220901092,0.0020417876814093766,-0.6942973975943297,-1.154253478530878,-0.031005732408354164
0.0007444912192535805,0.04045281976703069,0.008215922440563746,0.015445310433830909,-0.0011171030836611953,0.0005438944484272359,1.724615692788227,0.004861263340851872,1.876979230021866
-0.002073075575776004,0.0005056702743199137,-0.0023473205211061244,-1.9362080340384509,-2.1777895257037523,-0.005588655254716718,1.841530183801506,0.002183453890029611,0.0007201990104875175
-0.017126597702786434,-0.00041066962030258947,0.061727247266891765,-0.013282865110271672,5.096051361584445,0.0017768615529850096,0.0885612998423102,0.0009402310390534407,0.019768632929174627
-0.030191648986574567,-0.022703507703787845,0.0008179122853228614,0.007494333540535103,0.0015610998849389943,0.007189500235870644,-1.7998060269712093,0.01102883341944709,0.008336703581211819
0.0011705369527361938,-3.347314348023788,0.002367643370538658,-0.002018944030827558,-0.0005855818840815943,-0.0008844779988044871,-0.009949445968024155,-2.0072766089246423,-0.0036943489849523593
0.0001724944393342344,0.022886684975154503,0.03727678902308814,-0.00233073153235811,-1.100819175368559,-0.004123410443385898,0.133352564923079,0.00027648015231053003,0.004732813321669483
-0.001685748593777011,0.0005752392064083452,0.0004482560490782562,-0.0036895883484604347,0.6949079564142625,0.006386331544155088,-0.007410923148435853,0.001880789844410466,-4.059821572249062
0.002500624858298134,0.0014235891511441604,-0.0007050015812858796,0.0016821323873080982,0.0020935385362645014,0.0005191618517778442,-0.0020110808795049976,-0.002445992655515622,-2.261951788728416
-0.017030028746013948,-0.7650154850590889,-0.005424193348978654,-0.0014159966343988877,1.3376733910444916,0.016463469523957774,-2.316712136108311,0.004842098497964827,0.002366764950310128
0.6078891376952128,0.02996222435317699,-0.0023944702652867957,-0.0040010367614929515,-0.0019446406233640185,-0.0017220558753362819,-0.0005822187753504364,0.0007620247165617583,-0.03854562559112156
0.017374521994930003,0.3045167654500158,1.4597505508111084,0.0029635161550931044,-2.2903195859569685,-1.1273360534115735,3.1391031810786405,-0.005751835945608297,0.001673331519484858
-1.0014224087282038,-0.11138475600948,0.002297362652805823,-0.0054117707125440765,-0.0070726990327631255,-0.0035629002786388975,3.0790889072312346,-0.0019586358543045215,0.012463366972380277
0.006581946481819187,0.01757436744867443,1.1282952323626185,-0.008631901923774186,-0.0005988362599027271,-0.0004664495880269152,-0.0015302674059820705,-0.0011843173339848856,-2.978079150501695
-0.00012781379370701662,0.016444145342818406,0.002806161174057187,-0.007168027505046497,-0.0073968190642941245,-1.7316476999690027,0.007553186190787486,0.0025234053779384187,0.0011512626631897584
-0.003509795133404263,-0.0027770952605210915,-0.030397509474545517,0.021415309220151488,0.0005149000814459806,0.0008775547306077286,0.0014710948409307123,0.2666686518174157,4.262389458787355
0.06583031018196621,2.438295461068421,-0.005723148690573863,0.11599289449266088,0.006740050500971137,0.00025964531478029143,1.0699041177781523,-0.00423122423894518,-0.002812235941851615
-0.010764004100282179,-0.0022517700982116577,0.006152895390592626,0.013044210600542283,0.009528547168213358,0.3232289886143885,-0.15431640619102038,0.10780359678023443,7.303822979206372
0.004118129859670038,-0.008468519322324314,-0.0020472526261102403,0.001590965176876966,0.0014818835016772722,-0.0012121322790474426,-3.047970010767551,-1.1942743985661544,-0.005678036040210659
-0.020355825368113145,-0.061597677482533475,-8.633324807085465,2.818854956668506,0.0019402439631996393,0.002985214492227578,-0.010549872693159101,8.532125089245866,10.38868511132415
0.007065072402184007,-0.006233543066388569,-0.0076125544498712346,-4.183863195642841,-4.238079070474402,-0.030170612656197637,-2.2306777220224636,-0.01075897537862663,-0.1041641184375297
0.0008774207729343213,-0.011868139087128068,-0.012961924591585863,-0.00040238310638840294,0.003887808032472107,0.0008081674153613521,-0.42996724935140324,-0.004169132448401418,-0.6573671649841579
0.018903552669555054,-0.0041880425555947745,-0.0067927682681223015,0.0023496721584563736,0.0013014625330243224,-2.4794788733440094,-1.9747586037589473,-0.015346848335209537,-0.03310004207533504
-0.002305551987409532,-0.0033443769905339704,0.004339972775170767,0.0015790252322311071,-3.9689944463406674,0.0009782851171714346,-0.005677684490026193,0.0022369939597103854,0.001634921509691075
0.010502539650773607,2.0429235969705273,0.1881240598053177,0.001433168584680516,-0.017402475920927696,-0.026301731361862507,0.5289052036792428,-7.44107272133852,0.013376199266326244
-0.00026976734472342837,0.003149543060732846,0.003784271614465614,0.009037080431377163,-0.0013744699400133418,-0.00010776808886790658,0.0025713971851508257,0.00549745264698611,1.4874698277297913
0.0013151057154036864,0.01289887498322037,0.0028762656170961704,-0.006578601039490279,-0.0037996280550051573,-0.0021376365398858253,1.8225295559733647,-0.0007445304768793951,-0.00044090645759515493
0.0007208210824467681,-0.00151771866199054,0.005506857003890785,-0.0016516722267583047,1.4976462450233503,0.001413528561165868,-0.004834579423974871,-0.003955851688812315,-0.001473993091557808
-0.0067465104475140595,-0.16190055116473612,-0.01265912841748424,-0.003316506737848012,0.12445577968419355,0.004962719417252866,-0.012945125600767935,-0.0023260597100841565,-2.779217246837915
-0.005917558968942696,-1.4208263847657607,-0.005813143975497637,2.120996125143035,-0.0019190588432462085,-8.304306491629037e-05,0.003742192208147971,0.0012650572015956694,0.01062689837450568
0.0003672311903253067,-0.0013323526714467404,1.2140171437584424,12.454085293505193,-1.7974234681847185,-0.004589988674294568,-3.7242096121271753,-0.002412144308569438,0.0034621953576469133
-0.004774850064818384,-6.567202186742783,-0.012553080016199508,0.023890496337418243,0.015882668227832797,0.0037968273368143533,0.008161943626117635,-0.00037425316914729834,4.117016081662971
0.0005938699993885167,0.08518595698275155,0.5319972712035851,0.02730215196953656,-2.7960043166097854,0.00031633355609300695,0.008356639512242933,0.002378967802027381,0.00935798415766268
0.0015306547322470171,0.0006388310496802038,-0.0033295734102070816,-1.9874845914242238,0.00762619533982258,0.001154219345345724,-0.9312697360825108,-0.001542627331826257,-0.07485966269332547
-0.000953328070069745,0.00017052653328703937,0.007186329296739211,0.49783776166169025,0.00021957492168704065,0.0010138805824223013,-0.0037314832006694445,0.005265203409519935,3.617004664697176
0.0009252366347592411,0.05340160505987912,-0.0018954082649872486,-0.0029811697086684907,-1.523641169536619,-1.663707220705608,0.14601119346608726,0.04408347154797876,0.0020005119424861915
-0.006554948964945809,-4.628470775397384,-0.005295983469324146,2.571639092433295,-2.410694928610238,-0.0006290200024124531,1.8927702764775742,0.004460918231121554,1.1885836975911963
-0.003993946673151175,5.162331322736087e-05,0.001970810787494867,-0.0016128053811794996,-0.004395171104487728,-0.0006088972392763749,0.002929579318917591,0.015697856665920364,1.0826966171041517
-0.06677236656866697,-0.05477945787008914,-2.713622264345651,-0.0029836014227421492,-0.00036516722292789794,1.6541525843914395,-0.9936850709111766,0.008258084528334458,-0.0010722576590511835
0.0019629612938453778,0.013136913394178149,-5.691163879694478,-0.007662013161562592,-0.017601832553866093,-0.0056431505038533475,0.1256482903236537,0.02617511736306427,5.9046525185764995
-0.8468446091896751,-0.0030296835663116964,0.004456247316233535,-0.006377557564220606,-0.08191475052823394,-0.005398373774440257,0.6097919658579007,0.006595276823152277,0.04713854811711607
0.0029874601527477614,0.00041182622935150687,0.0034044465076954675,-0.008736534740070533,-0.007084347786185621,-0.7214711236130742,0.00617878977454063,-1.561562893223618,0.0005097596677010215
0.0010437532908345011,0.02024803506059078,-3.473137534911277,-6.440919602253336,0.007063934008586761,0.0022240201625075215,0.004332883568444205,2.860166240414612,-0.005516040194616781
-0.0009668981910691604,-0.0029916641050653004,0.0006483081765877709,-0.00457534741809771,0.009986173532646574,0.002109117552590507,-0.014173755950887417,-0.005058833669807965,-1.776655600263774
-1.1556855495596843,-3.8932209200525456,-0.002491221058454285,-0.03903385277454471,0.7220710817738727,0.04382760488430648,-0.8746335077537966,0.004017694835518174,-0.004809257986229509
-0.0025183021467471145,-0.005391954638611557,0.0013843166426638909,3.8063681108417846,-1.7558845926723308,-2.158663314714209,0.006913659746754244,-0.0006258526573600376,0.011568015290041754
-0.00023386436082170614,-0.0007929980790667979,0.006496916919883444,0.0024637198285719607,3.6230940190665275,0.003455671224791068,-0.6009023850019123,-0.00035166342176047236,-0.00015082907174804663
-0.01869634614326221,-0.09836821576729382,-0.010837225545378007,3.4342051455507017,5.321026489668933,0.0437215963948947,0.0026477323935483006,0.0091083616990528,0.011095421358880992
0.00039893015367271564,-0.003570143283652457,-1.0965405344677315,-0.0006843576837920803,0.01773828344299433,1.5178648258963419,-0.002389202290314349,0.000643104715870849,-0.004048740872872757
-0.11240868130479387,-0.012058340454267652,0.015310623695939163,0.0016784524002392961,0.06247184564057712,0.792859996764344,-0.003449139026577539,-5.389475098399933,0.01565908006530775
-1.1228902963534,-0.009675163884805018,-0.005645746574452159,0.029821701097110267,0.003318738724918493,0.006278423826257187,0.0008606361351305514,0.006076129802404866,0.009766406521939584
0.06946512132184829,0.04592845524967973,-2.007629768216885,0.00024109977906418972,-0.004521534480809997,-1.4331895033178839,0.9765259888500673,0.0016946068411232557,-0.005094055821840356
0.0005847179242481609,-3.0947478445180963,-0.029485883080388922,-0.0015777114955594592,1.8281811703196391,0.0015917146936161794,-0.006412339729116132,-0.001176810289554692,-0.00404296606067002
0.2799508217341387,0.006593758552678544,0.000601901077813763,0.0004504077521284886,-0.002888595935208847,-0.0041761193312330955,0.0030775543726325686,-1.6234280709116617,-0.0028324267664490074
1.1671790753193834,0.005665961702557152,0.0033171037906732795,0.008320443388433412,-0.04005108546250108,-0.035361954140356984,0.002899779149698599,-0.0025626515551314937,0.001626598124574257
0.001061378560881874,-10.341905172022804,0.001701890265634158,1.214506296031681,0.003205943265949293,0.0008960114041621711,2.3570202669665097,-0.0036132068583840365,0.007632262404595212
-0.0016904319034959162,-0.8522051829589059,-0.012300207067446842,-0.13061423803340136,0.0009703756254807929,-0.0007677984736468488,-0.0028838858100724823,-0.10665246010676777,-2.2272427771257832
-0.027016869335153827,-0.007261183439018501,-0.004089351488149592,0.007158214461832766,0.008455480194598419,0.048368380744526866,-0.004318514591744649,0.028254906882210492,0.0038661529190575365
-0.0012215840250960272,-0.00027432237764116185,0.0037002125866238324,1.542517034689032,0.014103006978360998,1.5743313314633516,4.3281008313156155,-0.00073736453742939,0.018107771607321688
-0.0026104038292763627,-0.0021505574803103375,0.006041502056294373,-0.0021056720876516427,-0.6204406511326725,-0.0018560858082849368,-0.0004945288937428709,0.0018990516721344244,0.002840043172025377
0.008376156090796042,0.017095190580196755,-0.00034827449270960487,0.002653342685183288,-0.008035306849700552,-1.8453619562104073,0.0022804415347476847,0.001606218980899174,-0.0005441460390753373
0.03243757620480502,-0.0015914335747378395,-0.004981409202780163,-0.006066807824448815,-0.00147255986319203,-1.0117432812172114,-0.002784606416478791,-0.08928277419009789,-1.024844405623064
-0.0071632418626488975,-0.004643062479775466,0.0004603941538613471,1.2888198870396073,0.0030556857166586446,0.014794366903942945,-1.1178185500745075,1.0351206214958155,0.004436950697015735
0.007136598272650391,0.0017046502289022169,-0.003136672799026982,-4.575605536908739,0.8618571956452494,0.0006985694300970678,-0.0015558026376704948,-0.5975740378607085,-0.03689408332301444
0.007802217802273602,-0.0013569927495844737,-0.005821908525641634,0.0019033578568274322,-0.007947262928872753,-0.406018258124728,0.014782208118300576,-0.007250910474567922,-0.0007863443480342347
-0.04404570932647875,-0.007213785402438571,0.006536193969188794,0.02751677626572452,0.004417765935017873,0.5412898032275785,-0.014558187486607962,1.3848817109639286,2.036538535736585
-0.0002507706306063076,-0.0024422189998566345,-0.0022010868907586987,0.0016920489862259653,0.009304135234042606,0.002193599577529427,-0.00800292403402336,-0.002216857577563,-1.813888641156308
0.002454000298377175,5.225095961778271,1.302200718508491,-0.03708018527062639,-0.010694814309631873,-1.2337287351012491,-0.0051215211952472806,-0.002277942157421652,-0.0021762125206591324
2.3288573275971323,0.0019159600851281753,-0.011603046181194192,0.00685301992409145,0.0003580621851174137,-0.000587100199061541,0.003390824278926098,-0.0001062081813387647,-0.0009757814048868517
-0.008565281509120615,-0.0056663428372290894,-0.00599852824286537,0.011236040975462463,0.006393262044410264,1.3921935235457226,-0.0035901873878983193,0.01652692959899954,8.413125238517313
2.1385467021874005,0.00785891602068172,-4.165792959029193,-0.0007809718060225947,-0.011234401517170263,-0.19699953901431994,0.011331218835217371,-0.0008072399338670466,-0.0004973966596262119
0.8047723838637728,-0.00033890962819752707,-0.0026860862096949626,0.00651526500888916,0.002650589617861427,-0.00015847639296040668,-1.1393222666592513,-0.019736371537180476,-0.024031720233225563
0.0009553374478842303,-0.0069767414031916275,-0.0171212420669745,-0.0043917571485743295,0.05632209443363323,1.2266553674740697,-0.6093200312841818,-0.0006997504337944681,-0.015663951123637766
-0.012317067990913234,0.0022847295446927667,-0.0009992345098156497,-2.404542670720324,0.03687009087599824,2.591030267577729,0.016367879360817933,0.0026050802707372166,0.002994076532607911
-0.0031363280093209033,0.0026454497399550046,0.007632306139007603,0.006692963403097288,-0.001508250542205312,0.0004190782790890857,0.0009733156027599673,1.0376064593775995,0.021984116011970433
1.016965227331813,0.00714515149513525,0.0026800464682529496,-0.004755009601175692,-0.00657281779243973,-0.12261913405291101,0.00424291265466642,-0.010582384236218092,-0.001604664370678112
0.002784651766919414,0.0005576489374419568,0.0042869111583508325,-0.011263371277996804,-0.0011609651741651824,-0.001555835078416744,-0.0006075868811863589,-0.014415366219169775,-0.004021452086203858
-0.00808836113659662,-0.9894365653528159,-0.05556600924331523,-0.008143476541831422,0.010297109453930586,3.854844059599983,-0.21432570287658237,0.0006608206703877344,-3.0184464338741313
-0.11548385146858003,-0.004499271311513819,3.0065784222280945,0.005253344651911747,9.788347592851188e-05,1.208335204524019,-0.0004781255929202505,0.01067245435935698,0.8136423877822705
-0.0007453545196461973,0.00438484993139235,0.9762991383557075,-0.021104074452745737,-0.000795299140556497,-0.00014975460679882548,-0.0007350891950317239,0.0011423985256247937,0.00016362341025917418
-0.0022607677146234883,0.016824883302620268,0.0070130051583288475,0.0038522960249173614,-0.008414283367070936,-0.0004830337051384022,0.3393510349087868,0.16750765004468904,0.08273060985468536
-0.008814987100623645,0.0012099118314596695,-0.0035301657283815235,0.008202619351792617,0.004514205329686383,1.6088423127336184,0.003759928627050685,0.7583552773243198,3.8375295166407497
0.0010680506658088916,0.6962860050772615,-0.0014836451191061872,0.03270300219265933,-0.054574647042212335,-0.0009549825132221974,1.7310587553863428,0.018863549027436442,0.0037521056224781198
-0.013162331277969758,-1.1578717121227857,0.0027194181734479057,0.0012516489753444373,1.3516315921870197,0.09642821422256553,-0.02792502615523619,0.0027185444639825267,0.002386739426909735
-2.898838610310072,-0.002286341236620429,-0.002384876187883817,5.320675574925595,-0.006543481571559984,-0.003781568160448571,0.03984146934389263,3.7401843363537917,0.04335025196145248
-0.0016717832453712056,-2.110903611320836,1.648530859794457,0.010828345195790328,2.4576976425391646,0.004465306588252421,-0.004389980523394531,-0.003942139081202023,0.0054879901400966
0.0025887115278483454,0.03024379375088221,0.006569910181313005,-0.0007548441308871043,-1.5940310326399016,-0.005520299363623596,0.013725510004053556,-0.0005826822632248908,0.0009585823412642815
0.003829862728505911,-3.481084705062706,6.358905892270146,0.002351539611974665,2.7331282421202827,-0.0004282222574714667,-1.9256898844270696,-0.008393843948471324,-0.002865624884434261
-2.3632797056326793,-0.018019205062871413,2.534667893257167,-0.0007968370141593975,0.007654530696732165,1.5389659878920492,-1.3753438782691578,-0.0029506412561206632,0.0030814410809886505
-0.0009219746824049371,-0.027018110925485103,-0.04823088155286192,-0.0032319008137906904,0.008066457437160382,0.0009969963091720226,-0.004043470270469636,-0.5365086464178033,-2.0811131250237267
-0.0010040219011877732,-0.0023146601388815604,-0.0008111890168136355,0.0003524845352565451,-0.00010154206421745244,-0.00013094605195100532,0.002202530677635912,-0.0007750333741618611,0.0026333275810270446
-5.181785558400903e-05,0.004472356620919243,-0.0034228215522950096,6.997779720379052,0.015980447396598332,0.02642946285191425,-1.8674477779848375,2.731208758566465,-0.006980156440216656
0.015608981453175547,0.013713116750666445,0.008454236877312329,1.1658211619402468,-0.03219914243838906,-0.006846814379653494,0.010209210400613917,-0.005502998271362747,3.926671556022715
0.002332365679520479,-0.003030525547143732,-0.0009723136534888295,0.047479499758435566,0.006547998454962397,0.0019839030643766502,-0.0035600398001212705,-1.139739523290644,-0.0033132606639684654
-0.006925762432139889,-0.012751084496761317,-0.05999209500764133,-0.0029141390352742016,0.033970596109026176,0.006213741209463754,-0.0047428212554066216,0.003280567965642777,-0.0017240661075036059
6.323333210452522,-0.010639956094179392,-0.004171460770549071,0.0007804718160116519,-0.004005067493518227,-0.40016276800125894,0.4524408010302179,-0.13272910958215967,0.0036092278586882243
-0.009300028771394311,-0.00122189796649666,0.0027544598908130144,-0.0029307393658257325,3.3993943219968585,0.9479673691982722,-0.0030195042454149133,0.006692426369966947,0.0024791070144797086
-0.001910808799502381,2.6304737430608247,0.008186867422131195,0.0026963962063970555,-0.004010064492709568,-0.0004397739849372679,0.003527004220385283,2.1104158461416644,0.007685518951591079
0.002128104876137077,-0.0015489442759645355,0.0016548010444711518,0.000674752098723066,-0.001077410979085042,-0.0012976669364480275,0.0014182344712310676,-0.01760600094339682,-0.00019474371725631433
-0.0008350017277534705,-4.796285635130623,-0.007624605082194466,0.002320140029228916,-0.007511524615857967,-0.0005002789598004889,-4.644388517930091,0.0014196123044496606,-0.0003882116545945863
-0.006442062996028003,-1.6112216888601836,-0.11503997052306139,0.967326822617155,-0.0016277883016212608,0.0006860469542041743,-0.0032166533870174666,5.067504997024726,0.00033945714090161117
-0.0029496677825811,0.00279790552443987,-0.020389119668819827,0.0036795241864496266,7.37930180594101,0.011853759917479723,1.6949443986677077,1.955544563495685,0.002579561100169745
0.307801666217849,5.278852161623632,-0.007462231951243045,0.006252857062970964,0.006416679518707064,0.0003633594996311079,-4.133691396441936,-0.005407467144727899,-0.012312853516352362
0.002433659146329586,-0.0070980805068009065,-0.004326323706402712,-0.03954279951729679,0.0006155767483136548,-0.0013543998237269218,-0.8989148283624221,-0.008881936485360245,-0.08639699039756243
-0.024633660392072886,-0.010312193861502854,0.008103449842374887,0.0032726775424129274,0.0033248778373834997,1.015787110349963,-0.0027285705561218634,0.0006714562371761691,0.005771183363855653
0.006722723651801784,0.003996584604087881,-3.5625517721699156,-0.19714561744977754,0.007393648769757066,-3.2089447287159407,-0.0024324260156826094,-0.0030647138613328403,-0.05318186961810145
-0.0015131412771198782,-0.002865632258224393,0.36728809001708773,6.103992759014824,0.015383185244276343,1.426783174360036,-2.1236541540718896,-0.005414239672623236,0.006637780972341398
-0.0062481584520019465,-0.000809606199978774,0.010952978163587583,0.003097269861939443,2.5864501804416697,0.6490221794354643,-0.002635625221793305,0.002768886938291165,0.005408496035386928
-0.005880666567317297,-4.121585796532354,-0.004806729209483412,-0.002994185914924445,0.0034981100508749002,0.002183722614446472,-1.5618298917460347,0.0009758765571088734,-6.2512199239520685
0.009718829561506428,0.2547148752192282,1.6323126387807636,0.0025541940245828623,-0.5684429298322303,-0.00641004051268837,0.0037923082141649365,-0.002221372845507322,-0.0002497534746227362
-0.04703277745073049,-0.0017870102492371807,0.008713742580783715,-0.013693660473109118,0.006117644304902144,0.6939785958679318,-0.014057252392388898,0.0037790347936972643,0.0008629607063236101
0.009955323643215764,0.019346347820738352,-0.005083444092459518,-4.529871534048149,-0.004611146725236126,-0.007806223297018411,1.6491822399451608,-0.0026743013295949074,-0.012612714952996176
-3.5024704013409855,-0.0028710822272331876,-3.5369120822459177,0.002905159181938826,0.005990435837789396,0.04294676233803048,-0.00897667363382159,0.24400318453605144,-0.004143975396116759
-0.0048331847517033705,0.0014985601894801429,0.014113728217572926,0.006954268466701516,0.0003995082711212017,0.002178380970242318,-0.0026749957002428267,3.108493735301017,0.011270813650167674
-0.0020224090931911937,0.08605701997540022,0.03368656696579371,-0.0084699004621028,-0.003661121504201669,-0.0012040037922233793,2.4354257534763546,4.392692530500403,0.009975944241142787
2.8598310875029354,-0.010405020651846342,-7.606130262924616,-0.006692845101613763,-0.010786695657754503,-0.16168361818607987,-0.0017963839544551385,-0.08497180979968216,-0.04800525364209973
0.005459222064723173,0.009156865931495898,0.007222585808223797,0.14445234586517366,-0.024376397058336052,-3.1872226221610807,0.0010690697593630505,0.0014063967592130135,0.003472626479354351
0.0006928825227907169,1.6911478985280013,0.013680325893704194,0.005193473841757377,-0.043912385549424345,-0.004201537851146458,0.012057369089335856,2.388257103024237,0.01925973910918099
-0.0443778320100364,-0.01204007490361945,0.0022234453532607307,2.9973289870039842e-05,-0.011266246121340195,2.672693954456724,-0.010755521005851365,2.0777437325982153,0.003158155255496717
0.0015521972417097407,-0.03241223748901054,-0.015322360935548299,-0.0030986402894804506,1.6708697786625184,0.000687326741659812,-0.1583455285258851,-0.0045491011799842305,-0.010929943692655215
-0.0017765221757821276,0.00030981171480456635,-0.006464174730126376,0.35073414891904275,-1.1789649467493961,-0.0012152543924040561,0.011632928665169904,1.0045743796616753,0.012522417708111466
-2.8754502231109225,-0.0017380914524091004,0.007886565514847958,0.017114647318751664,-0.0025044837880371165,0.0004332390086201022,0.0018997106520109858,0.0027774808074013963,0.5700956668393207
-0.007867831531343742,8.847678191664187,-0.03589645239323658,-0.010482944105881842,2.0016106329062673,0.01028420825917662,-0.0025595704959124957,0.023391220434545584,-0.002223311168592231
-0.006946954296129322,5.184990391791202,0.003099183329498635,0.0016749921485177998,1.3471127513912378,0.014047928558223538,0.002933769483756423,0.007688717666998641,0.004544357389436353
0.006433440700868402,0.0029234185869937133,0.0017990607126410034,-2.0709046738550403,-0.007094695491055968,-0.005667683027170725,0.001003580592840253,-0.014603854879554817,-2.134987780069875
-0.001409516911163792,-0.015974943995778774,-0.022360487419644224,-0.0010490625633736796,0.0013887870424955332,0.00028461809396555993,-0.0010446683208563442,-0.0016477318547329194,-0.0017371263464037133
0.016338733493500134,0.015645113503519326,0.0014583814648934132,-0.006926974625482225,-0.49036723256375236,-0.06708081013484428,0.0003849966424289669,-0.00330447225544089,-0.0074289483946230455
-0.01322146405147391,-0.00966196611763142,-0.26195720397842215,0.0049872777000070645,0.005858322069341268,0.6461971039771034,-0.0006049879875987714,0.011500382260765447,0.0012372120228423735
-3.261870186534698,-0.03685638298321403,-1.9935069256930094,-0.00938522787927662,0.033471684419817405,0.7081448753183235,-1.8461027356004056,4.628896423665607,-0.024478217399148294
0.10164217554072334,0.019804047917729,-0.00490954678031303,0.012276617170599335,-0.00217686644596074,-2.4370270446539233,0.01024496881461448,0.00013099797755365033,-0.0005635373822228534
-0.0034311482219206296,3.7856386177083508,0.0014520879961903849,0.015298266613255784,0.0008398511579408019,1.523155907542666,4.698324820694484,0.023546883972241778,0.007052122695763802
0.0036635850526592923,-0.00346458297176662,0.002572821540489406,0.8043027224172064,0.0008859075389644477,-4.150147300309355,0.016353344025601402,-0.007816029795682699,0.006104111616006824
0.0016905971899632347,0.0032977996360073116,0.009474431020033857,-2.640734960125042,-0.007588934147391397,-0.004023394776866435,0.01371928031510478,-0.004551424409610334,3.9840113441423
0.0078270148999358,0.660974146502719,-0.0011319933708447806,0.0010607800698372804,0.003271737475513641,0.001348279882305138,0.0016394041197182858,2.16191632396641,-0.003468416681461608
-0.003580811329420552,-0.005056623795302009,-0.03258589229581535,0.014671221337378196,0.0029905307427431265,0.003576219531235593,-0.003972288200910086,1.7154669926733594,-0.001548122729525949
0.0011538189912906351,7.680477504838938e-05,-0.003876585496425486,-0.0011428196349578734,0.009015311606023896,1.1629834172774454,-0.060442024992133137,0.00136034441196853,-0.00576179490324159
0.007988166465334814,-0.00401161659115296,-0.005903956598149782,-0.013042126399844329,-0.0011196211993726862,-1.0879088065013616,-0.0051859430354669195,-0.006885607189459641,-0.013173071691950814
0.22623800467697996,1.7284061913344908,0.00623921803606782,-0.005596643583565716,0.0006343301181251093,-0.9979807801854503,0.004357318485356157,-0.0084204995732955,-0.002970471853355401
-0.009119711917790888,-0.044313410766254835,-0.009503413640310585,0.024380246632827215,0.0057395384086439405,1.6529696391783972,0.006442836751624104,6.063749385394786e-05,0.005100628398683089
0.005649313417237409,-4.947270373778841,-0.021124520873406397,-0.0026144497580801273,-0.09771124322325747,-0.5104505801297337,-0.005451261051270938,-0.0028051118976978634,-0.009671486246483504
0.006528102389960785,0.3179059004458997,0.018737635971757073,-0.002701551712783745,-0.012456619410359901,-0.7521111138229011,0.007352878448617636,-0.0008521804331089118,0.001158510446896784
-0.0013989401400914556,-0.024370880263559245,-0.004330613168423828,-0.014830987662525157,0.038539677544845885,0.0020017404896272117,-0.015868204714575243,-0.00839060145870845,-0.010338206675869765
0.004980850013301406,0.01042522438725653,6.614052438371722,0.20221907247883192,-0.012761625091793535,-0.004144853836814729,0.04379478862500115,-0.002650586415598262,0.04918911361810771
0.020671936383309653,-0.0003482092551324576,-0.01639610417473574,-1.3961447014861745,0.0007117278936375343,-0.6651015921959972,0.0040261014374294996,-0.0741686795969852,-0.028612130168702274
2.7279431438360007,3.6232405757103745,0.011417806152354423,-9.242014595685148,0.0008195058213581463,-0.0019723520718976026,-5.794757426856075,-0.0067623450396961295,-0.014282747749552294
0.0027906170540018625,0.012449413565907008,2.7244263985507757,-0.0951942404558383,1.2237800908260343,0.004454982257533173,-0.005515558410994009,-6.337388748625945,-0.018008122029827878
0.0017449663903461796,0.005901595831114624,6.291716787528237,5.316249019334481,-0.00012812419013284206,0.0006304905114125452,-2.60243634490973,-0.00024874130516245024,-0.002055953195499602
-0.020414892511409627,-0.005878326821378624,-0.006382346134615351,1.5012948069933871,0.010884957630319981,0.15205978531505177,-0.00028040442894221827,1.0191011409541264,0.008579017441775583
-0.006288078559282569,-0.010692297518153968,0.0047587172555455725,-0.012196314473060736,0.08490494800841974,0.8924075848820512,-0.6112574252967806,-0.0021929242842864474,-0.0013910788482105144
0.005969726264362089,0.0007781883607798409,-2.0323967850917657,0.00708121752313038,0.001649044269808725,-0.0003030678643185991,0.002172378529997756,-0.013457316631312527,-4.086949406324367
-0.013687499525049933,-0.004224031484000286,0.00040983864347614654,0.0022714227936573165,0.003704139414523022,0.8854045028116917,-0.0008692541712277749,0.004773217060542881,0.0029835069899474334
0.005183981066177534,-0.0011400400910772028,-0.005189889098458647,-0.010357498735647735,0.00014717583772614912,-0.0010290556892509515,-0.0017365511990127436,-1.7621135357388975,-0.20945823482757542
-0.0028890353344867194,-2.1617864518072984,-0.00654681720479279,0.3649953140485539,0.004442779340407432,1.3650913399993154,-0.00024276327662754726,0.000842916151336135,0.002392820041522494
-0.00213602904003732,-0.022908864746605626,-0.0011698289520054774,0.004533053423747177,0.8842649862264859,0.009976985632705625,-0.011134421137503021,-2.549288783875404,-0.0023533103654362897
0.0024334058840624617,0.004872278602233826,0.008959173334676006,-0.005696452621391904,-4.051487152936597,-0.01315163359643895,0.06442338142798075,-0.00602646743978438,0.0005799189535075789
-0.07525641921291668,-0.017717608334623547,0.00532260392435146,0.0028539315075237232,-0.0003305422122789332,0.004443072897196289,-2.924316517055287,0.008667993989767184,0.0108544765400884
0.00029047997025838726,-0.019120686892241126,-0.0002959076885970715,0.00040608962069402926,-1.248569506687744,-0.7250466786263732,0.0005998605564985285,-0.005627666065311496,0.0006336756424221443
0.00102756637090481,0.011968662967163143,0.0019037258587998734,0.004425216722298033,-0.0048633418375273576,-0.0011207215117346144,0.019529170888089545,0.8839360197921924,1.924674460576961
-0.0033548222751847295,-0.02474672684035846,-5.141062576901745,-0.0026665951543696637,-2.523537292542048,-0.017010740345029626,0.1331268910015764,-0.005620952871504742,4.635802392991129
0.0029900805259662627,0.0015638637266013056,0.00013816693689140618,-0.004662414184307453,2.5879095000156256,-0.0002024103169881858,-0.014976177608117609,-0.003924448902563028,-0.006717906041617099
-0.015798883968560704,9.411953958581043,-0.008359331127568675,0.001990433376907047,1.1567766912985213,0.03258145149724509,0.018398186403981304,0.021081948494904676,4.641983101963195
0.0011272773042327704,-0.0012846485434609622,0.0018130847287031202,-0.03887644592794663,-0.001852952466055079,-0.0009613109632822592,-0.00631283458464631,-0.004576446466486186,-1.3382514409723705
0.006854363521974459,-0.004481848258064858,0.0011284675109914065,0.0022340642261247518,-2.1093987163424117,-0.09006536519253294,0.004337800995650065,-0.019195444471296022,-0.001468991964145125
-0.005460387351696187,0.0005339662688537833,-0.005845673724995088,-5.431336823889365e-05,-0.0032646894128067773,0.0011426564375845091,2.2277736865312545,0.10496577294466719,0.004386244430496771
0.06235654309328453,0.005783017857628683,-0.0043747428605596175,-0.9926903663572002,-0.005261762533326254,-0.2460939717302541,0.0033463129654179614,-0.9008832442362635,-0.08719669672104824
0.0027704058656625764,0.0021776860905415732,-0.0025530627188566912,-0.006562117122187468,0.02772474744342368,2.463570706658201,-0.026020328569862805,6.467399120361258e-05,-2.2007505357039427
-0.01867370557924833,-0.0010703078491740214,-0.00010903636641218864,0.00034194507461729956,0.003416584460055918,0.003424244080186599,0.0017241060454656432,0.38390112578028285,0.01555668332621666
-0.0017748304822696771,-0.013783863585345524,-0.003335314670871397,-0.004184061237424306,0.5179157158718736,0.00488221685841976,-0.022054407474571727,-2.4360604614484638,-0.013537157811145097
-0.05380319161346844,-0.006712346178686547,0.0019500579189232548,0.003983923348125817,0.00420188539749629,0.004909543984420804,-0.00555333288334359,0.020819810983028833,2.075903870181404
-1.027375094339933,0.00034001769546527887,0.007639294050250678,0.0021206844236867986,0.0016960553709671686,0.004657417227993937,-0.0015435347831961148,0.0963859979817312,1.443384409400376
0.0022231729549653557,0.019496334010932675,-0.0052816140842622756,-0.0011002997102566824,-0.004137648243842992,-0.00140854196356896,2.4734131028993067,0.0018717130921716302,-0.0018104932801836513
-0.0524363149261573,-0.04127018642229274,0.0022459246401389486,0.001542011626904774,0.00371152169844813,0.004104681215299916,-3.601411486273611,-0.002025861431318443,4.728099417888326
0.014828972400130452,3.786071982867673,4.627908885084044,-0.03182412258915491,3.5754869822197364,-0.002640521588344373,-0.0023812515849973917,-0.008032897457255165,-2.1459468101812047
0.0019320744145276871,-2.469992088314253,-0.02310381105203138,-0.002725545563214138,2.325706149609699,-0.0004030157737810944,-0.003309156498113336,-0.0035888334968290567,-0.004839085350657867
0.0006884426679163805,-0.006194525273673923,-0.011644645513907656,-0.002144653578656874,0.005354706276163879,0.0015002980631998984,-0.004365348108606468,-2.2445873689794857,-0.04133912428266227
0.0030743457059211237,0.09581597808053083,0.012745480358424946,-0.00043051636267419334,0.026094688600944327,2.6231945810624175,0.024713554043148456,-0.0016362808817279124,0.0032970396067597586
-0.5378492703203172,-0.02539945865354902,-0.02502413236026764,0.0031004058112132165,0.016128088137684463,0.046975624750195656,-0.002132310656100412,0.005344630255956095,0.0014447280222743266
0.005209695642596997,0.002299150637598568,-0.0008796900741941555,-0.05086095864002751,-4.0588393690546565e-06,-0.00156089337208752,0.0015870974495345558,-1.4453894603279998,-0.007744368427669263
0.01047862025887858,4.380194334610497,0.00087438727032145,-0.2945523578566953,0.001131287430336303,-3.9735371735044653,-1.2444256267331752,-0.0014791013032106198,-0.0324066658540324
0.006270842360574803,0.002812690198198669,-0.0028513718937030474,-0.005143106950926995,-0.002639475605910213,-0.6988688057781036,0.22177217869399857,-0.006844366036678116,-0.0009225934959888474
0.008690234915410822,0.0986235873025888,2.6363336441572787,-0.019976348594583936,3.5312134693346646,-0.004073327363422363,-0.0011827208447441108,-0.006722169530668465,-0.009697476285695042
0.0026447700214340254,-0.0020452678772763643,-1.9004324933789578,-0.003434531721458116,-0.0009460187737270021,-0.0012331909943352367,-0.0007687576350314479,-0.005143035721781007,-0.016727757334511244
0.010182646480834938,7.3896557290778775,0.002692588291410218,-0.03897480821572086,1.6243335210513188,-0.0013943572709626609,-2.1651663216319372,-0.00900915081479721,-1.0220627300715075
0.1684393958698259,2.38344951757191,-0.0005503925016360801,-3.961584907705826,-0.0012252506450253706,-0.009475834882170533,0.018773706528890793,-0.012253154957694407,-0.006462969451185935
-0.0016436367317162687,-0.0006461271659870399,3.3468829739409554,-0.0035676272967014567,-0.37459624974544664,-0.0031851295467747055,0.006828632741035158,0.00017397169928896113,0.012678597191018985
0.005195006475610317,-0.012799912102315597,-0.011423798098939331,0.016247909097680938,1.0131558413705193,1.2816023652881494,-0.009290755200484266,-0.004721935056448939,-0.003921246800646079
0.0004372473372628652,-1.7700215615049828,-0.001494878405987098,0.002363990637443555,-5.286484497238653,-0.006014119793960548,0.03265023039394774,-0.006760591681296296,0.0038662025155414073
0.02123492953694528,0.004650332271887964,-0.003310477702859249,-0.0020683097762754787,-4.06524210626911,-1.5302393001617212,-0.06985572185427724,-0.004389724639591253,-0.5318303447077449
-0.006796200950033084,-0.012850713390692672,0.001570806992365479,0.12424263832991668,0.0051227798381034105,0.0034025847536294515,-0.0018296203372397003,-3.6049205553005264,0.29376440377576263
-1.5146731073493402,-0.0009277219455345181,0.00635682579236586,0.006855278874286582,0.001223741330120317,0.004057797947547613,0.0009200894363699218,0.0075754430157965805,0.7747221831531459
-0.016460172710601254,-0.004931316239006449,0.01922942121856877,0.013613654455244848,0.004618912407628795,0.9674169570397653,-0.002996645514366597,0.0018354790424933466,1.374374125588015
-1.8155696508761114,-0.00641653379540745,-0.002044475542023902,3.8038737877262214,0.0012183722045915057,0.003849361778541019,0.0016131505713920247,0.009819998372336415,1.989867606217679
-0.013969037120241102,-0.0013792147839099544,0.01079251364866858,0.000496043279765962,-0.0002483843973502039,0.0010591921411050352,-0.0018135682675084301,2.233508058931198,1.4709356253738877
-1.593775743655438,-0.03446988801275669,-0.005410273970072259,1.6281499964393373,0.0003725390623973146,1.2353976437325493,-0.010846928027232694,0.005356774194633546,0.0020268013911923163
0.005886805786844262,0.0796603197562419,0.37085221030477,0.0035035771623350993,-0.05565207790391041,-0.5629167521334484,0.3329423547464532,-0.0013562831561396774,0.005182927202015358
0.009441013784071542,0.00010315439516600522,-0.0006332452641332267,1.2633053674627996,-2.2366011899263505,-0.015374841227012659,0.0014925268256440216,-4.471049737694017,0.0011227956498935376
-0.00860275533144373,-0.004595053875731276,0.0010735624573453319,0.0042735148262141595,0.008920385540787994,0.4727246413435116,-0.0035112013767657733,0.003405903269006407,0.002398510981089455
-0.005501442237282534,4.150492148428894,0.00042673790253029004,0.0027278808431200397,-0.2079277475423802,-0.0018206873063718494,0.06295939626465918,0.36471512111143733,0.009962375925392484
0.0020006426474286215,0.0002105358299162724,-0.0021235413707149514,0.00012880213295344417,0.981146617380162,1.7902995395791832,-0.0006829948860051574,-0.0020850808402311516,-0.001857255785704266
-0.01760224651981096,-0.020664094250923637,-0.006004709466352432,0.00128516497149464,-5.976679891684538e-05,0.0006494746380507534,-0.0016500603066837928,0.005001600211293797,3.473714788534383
0.0033982895305749335,0.572404410590174,0.042736047862194065,-0.00484465378290379,-0.028252485122345537,-0.008267565912612601,1.352315375565912,-0.001980118902895962,0.00035541226215169124
-0.00498142287314637,0.0040370586143754165,0.0012435194250519869,-0.0010995389439734918,0.00964463194150221,0.549274886543471,-0.0020561730681429614,0.008246007525319995,0.0008212850402891814
0.008196246645347821,0.051754295397667516,0.005783605386701316,-2.036410223639631,3.5709784032309946,0.0014432213714238862,-2.869160213485985,-0.00033392286191484544,-2.046043582686245
-0.010490679450590663,0.00823373863794008,0.005632188550009076,0.7718371614648344,-0.003883530175119665,1.410954758782055,0.007902054627687713,0.35181502507429696,0.0438714167199724
0.0024074815926371017,0.000923780954960732,-0.0027098145854272506,-0.017765462065134626,0.00104169374712593,-0.0007234249114302077,0.0009164427280410362,-0.006401588762626642,-0.00659838491489961
-0.0006985811276983556,5.043211909954739,0.008791898550661592,-0.01919137180721628,-1.771270130014603,-1.294480572415976,0.0009123153781380872,0.001092798466226813,-0.00022614143556955353
-0.011279137751879127,-1.3778115981068635,-0.002690912824923517,-0.0010895186898452753,0.01998497696909058,0.0057579229581811164,-0.00334214234660425,0.0008075395407279837,0.0009134768875036028
0.0066097329381007005,-0.0007959469593422062,0.009095390459479779,-0.009202898120161706,-0.0037896149503261756,-0.6014298194023326,-0.0005125726796887421,-0.07165022053257196,-0.0024925737439217763
-0.04904051977467749,-0.010236543026058989,0.021731093419145073,0.02430237115449177,-1.2456491860937398,2.5893738650785005,-0.07780094185443504,0.010345673414112855,0.025117631384261208
-0.003644344726710623,-0.0040054077811053565,-6.397545081695937,-0.006286422169148325,0.00438195087064569,0.0021061503566626658,-0.003408962642808471,7.240639055347011,-0.00876166258938288
0.0036630588049488223,0.0038421396702403854,3.0908344222536788,-3.072911204649438,-0.00178613630192429,-0.0033088257230343057,0.006959944662200984,-0.6191066762648003,0.0004050829250962541
1.6389293240817269,0.006759211299927974,0.00510040778528681,-0.005732990619343465,-0.004610762985979521,-0.008729186658742326,0.00040462197637472497,-0.005157824692816656,-0.002769776588928092
-0.0011734918777572695,-2.450675361990208,-0.0038452004332351387,0.04500986485585572,0.0019791383846561664,0.0005304786974889863,0.006187575857615674,-0.001823740348256983,0.005237718144771508
-0.0015102611112058739,0.013030246992967263,-0.000728924767236877,-1.0340258597020684,-0.008643048988962954,-1.945496933666635,0.005300806290907775,0.005802811483783843,-0.0003418545293747237
0.0067547991307363876,0.012791523786646513,0.005977167528888612,0.3889977769837418,0.001768564535269107,1.6571139471975225,-0.004181213415472687,0.0013466751978709291,0.0007186345781266534
-0.009755285743632616,-0.013201720597594502,-0.012694560060974013,-0.048309223665530296,-1.2806148772406873,-0.0003432600087775739,-6.908463349124869,0.009666376897573867,0.0003676202812068971
-0.004321299718845317,0.007239671467410164,3.215295469987029,0.017083091677122297,-0.009282712809786209,1.9809748177013902,-0.0014599868897951646,1.7051351311549476,0.013399144862063783
0.0014093113583533295,-0.001912590962156735,-0.010255093659968472,-0.0011953706100589837,1.9679710995208004,0.0005749468128032967,0.0005027872302939034,-0.0016899532540354326,-0.0028455311509951136
0.012106845554537168,2.1719457636857973,0.0002161894171168327,-0.002670740412815912,-1.1596455555229275,-0.20457635805619478,0.003084319439672481,-0.003245044670260766,-0.0031774417983340235
-0.008911896776655506,-0.45661363846409575,-0.04793675582719935,0.028184593279676085,0.005718996833400887,0.015477581022828257,-2.900787008543844,5.914274238878814,0.0030481695072863413
-0.018987264710754063,-0.0027015634890594914,0.03315982977604761,6.055884026417562,0.005688105135625763,0.05134893635994736,-1.462109106855775,1.6424951459157113,0.05809324746423483
-0.0019065400503776725,0.014401148293860529,0.030285198821628126,-0.0015348064489480832,-1.0156332291365673,-0.002205646577855571,0.003087785741404882,0.062334365002222974,2.505459643468213
0.006987582483455245,-0.006253784141490248,0.0027119876338864563,-0.024162259839106165,-4.449117336717553,-0.38997416273291385,-0.016779340183269886,-0.05474647514762426,-0.014032836282931328
0.011705768981872578,0.012019146964391521,0.03887905590760171,0.00030856616274716896,-0.01850161879650658,-1.0881155783871779,0.0010208925099316202,-2.916065653603685,0.000531409788521682
-0.0010477900480621227,0.010992778301192746,0.00024181592484958086,3.480932926422701,0.025203613187140442,0.6079208274747638,3.2442093829718592,0.00912494081947264,0.006413994197502784
-1.8209787704677378,-0.0054082824414803665,-0.00023670667270605681,-0.001717853923271416,-2.472253319128101,-0.0022242512399416464,1.4769064926616562,0.009523198853390251,0.021230497481979693
0.029550629806370216,0.0098006022406782,0.002392732769635004,-0.006702979850965264,-0.002250553818113263,-0.003248281247202115,0.0017009212230323573,-0.011765203436093932,-0.008038672658719662
1.27630083055595,0.033535309843133465,0.009437079854128033,-0.3165939237754882,-0.003806944809274543,-0.004881330086681924,-0.0008017416063899364,-0.0035560555501599964,-1.628474134133855
0.00019757747113861043,0.011848629066463574,0.02129039129280341,-0.0009080658421450859,-0.05198291955160648,-0.0030105827651449118,0.08622673474439242,0.0037978883756270886,0.4908858831831931
0.0011575572503408193,-0.06079462853758322,-0.010505054065759587,-0.14197370998827774,0.0019428841961890984,-0.000879464494719373,-0.8861165699941643,-0.009299251964664254,-0.10907952928947107
-0.004392579455949277,4.248031587548737,0.004886377853010722,-0.0012878115847764766,-0.011318584066764906,-0.002996066327670647,0.007701610992760788,2.12575182285559,0.00726165776957001
7.729499702727714e-05,-0.0009048311854524388,-0.005005498888687714,0.014609234460451426,0.022737329208333795,0.9180344675038934,0.0015651054475005893,0.00045230231073117107,0.0006954365085165559
0.0020459794157579696,0.012091302011666444,0.00038688503516206565,0.177803827974586,-1.9649854786988246,-0.0007493038395092536,0.005101992067521868,0.0024825233011878953,0.003008092130503276
0.0006042725315982755,0.002601922289259047,0.003253174011782189,-2.62168417816107,0.45761330379110193,0.004994319132978182,-0.01315413294572608,-0.0015622427465609373,-0.009592882576917747
0.18289091743279462,0.010987779381329943,-0.0008955350309246945,0.0031898141809188606,-0.0018600371262813484,-0.005576183778533195,3.5131989135908306,-3.0953988856685357,-0.0039884499209881935
-0.0034404918867999698,0.010079790965713986,0.009938041818358195,-0.0022863752504424977,-1.2750849765506957,-0.002044051097029289,0.007084599340851905,0.027908977419380934,1.9799047585843712
0.005026607752100518,0.005270586531789884,0.0032008661374717156,0.011977598533110867,-0.06970705706659355,-0.008785050998512033,1.629912446886211,-0.0011376402783523226,3.480032891985233
0.006548499215754525,1.6855020447922655,-0.05126074083125405,0.00346961903171237,-4.04612834041167,-0.0026333346607469166,0.01610867932935202,0.002558592484523125,-0.0021686973669818145
0.0018017291911115313,-0.07065323287055847,-0.029355459518879294,-1.2622013371802998,3.3359458245897717,-0.002245068887264584,-0.007650187891737482,-0.01227215655737558,-0.389621640673149
0.0024370666337915365,0.015125050201200328,1.7970356260694382,-0.03250199416071375,5.0581563447116284e-05,-1.7531476659907406,0.0060177575718788345,-0.0038735553417847627,0.00019777828740270322
0.0034968902396988553,0.001381249483359679,-0.007481852555453941,-0.0023950263107807564,-4.176112903642996e-05,-0.0007417652097638681,0.0005079660950662581,-0.0022246170353740695,-0.007575209904561264
0.46484097471162383,4.21889053500226,0.004697488412997261,0.00665690146821241,-0.0026710102005240155,-1.3447289577698516,0.011982511735276757,-0.010243396727570122,0.0006389017993796431
0.006156805336905361,-0.001665041951436498,-4.977506398557817,0.002906997687459973,-0.040477258557259865,-0.6017163838973278,0.013698340264916897,-4.783047020916729,0.0017834241473503043
0.001300479399309691,-0.02891678957606024,-0.009902664233773732,-0.006158891627016432,0.06951531501208982,0.001346003425654713,-0.86869086453113,-0.04003254545552008,-0.6230476264449443
0.03503736988076228,0.015793742659838482,-0.0017058429489339652,-0.0004107794916220313,0.020507486729028856,2.5099677961322517,-0.002055022394452488,-0.0017075215719356152,-0.00506132073868075
0.005984310520574812,0.002961227246819173,-1.7196233748681977,-0.006989358437382206,1.6880091058296125,-0.0005453752628646752,-0.0026313220813190315,-0.004848888082281245,-0.12973628039742371
-0.3034281630465113,-0.07236474280595237,-0.023270140184273556,0.0035056914813884382,0.00435841811957265,0.0057844485596801505,-0.006372593863191573,3.397331269175303,-0.0001293377258647782
-0.005795792146250192,-2.2643981576064784,0.004989988956405553,0.004570112385332208,0.023111125449983894,0.9020182204243961,-0.0016815338207180203,-0.0034534710534221344,0.0031968233311638512
2.340200546355044,-0.002225857808613306,-3.5352623973082156,0.0028955229396399494,-0.0006035196279534222,-0.0033840279532016083,0.003003934547305194,-0.013121050013754982,-0.0026712917610541703
0.0033371131470580837,0.29054301574054264,0.0003860154281559872,-0.09011896701744623,-2.5967134088830415,-0.013273082545022324,1.57100829177657,-0.0011683984164380119,-0.004315264631927222
-0.0003081127035088664,2.86238399505586,0.01844241108831564,-1.4535177759466618,-0.008224365726636422,-0.003937267617645255,0.01151529362789136,5.0763372861895454e-05,0.002763419931733304
0.03447678420709075,0.0028373962992349344,-0.012912904254234041,-0.011562873217167213,-0.0061242144798586765,-0.025350650653704534,0.003570301590742242,-1.5910425748564803,-0.1612931324649468
-3.2202111731459913,-0.0022009705895236725,-0.0022396422703660195,0.035455531002756356,-0.0005173233810120831,0.0033765776428422104,-0.0008640007452886192,0.0369394064604652,0.004194988860234006
-0.0035368433623955697,-0.5554400799298467,-2.6760332969825527,0.01179791866311869,2.668349325242051,1.6874827153120275,-0.0025968076393131437,-0.0016878020612109412,0.0004368710276852856
-0.002298865561425178,-0.00039372976438361115,0.0023385858632027274,0.019906231317173784,0.007415941460772523,0.0033536366654333223,-0.0010432863346317408,0.003580871582883338,3.0912270341624293
-0.00427279962146138,-0.009226399594779972,-4.241071244739406,-0.0027113409363778845,0.2665084758915598,0.006474322183487525,-0.0059862217325345095,-0.0003810491234787078,-3.439367280170829
-0.13685322120274448,-3.2885456309511025,0.0021629018695328676,1.959708872614726,0.002880221136150815,0.012700240237260265,-0.0006444150737077783,0.008485092017289643,0.017455905256643724
-0.00607488415525359,0.013567627851993613,0.008124199662305043,-0.01894734573691359,-5.269493481809008,-4.958326896041619,0.002677321561223009,0.020082220272814144,0.0020837596076264397
1.3814599491990502,-0.0022486595184210896,0.0028691336165812004,0.013089915077732685,0.0021934458795012397,0.0010219977391368589,-0.01782314327781572,-0.6641042681388658,-0.005685319663702636
0.001509355612931744,0.008794913924816544,0.001418750199755625,1.4686803898259342,-0.0019116800409687135,-0.00028506878712007515,0.00696063106696794,1.686095007585568,2.154039722349581
-0.0192403965419787,-0.0010974680092362633,0.010038095585452897,0.0668679805243338,0.0035607810703549535,0.1682277697958667,-0.003060172427835607,0.09680663435873015,0.04448784890120301
0.01863712266989215,0.03591877077220902,0.03734193320476736,0.011047212093293051,-0.0010252238060253927,-0.001924638890438193,0.7834507471456096,-0.007141019631529504,0.0014361229060965409
0.002429176643448045,-0.002336056838981322,-0.005474138386086464,-0.018370956594213853,-0.0031849337712399495,-0.004764187609951446,0.0016911558326114617,-2.0608711985448447,-0.006442763126268292
-1.0442667373854941,-0.009568897970835424,-0.005503867100699063,0.004785976462976613,0.007286209986983337,0.007741530944737795,0.002987634658315086,3.5016005120514846,0.01171895255979466
0.0029198487815928764,0.014480653437666163,-0.0002550604623627467,-0.009905839609038177,-2.77720511205676,-0.014142634297779844,0.19504483401925105,-0.002339990724921111,-0.0015205478876392942
-0.0017963694304731406,-0.0024164908503472825,-0.0014406913345591465,-0.006228309956138892,0.5090339297962931,0.004309793089666806,-0.007010876452838557,-0.0013225773984811978,-2.854169196149726
-0.018997051365333587,-0.00951474454346653,0.00940070831829462,-0.007189273465426704,0.04400123555891597,0.714522934477676,-0.006110540237223849,-0.0015169351176420988,0.0010169266750019194
-0.0500343080613815,-0.006184936273819081,0.004654868254594534,0.000699329296079236,0.004339128575143484,0.004331881153513474,-0.007109856217328988,0.01187295485990432,2.5385203271367023
-1.359264105685659,-0.002916349217863351,-0.0027447669505493806,-0.02260816931343948,-0.001735455284774489,0.001848519931921866,-2.923230137853488,0.01724151591747547,-0.001039574787945972
-0.014027132426555775,-0.0227637158724523,-0.6210374340839467,1.0977052887512122,0.042301149874168616,0.07306174771228742,-0.0009209498458053324,0.006236239560608954,0.005833867499429912
-0.0030844881472000055,0.0031187494560133977,0.030189314933511693,0.004168040319865063,-4.386647786954999,0.0021506449367523495,-0.0007432184228532922,0.0033461532094907487,0.00615223166691819
0.00733980318582611,0.005955872409134158,-0.004924768650378709,0.009848127155042137,-1.434108368535501,-0.7087228666881051,0.13995729096181225,-0.0013081622411248023,0.0009199607329190228
-0.012123250375361834,-3.6742122584078754,-0.001255053833643438,-0.00442221825801007,0.008769393972012998,0.005985178552546145,-1.3628019195387981,0.0034356423173797987,0.00040021503774265036
-0.0025308598749545635,-0.011166260732148103,-0.0204883263361863,0.8103762008460815,4.592429242911525,0.015792842594839873,-0.002969311100130174,0.005129680669654919,0.0018413256074953643
-0.0025202993323629607,-0.326034947971518,-0.9747181946284363,-3.6843316719399994e-05,0.028153380148444082,0.0033744759109326228,-0.012163956374680743,-0.0008853885462447278,-0.00396271175435689
-0.021596658614666753,-0.027520625340759455,-0.00014057393578682797,0.2462682538990404,-0.007739381853081095,2.244954682875375,-0.01886798018761271,0.0034738477784372057,3.7615010192400082
-0.8104839365329439,-0.006140638004979282,-0.0004538358501098502,5.2492604997254775,0.002651483161190578,0.02014460205770514,-0.011212563853942155,0.053073881441238396,0.0029432189304488612
-1.3915088621041258,0.001840498857332215,0.013201547608697073,-0.002197117982937029,0.013436554633018627,0.022241784238137302,-0.0023866799919572274,3.330303213655684,2.776400826165517
-0.0038607695179653442,-0.045632388020786396,0.004146472822967728,0.01072561882528499,1.930756237903327,0.005764419264849788,-0.001207492148434252,-0.0012415263908621106,0.005852755878539095
0.007664643593597057,0.046507554067613366,0.0026410304754735017,-0.06388826872064733,-0.004414402473129159,-0.6412491741649093,0.013794379534495249,-0.0018548908384177897,-0.0017343457413360325
3.2697192812359948,0.006591821824949842,-0.0007373699681526569,-1.3983566564073802,0.010586239660021757,0.00044788389701889975,0.0014720849763582566,-0.029822506339480748,-2.497326635135657
-0.002557085436170367,-1.4092609579252633,-0.010542111314780542,-0.0025286294253894213,-0.006255602809377203,-3.2331449297312824,-0.00682816981580972,0.0001209730788741684,-0.0027377524025830463
-0.03437907482644215,0.004201716931823876,2.8971646545015544,-2.472435664794371,0.0022073943275761343,1.0216140185607459,-0.014148547872724515,0.4442130971898424,0.0014544598601481627
0.007168933015898528,-0.015086883162031911,-0.0016885933217589584,0.0013912671766876494,0.0016708982316649412,-1.580381628491291,-0.0004813659583277896,-0.10800600224196165,-0.0020992982144667355
-1.2221741181939438,-1.9174907491446802,0.0035824993749297446,-0.012143237889645995,0.0032308578539198968,0.003369409255025879,-0.33409883922801775,0.00029738402989071266,-0.0013001350834486256
-0.0014029621076290313,-0.00023420652534276998,-0.0011162065921749183,0.011712840569296421,0.009438034022687062,0.005896774845926739,-2.4760045472541243,0.003380884284928323,0.0016254722885134945
-4.7245164583739045e-05,-0.9233288571601259,-0.03157724348356381,-0.001601214035323343,0.002462451730548997,-2.5793676650868917e-05,-0.0011170552041280934,-0.004875651111315444,-0.0029811619626516754
3.572272270681239,-0.008894218439390835,-0.4412974232891348,0.9921686507854077,-0.015618482398980338,-1.2965486048554988,0.005380835497223846,-0.00021230289976401388,0.0002497699425794281
0.011716606665272442,0.001328128916087422,-0.0009744672084854283,-0.01541126600880529,-0.015908625637155643,-0.38220589818340694,-5.735610227060317e-05,-0.02155781025910137,-1.7154794202823274
-0.007197004514526387,-0.005253253570316141,2.2588726016448204,8.507563359868758,0.0137695931984722,0.01997513828374653,-6.179506304019437,0.0033089030194630364,0.02674627442581201
-2.3637402143310466,-0.006434735376264697,-0.003781597075574626,1.3473588355137236,0.000920321459491686,0.007670770159022938,-0.005527032317201173,0.03936168239753329,0.001172511294948518
0.00473507912943971,0.006430560557375655,-0.0004580817286285836,-0.0029153683322705884,-0.015819723488606968,-0.9267260901464275,0.00010203559340825341,0.0005102376736374901,-0.00212621274070717
2.7156566198725907,-0.03729091334180715,-0.08788964696350206,0.0026707791064032606,0.0018732768543119893,-0.0008850566143077004,-0.003726458154450687,-0.06543388130346459,-0.02767819357567515
0.0012287201530161917,-0.00411468117401019,-6.316183812289289,-3.0615922638918014,0.003645759177036356,-1.6132607658313938,0.11438087166318667,-0.016721737630809887,0.000603973572521399
-0.0023045715116942825,0.008803887298004076,0.00397629981299646,0.0027001544203868015,0.013915738868409362,1.0372619033235642,3.7687078412996176,0.002213896759467683,0.0068816711401865
0.006369612070044495,5.019452322603058,-0.004243348132808217,-0.001232359109898995,-5.597369756081882,-1.6751389198033948,0.01668899926539133,-3.386338352817653e-05,-0.00019070836906848708
0.005876710364078763,-0.003266222435277714,0.03416330556509106,-0.009356848417212954,0.0005568346891289266,-1.6243383546523182,-0.009607714905545711,-0.057211926059097855,-0.003284583130550465
-0.000997786970388504,-0.008981168078482406,-0.003927975992317285,-0.007196657242934898,0.0066976554400524245,0.0009299369811246459,-0.002601912347509255,-0.005901583384346209,-0.0037548857697338976
0.003059743350778802,0.011166314966268104,-0.0013230849795967399,-0.0513643480413382,-2.3879854436318477,-0.0170595289807898,0.003949675138200366,-0.001926690898246831,-0.004462694377704815
0.005331826697507932,-0.008288522161789425,-0.0031895840787383844,0.005397169946906129,-0.020648774968638595,-0.6081171174412388,0.0043060467491507146,-1.8214907573337846,0.0007793586622188431
0.012082258348525651,0.001988008418024406,0.0010419066800099585,3.4469299875449044,0.031359931736418684,0.0010578339057247255,-4.232299364656811,-0.07967572564119327,-0.006673017911250922
-0.006216762358959479,-0.0008426115439799023,0.001383360214097992,0.01403057028976247,-6.967580885116094e-05,0.0015001604244961728,0.0006354887053057391,0.0853092701236711,0.021836111816822015
0.023739537890197178,2.093451332649595,0.009465399714270933,0.002286865520355517,-2.4831113343625866,-0.017063276378697506,0.0031428183363920656,-0.006729160630294927,-0.0017683732406036895
0.0018737954141469471,0.006630166322180175,0.004592494981504233,-0.698664194003701,-0.005969896751770108,-0.005966698126464836,0.17489057487150078,-0.0027041917303357262,0.0010830419067737703
-0.029215655931497664,-1.0403671328881217,-0.0040267381980248484,-8.081924794825501e-05,7.070038726910333,0.8485940452754246,-0.88902800810656,0.011192495795413593,0.002006120956279108
0.0010962913546653796,0.0036400979845992304,-4.50439602309261,-0.004488742639661671,6.1030468347489375e-05,-5.314006191518116,0.003172535783565106,0.0009946217536547682,-0.002027656880138992
0.0003246424839347818,-0.009964757561489328,-0.003991101338068971,0.000365231419284713,0.05762512881072411,0.0024224469509364454,-0.2863965486521901,-0.005438269553239082,-0.00788996281022227
0.046804234134716294,0.034683020579922896,0.004834360992419337,0.006005883521633287,-0.0025044843285454976,-4.162939442604079,-0.0015483654789440748,-0.0005935468507669902,-0.00162261634552395
0.0017892878612844323,0.0032410127975358756,-3.630644578636089,0.013917066714148052,-0.0024992899814104104,-5.6317607711172356e-05,-0.000677306790425612,2.0143534328497505,-0.0019293540527750477
0.0014435472849725927,-5.281033121798847,-0.004618532042672256,-0.1103416785135096,0.019195425455768772,0.001192059451180982,-0.03975970118407157,-0.004281870226925649,-0.013459740322888845
0.0007942248794983245,0.00118299390545977,0.005498929776226458,-0.03682721266764202,-1.0153523581261283,-0.004659029122354837,-0.03281052369659391,0.0010810181702042634,-2.8560982760673097
-3.047659264524187,-0.007154503885964076,0.0016035291315762285,-0.0005834735367566562,0.003646150712895535,1.2612809905310298,-0.04121817151726642,0.0019100257909688773,-0.002119244959369146
-0.0012110672183952456,-0.0064205960956861315,-0.008320671018441162,0.003985017231181299,0.33429710608015173,0.003017517859501375,0.0003364100577790647,-0.0012727027193783907,0.00021909106055775806
-0.0005633377669137187,-0.0002452054696009814,0.002280976354172366,0.0018525530127132402,-0.0005168863169311838,3.547316854341592e-05,5.976153380019692e-05,0.0003985434524361664,0.0018766149883876718
-0.0010727982676451402,0.008033247061695475,-0.00022815736386487252,0.0015969337441011046,-1.566077075298243,-0.0008543883574382953,0.00695689231839741,0.006050532254689438,0.0028315391677576954
-3.266282661127038,-0.009566084775808989,-0.004596916608833565,0.01049059490439726,0.007909468716256765,0.11897780807647274,-0.006589704253182969,0.003532087010236034,-0.0016965012279966246
0.9890411673715178,0.3736719769106577,0.0017181161597040785,-0.021010681285735258,-0.001639652272532821,-0.002432542767065289,0.002163321916836509,-0.0003586822145441246,-2.0456326489674663
-0.002464680619692357,0.0011325210802791419,0.0010182531704052771,0.0018221441306634327,3.126758738093673,0.01245372540898082,-0.08821991701410613,0.005084143297572948,-0.00023913984251704764
-0.0057239187576237135,-0.0066363915024480954,-0.0021979308179828592,0.008151933619082355,0.004041702293228239,0.00747728805757834,-1.2403773168593926,0.00906633777987887,0.002804213624007791
0.009291900852054984,0.004344530568063636,-0.0013407450626286815,-0.013270521166136248,-0.0050707962680509,-0.006709930184752543,0.0014974826853470999,-4.213158352546102,-0.007336268586300862
-0.0002494857657503371,0.18522314422835118,0.0001406272628102093,0.033585420808884034,-0.009308608459084234,0.0003030194768456375,1.6203655848374143,0.03585786088105683,0.006283149849987395
0.015010774759000929,0.011274925067524085,0.005657677324709223,-0.021114483931067678,-0.006968308774085908,-0.004677382627966041,0.0012604368985672182,-0.006434124508114911,-1.7206337554039863
-0.01333071455382845,-0.0013892019145593792,-0.0001570937652820061,-0.11564217135058738,0.0029832789780603894,0.0010219449745679527,1.2437426994363858,0.0038538543200895303,0.0032400735302801275
0.003090387606968656,3.639428991779854,0.007288128904462857,0.0008467230905729733,-0.045202941999499896,-0.005197137097083811,0.009985760851265235,0.004347863229460153,4.2086302814089525
-0.0036495638887095857,0.016576270020962125,0.002212005580960183,0.0002544874959614328,0.0031997364763430816,0.0039708189447098564,1.9159674511121123,0.07756319290198666,2.7409060974972865
0.2651734774253113,0.009337561757489904,-0.001906953495187934,-0.003973406133062109,0.0029411537113814765,-0.0011721751525645833,0.005231844447113336,-0.025647101347142334,-0.0068854894684572485
-0.002303919133758329,-0.012584546159773252,0.0012069657116890115,0.02924579750843228,0.027798337929337627,0.3721262500949821,-0.890022172937456,-0.0001764276010516111,0.0016888065868060453
-0.001084640959702804,0.00618921088844535,0.008515880458803657,0.001972335471380742,-0.011267135562127342,-0.0019980008957390803,0.007391599409509997,1.2577611285209624,0.2043310013188453
-0.019410137870017632,-0.001132554971225636,0.002850818107664438,0.014601769712557621,0.002051885158303318,1.2218811208540827,0.023104526993918545,0.00640246969735472,0.30803882159238644
0.005448837203379981,0.017614233187369238,3.0766782438863913,0.0033864540559753326,-0.020727383064529148,-1.6543205647375103,0.27342064772409636,-7.58998238981539,0.022820479949346606
2.301947486735262,0.00013343033117760474,-0.0024547987492154937,0.2479492341417598,0.0038545544655076702,0.0026239373176552673,-0.00015528941849228713,-0.0029014894402229494,-0.0005435344356382182
-0.10862192544194085,-0.0032009624057440277,0.021449691982108315,0.0036623087332402853,-0.002268860214174759,0.0005382289446762584,-0.0005215784964438617,5.403122219394376,0.06842873095132096
0.23824612878449125,0.1107569523851557,0.0020360908523643704,-0.03245509227035682,-0.0032678927352476905,-0.18017142021849097,2.8177250472550823,-0.012484215782174554,-0.01516493451374469
-0.003549003618180391,0.004306698933726677,0.0012800918932643337,2.946008604452083,-0.0011968699640926448,0.0025573495602346785,4.2646452927640635,1.159528404357204,0.01361056010496453
-0.5267355221306069,-0.09189435496560783,-0.009611687684397907,0.023289845741013664,-0.001972255492311203,0.005782731840090552,-1.8812906085455312,0.06606606160360051,0.007037583109393468
-0.0009675897752945521,0.0174424539583945,0.024056867816446528,0.009242268515950822,-2.250977592679657,-0.0010227168894728772,0.2141415853082008,0.002776743704385528,0.8012427281992909
0.005305705523026685,0.026665439526260604,6.748014877336686e-05,-2.872800062875915,-3.36604261949761,-0.11162655920378706,0.01655965428746263,-0.00027561643775370764,-0.001379053008766451
-0.13971333181202827,-0.02620506406158373,0.003338351265024861,0.0008768945041093164,0.0022615261736731937,0.00469463967059665,-0.7335170914845094,0.004725262887340361,0.004418047817269327
-0.007102624328319835,-0.0025528586031471905,-0.000367757417887528,0.014008399016712622,0.0026319494321237497,0.0028221696177778695,-0.0015509938383167386,0.04400143947564948,1.906635589019677
0.6574456849057301,0.01383773595209889,0.30784635025078916,-0.00035969137425919724,-0.007951798550883172,-0.009646693538524086,0.0016554682291062463,-0.010732379670264396,-0.0006912699614482487
-0.004560333935738963,0.0005342731993234311,1.2068555239317649,0.002031210115824432,-0.008414191550060249,1.0013813391398412e-05,0.0004111945703932063,0.023950067465091908,0.31607392405668944
0.005571790454225498,-0.0047298186403229026,-0.0020018880696387746,0.034792001238790955,-3.5979852986859466,-0.01054337824468532,0.8605213141395772,-0.008945838332023483,0.0017372708288294035
0.005508942830728697,0.021581467384581,1.7779529285955045,-0.03355425327964866,-3.78879903034401,-0.09636413241365549,0.012338277350929263,-0.008610982915304136,-0.003283136893476037
0.0055478001535499595,0.008312142157345215,-2.9978572111142414,0.16633763471118618,0.0006963634524602691,1.3633018836005752,-0.049424717198476575,1.0979827750911846,-0.00676121767725614
-0.029370944439717557,-0.30255541883564063,0.013175208070292654,-0.0035862116471642768,-0.007032395497943655,-2.6049934702997657,-0.003550090188661814,-0.005679379538376619,0.003449010673750738
-3.620483847393979,0.017701858630378493,0.019101247702748243,0.0038219206113674084,0.00743588280422991,0.7335876559087702,0.002776724155015828,0.03623062692017045,0.05588736016553708
0.006384930596556898,-0.008431679310901788,-0.11100205992618509,0.015241193627653277,-0.011471188276866662,-0.965106600281918,1.7296676391432975,-0.0020169296654091937,-0.001989246343903517
-0.0035462987775238906,-0.0035703738219381165,-2.3013048712684334,-3.005763911186381,0.002387347803507306,0.001540436087764073,-0.0029113355186063984,2.43613759126827,-0.008073722716958588
0.01759899681088341,0.003800871131162792,0.00813456736666689,0.0010658382934215802,-0.0017216512330965337,-0.001814783756832061,-0.0018032423414737148,-0.030301770031330964,-0.006464145808707925
-0.006616179377629421,-0.005012043143141127,-0.0035713007010062386,1.7629999637867183e-05,0.07397622094951828,0.10667184442759116,-0.038413925858431563,5.43050488903887,-3.044270240727038
0.0027945478617387104,0.0008346696504112072,-1.5168963670729054,-0.002689507567202206,0.0023561830760954736,-3.9956413904165345e-05,-0.0011705551483954955,-0.002481050173454236,-0.031448938179307134
0.0005768438964536063,0.0059633132474596826,0.037444733841914137,-0.005533039257383951,-0.46304842513336375,-0.0035930121609971262,0.0013693484596234591,0.002982463783758521,4.1379632165727775
-1.4754203914624608,-1.5642521796238587,-0.012080348109351581,-0.006012177833346806,0.0009552122858620601,0.00043227042723082424,0.0009918996839871526,0.0007280686699297359,0.0009072452669392425
0.6120529828792152,2.1593586233699824,0.0031228476434519634,1.702813115998703,-4.2889810963624715,-0.012952848431388109,3.635009563050647,-0.00667444147088337,-0.002039125532565883
0.006936504661529003,0.001381520545242151,-3.4928243339470144e-05,-0.7161968980654411,-0.0004738822035904172,-1.021853373764866,0.0020126846232071186,-1.032918108675094,-0.005529946138236264
-0.005837377430069058,7.902050019503543e-05,0.0010330988824703389,0.0005916747397469835,0.0026071859674969,0.003470498724955564,-0.002842215228541593,0.2741678356489415,0.0021073972249400067
-2.132378401190813,-0.003389988282831614,1.7624625789010842,0.005750392387938005,0.001409718960541928,1.7532363293734357,-0.0010712994554309685,0.0014171596042195874,0.048241965376850604
-0.7270573701915305,-0.014457685180623025,-0.002822168361756639,0.14662289748392338,-0.0008236932420082853,0.001606947808890547,-0.00018827832618640173,0.009493500003257391,0.01806567231858984
0.020345399457598223,-0.006206670842547779,-0.0015930513343277164,0.01649113552369716,1.3593697238055338,1.8279801731281324,-0.38788073964399183,-0.023480526945809266,-0.006460776120180953
-0.004166694289695176,-0.00023575664785921088,0.005696814663883896,-0.04694066758829769,-0.006318381919071019,-0.007267152734186825,0.4954032372324903,-3.9850053489115154,0.012943728624134648
-0.0022812023067319623,-1.5242006779883335,0.0021490244985568913,-4.184859981042981,0.0057499892549669855,0.0014476435653512486,-0.9971505107275564,-0.004702718494069946,-0.003154346365891736
0.0028617756952610818,0.265075668322592,4.274648564703946,-2.4742225222715013,-0.009481471840908196,-1.2745649604476152,0.02370308186912795,-0.00012675292153952605,0.0008370734215459377
0.004088879664225681,0.006892155182866143,5.030874117665833,0.0889817551029145,-0.00274692582807062,-0.0014052225497345073,0.0028452709599845983,-0.0028845702089301557,0.001295837488383085
4.3893220205619485,0.009510314881631704,1.0429345551900697,-0.011535751785041591,-0.0013126805390366175,-0.03983328679856507,0.9025832171540817,-0.08469566269490364,0.0030691077555495966
0.0005262138947200144,-0.0017380761693487554,0.0010441989982470957,-1.6070576757395372,-0.8817173999818224,-0.012360740759167238,5.8134348278295576e-05,-0.0017138505745141978,-0.0016247422718539354
0.000744680090256568,-0.004437233851534921,-0.0012336165073275405,-0.20073291110335198,0.0025967808048494682,3.224307291534341e-05,-0.983726220405789,-2.0754010982348348,-0.5145020506552651
0.007491169195333342,0.013599477449317499,0.09782930901099611,0.0013765782950630918,-0.0101462539395522,-0.5623733724764224,0.5537306065947181,-0.005970915881761178,0.0032041842674143364
0.27305098911955344,0.009775788865184406,0.00548434353443469,-0.002867200528656407,-0.0032993514288045672,-0.0035482071484959476,0.0016091743350624237,-0.7817020755883686,-2.780930966853528
0.011609030183617482,0.007318792605655593,0.016336010667279625,-0.1513332810494113,-0.0505500799669949,-0.2904521580991175,0.00044255500288122376,-0.017216146735346938,-3.431641262077374
-0.007358110292062654,-1.4398076365758343,-0.001859799084478364,0.033074239950946875,0.0053245752089639,1.2771040299882506,-0.024054519088234083,10.063511177726335,0.0032548262253306037
-0.004777412946975252,-0.00678139439913902,-0.004031535879618943,-0.0020052433722293353,0.003744632602181136,2.378090903832492,-0.0015309404663025467,0.0011560553283125308,-0.0003864430847690635
0.000554115394331596,-0.024432080268979472,0.0019785500936486313,-0.017023067737308453,3.643768316455272,-0.0028911391148063043,-0.002012920404076992,-0.4050461103335105,-0.0029395545443934926
-0.004036614070066637,0.009230780301283343,2.3162785803963164,-0.007152974240406513,-0.004503011749968813,-0.0007034213725806474,0.013977965922091174,0.837924769520587,0.1401971675469424
-0.004397291013382693,-3.0980310271902267,-0.6783630892052899,0.0050443723116529605,0.01476566758224536,0.010387934846780317,-0.004624588590711395,0.0033315449676536778,-0.0003965924904794047
-0.005901494969318494,0.008862795363847466,0.017179740801102114,0.0006057631465944124,0.013310540431857532,1.215874166733541,-0.000503722062080228,0.008110905624862566,4.048398964228042
0.014912257442842393,0.004252536286102282,0.005231101438230282,0.002311452342139829,1.2878423786619333,0.0019728238528579738,-0.0033041744046985767,-0.11402760316249716,-3.6317044400836824
-0.007718019942811423,-0.48394287421489235,-0.011957098091287019,2.240029677275727,0.0004034536672556585,0.0008931065211509332,0.0006943246033889244,0.0017554149886075084,0.006536574485318712
0.001525817773482492,-0.00020492475927470777,0.005514954986059462,-0.004533923703327607,-1.5118717600987353,-1.0908513672668647,-0.002553345967360468,-0.0025244719007765093,-0.0011010220600459458
0.0011330265899436058,3.8025577073688552,0.0016228722372840648,0.04411484071984577,-0.01680267149510098,-0.0016657516742600506,1.3580001866926779,0.010689696651641049,2.1856836132724684
0.00124405654391865,-1.0100397781000492,-0.0032454967118696852,-0.06348027522986012,0.19513727406932285,0.0003035993869074938,-1.2409944092112384,-0.15952249445233452,-0.01874161562273017
0.31276702694472897,0.005032324270193419,-0.011553699690326144,-2.5295582752679495,-0.0010359397499749567,-0.6320800247650258,0.00634841235279017,-0.8711950362683514,-0.10087763288202423
-0.0035380968843765842,-0.0014490908053051196,-0.01859227854967639,0.006114048690409699,0.0044085035139630295,0.003916927656231912,-0.0005584016315083669,0.8205241035504414,0.000652039977861979
-0.0738890337960281,-0.03098778867677013,-0.0057605165954588994,-0.0018116555611543423,0.015629208594394012,0.4692635480987306,-2.5744946005672116,3.8485724626168327,0.001543368163859457
-0.010298098434666732,-0.001528096498042422,0.046953334378701805,0.0003228438342090137,-0.003327945556842349,3.6011152959101227,-0.0028194797834144025,0.0013770683464506958,0.004750249322810575
0.037813058210841244,0.012983925973230412,0.01447795607435453,0.006062484246082585,-0.0034221342220359108,-1.3054637991077196,0.003793470978918946,-0.005922130102458558,0.0008393808719056924
0.0012326436745584422,-0.0018587912572213252,-0.006752686292558332,0.012531724954296474,0.004408962172547213,0.001620700047942885,-0.0088273658435548,-9.770605698236317e-05,-0.005759275884384056
3.7992075834504444,3.720229332281562,0.014835428367270906,-4.88158399856579,-0.0911689749240625,-0.0528183648469832,-0.0022733200831788064,-0.0008702307052476169,-0.0038631683851882703
0.020950185531274052,-0.002764649050077482,-0.004327659024485034,-0.004756995392529452,-0.0034206692372249353,-0.6024814359499919,-0.0020913288066258633,-0.36682372554295634,-0.013394173151979532
-0.00175896789369695,-5.219357036233401,-0.0002133665361603032,-0.015555877528088582,0.0071741067424286875,0.0016655480538218083,-0.019623940599578477,-0.006094148321678872,-2.571784391432775
-0.04112863925175819,-0.023258470738610384,-0.9725970380743023,0.05071621563460266,0.013068484958680876,0.4635632395497821,-0.005551815925807252,0.7911621085549276,6.494126645535777
-0.02045629980692439,-0.009964130132285483,-0.0046485204171224995,1.591228714501086,0.001729910577308938,0.0026084882001376104,-0.0021445774927808595,1.5114719672958707,2.4763770749893403
3.4662105818733475,-0.0002496582219598936,0.00347029795532257,0.026269833858988685,0.000371438945150758,0.00024518882088945355,0.0007445649301793499,-0.009047975002518529,0.0031309098801042684
0.010970892497683123,0.009627396707782277,1.4762437317811508,0.005810171189750045,-0.052705122143532956,-0.3648457434851035,0.011370316657362989,-2.5426676772132235,0.009169177097068187
0.0062440106366689185,0.007759156014982546,0.01890206756865743,-0.016393350950213853,-2.4670422998350787,-0.4196080661622945,-0.002301577921960835,-0.008156664530190892,-0.004505205169185044
-0.021026429023663452,-0.002936179344167843,-0.02619653995710563,-0.013091609085687413,4.120385099115956e-05,-0.0004960166006539829,0.30354877656868556,3.161002881789222,0.00895057582096423
0.0328494017039732,-0.000693123694961547,-0.01150722201229612,0.00360409645784927,-0.0095932240838843,-1.4401068195646172,-0.0034780160318030884,-0.005427697838837869,-2.0906783903753503
-0.004369406181437676,0.006588057757804704,0.002078018028007493,0.005001036022846966,0.0006834240523077295,1.244111561021897,-0.0022245250291836466,0.9514550792535683,0.00233168002469614
1.7855502520858204,-0.004407077762699911,-0.09295536244096136,0.008639479929591064,-0.00710052160986837,-0.0053025754135572626,-0.0015921496845218396,-5.026871738264912e-05,-0.011206388757468586
-0.0010338098393190007,-0.003177926561670978,3.6645886733254467,-0.5837563538459876,-0.014369291635148357,-0.7347303074019753,0.00217576285497674,-2.3150308103868573,0.0009428195365625419
-0.000561749796172134,2.114701090073745,0.0016225827479482337,1.6818743701767471,-0.008731512051677468,-0.0008795995886314241,0.017317826820160524,0.012772975513189748,0.010553225473147868
-0.0038448888173680373,-0.0005827552300253225,-0.006776177880435519,0.018973238341904154,-0.0005147164240934827,0.0002151981629119766,0.007377949522297632,1.78571421472304,0.0337311597265922
-0.001591105568777138,0.00022582759807256603,0.0004333728734805364,-0.1091255080463617,0.0018807633327046602,0.0010998021888129325,-0.013927019358114493,0.004689575184576834,-1.5521886391476902
-0.00578671036153338,3.4731977248944954,0.11942648846440035,0.006739070076953527,-0.0023152287033356977,1.0909719744094724,-2.3323242384709886,0.018715719385742735,0.009904575437848444
-0.01353357042750885,-1.699321101076257,-0.00469537752647603,-0.30347552145511336,-0.0015781991263923364,-0.000558745713563371,-1.2970628757723288,0.0009512332484922226,-3.841459987223556
0.09371551573258585,0.004248591164081852,-0.0017413634521380734,0.006965692340973613,-0.0018589764317826665,-0.0019094429772877365,0.0005570809172531194,-0.00801108168428252,-0.00611901053633011
0.0031870043053366607,-0.009851365799938571,-0.005992957716419299,-0.005963502294223994,0.032185145404735604,2.436875718586241,-0.018205661814492846,-0.005142532267660673,-0.009217977665565334
-0.0034065239351478947,0.0025120875719860172,0.005282211325776198,0.007905247865786492,-1.6221004988857506,-0.0013740668821374882,0.008179900466324913,2.371545505775026,0.036205474210320304
-0.0023015919430106474,-0.011606614566376953,-0.011741761682768689,0.014357957063548421,0.004546682847172713,0.0022142206659631378,-0.009497138454460282,0.001404486575542721,-3.9390741625831116
0.0010421693155366514,0.011081848639370624,0.0072568822778133375,0.0023758930267505805,-0.7609554352900957,-0.0032499765932296667,0.011330114909152844,0.0009417231882004229,0.003989733851785713
0.0079158648749291,0.0076236839793668324,-0.003001506467783284,-0.006669582897062319,-0.0004906777985907519,-0.0008958160828854764,-0.0006932529247220231,-0.0012434478631569018,-0.1877743547909654
3.0266712087380214,0.005961334404803575,-0.016364171636621974,-0.0004059856452470179,-0.010691014057555126,-0.08911921637519388,0.030453869598349254,0.0030003683135904667,0.001443133758430068
-0.004601724953159053,6.0325686671726386e-05,0.0033710177572929545,0.02991798273340296,0.004246323091802673,1.065211768664963,-0.014395234603810536,0.03130392958994094,7.907067944188249
-0.00038284988961544836,0.019340088960277405,0.009260518421173765,-0.0046009674901947885,-0.026617455705046016,-0.00441898297602358,1.430829084206785,0.009024763357165504,2.7783962400091844
0.002466349210357788,-0.0042480885692977866,-7.557452805427022,-0.025839408322936595,0.011792679944348846,0.0007147789407952725,-0.003569002007814605,-0.25092484747833904,-0.06411985533077433
0.006328348742620198,0.012031169615843358,0.0035803262530473,-0.005044995174493066,-0.0013983444074257,-1.8970603310304048,0.0017587474841004175,-0.001712403835622484,-0.0012710617773118178
-0.005277309369337929,-0.0033018863506940055,0.0032757864038468983,-2.0602823768898744,3.5824385230841207,0.005907198673657216,-1.7311614220052254,0.00206352121120156,-0.00039029313403396437
-0.0008192172958544734,-0.0065547302545940385,-0.002838953022611868,0.010453562395122178,0.002113235958518607,0.001061544161585948,-0.006475433083038117,-0.003678200006756005,-5.362638790277902
0.002091813253065556,0.005407523204045764,-0.005695224056063419,0.001693945684311575,-0.003746090324755676,-0.0013932793656560617,2.389277033631378,0.0005159668084323893,-0.001051338434195569
-0.005980691447408843,-0.2634316124043761,-0.012738644150771732,0.002433548441737127,0.030702933554272074,0.012252418319149461,-0.7071856394086569,0.002296447805745431,-0.00011731500281754546
1.1371286665723774,0.01244459971012242,-0.004279392434809973,0.3057916547508625,-0.0035790907092881075,-7.709848454288439e-05,-0.009665084993054934,0.00855998958623274,-4.210708131614159
0.3286440114552935,0.007300564452119393,-8.200205851010278,0.00733773759431498,-0.007879925809659571,-1.417647860391707,0.006523034595343327,-2.846748358588667,-0.0032673162877642214
-0.02505158200412908,0.0018839726458050954,0.004869957407268545,-1.8928696483104857,0.008823387771736704,0.4459325526151856,-0.004390799980386684,0.01377429101285833,0.0015567337796008043
0.0018903502241481712,0.0017333707864717494,0.0038472307160078846,-2.331040844432773,0.0028273418382436973,0.0004043247702423857,-0.563485384067094,-0.003917974312100839,-0.013239006262523792
0.003697707839753449,0.006739179717881474,0.01388619405478679,0.49719701177460296,-0.02081224712271107,-1.656907557273446,1.188223568804621,-0.0017706823059435856,0.021604621327031663
-2.033434054022655e-05,0.009532225353503333,-0.0022835397091135953,-1.7805641607240497,0.011403195950646872,1.5045063960768337,-0.03225013169811436,0.01079840600386952,-1.640430785285466
-0.009280785390374857,-0.00301090836249443,0.0026622459746301202,-0.008311805555874519,2.5769626844405558,3.5210253974454595,2.187475728162914,-0.0022898556874704212,0.009431856635990138
-9.113466245976547,0.02743687587501986,-6.923701090584952,-0.009392137313682825,-0.06877027945339576,-4.317252867199304,-9.27931435139087,0.663888752440398,-0.015300810221484273
-0.010385938747123832,0.0104496374189392,0.0013848073313570911,-0.008890327127144687,0.009846890468403341,1.4533071282255041,6.066628463468098,0.5373215431094565,0.0031360118491766814
0.0020177603842687145,-0.025496136131896274,-0.008049099383443727,-0.002188790164774158,1.9416912852868526,6.395133837840128e-05,-0.01497449010621271,-0.006884970419656318,-0.006994056829358044
0.007481071245715572,0.009638939915274342,-0.0038939265202822025,-0.002894319522339989,-1.8531718292180597,-0.16157739245883684,0.28657910877066595,-0.004090186991641826,-0.002597016699623324
0.005881964341852187,0.025090719738065634,0.0020030191016215055,0.0004218563280334992,-0.5292753749805232,-0.009452221359978308,0.013771857403783552,-0.0009191371663004723,0.00024975160728980404
-0.7305224362540977,-0.005094918900347103,-0.0013961043170074988,2.6389126901914484,-0.0010048174843344231,0.0009830160557220506,0.0030130095207156404,0.014943627908475686,0.11820318725863718
-0.009075589325034614,-0.5024662340647071,-0.002081254311619936,0.013436081494169458,0.018475374459627745,0.0395951087424162,-0.032264519079226825,0.0020713769820584834,0.0016375060020400163
-0.009084273303530404,-0.010182021342131073,-3.631070594954472,0.6115741320861923,0.004529320768379183,0.005435051910026042,-0.002059959711229762,1.5344195406466237,0.00913901946810973
-0.16745998992793382,-0.009382630020595029,-0.4805323479773022,-0.007214067219076931,0.00955152125424514,0.13900187195714497,-2.373479986594787,0.7219631883057565,-0.002283561042450712
-0.10137382702191072,-0.038265204448825946,0.006549177406241294,0.0024639971524134845,-0.03538422521566287,-2.9237930628917903,-0.00021835212669429893,-0.00314311280302588,2.1420932719722696
0.0070544744118608265,0.006714675183933367,0.010127375919483473,-0.17570143854317952,-0.0006338930496632842,-0.001208333453906412,-0.0007591918529069527,-0.014384581499837349,-1.3224995417756988
0.0017594679705629224,0.014437049400644813,0.06402878955360576,0.00022643182874674574,-0.39600457319450877,-0.004603258574083937,0.013571938712477808,0.0006018836636006355,1.4958407577856596
-0.00540052998875095,-0.0011493256216531245,0.000606976671264718,0.019506397100032765,-3.4284254646723786,0.002258973702011169,0.009808122011258297,1.8429611352068802,0.03244555085628209
0.000912690646700437,0.014366452306412036,0.001830263947506466,-0.004651867281458839,5.230023360786665,0.0008289632009913506,-0.0013519409509988845,0.000978151000076248,-0.0019898184400903574
-2.6267979086498827,-0.058960291876113735,-0.004650073814011373,-0.00042879669737410503,0.0026531052742396963,0.004532569278168662,-0.6100550630680048,0.0002762675662551315,-0.003654327168802183
-0.0054620156715129075,-0.0008693895851261111,0.00430840763662001,0.7343063206859739,-0.0006397074364856981,1.62746330604154,0.00215231345551109,0.00341439531451931,0.00917425937541268
-0.0015407665785632718,-0.0030139149617010065,0.0004945836832133242,0.0011892740427948034,0.7905473659682908,0.006721413042751836,-0.011284872797862926,0.000544309842956477,-0.000779894298674976
0.012103046043759648,2.1336316346812603,0.00019951712673076105,-1.212912912960064,-0.038790663985174056,-1.2266908573455415,-0.01254564075702716,0.0033826582808400146,-1.2483981494764402
-0.0022584917638070415,0.00024070829772802243,0.004343529553964179,-0.0011299726709223942,-0.009113626925599028,-2.8201283143912432,-0.00039768336244007385,0.000875246116655798,0.0013635123921986528
-0.0005569657698139141,1.0209539056379866,0.00766716555844145,0.12983981509900755,-0.0003069938258015593,0.0012941159301329448,0.004479048453188669,0.789455380664249,0.017499394138258535
-0.003685291386939181,-0.004439737869183232,0.00092718979964953,2.583199338127473,0.0030868237713010775,0.004453632341576862,-0.07635979988854917,0.005589037131446442,0.00017353999468561893
0.002861635078143257,0.002962098166514722,-5.893656799878938e-05,0.001923931924118022,0.0013268233615660874,-3.1193283841466943,0.20179433989033457,-0.003355682679331045,0.002543367909724273
-0.00786999259584462,-0.03408979740078452,-0.03695889152235933,0.07155148847824588,-2.131787831134413,-0.0010769464533264064,0.011978204034108292,0.004520804234041069,1.8012031666861281
-1.3775593245632054,0.0006831853589516613,-0.01081424673155726,-0.0868991825128394,0.0002487169796155271,5.0965998471521755e-05,0.0053665987203421455,0.8631262474619656,0.00040241858369017766
1.1837485552027944,0.008631170457324124,0.00128757163294816,7.520658654425053e-05,2.2454450249734097,-0.0009564101377416215,0.0015871523973536718,-0.01963103156647179,-0.004626225997227295
1.4887358269621371,0.08390639709355086,0.004003351621484303,-4.132611404757844,-0.004834642129490918,-0.01096730047009119,0.013142134579830947,-0.000808140517144147,0.0006689315482318672
0.0015859671739752446,0.010791590756176622,0.0008886151046712302,-1.7907177195872228,-0.0025212616357240614,-0.0010668491252301677,0.0010147514258034196,0.004264567409884157,-0.0026333170766441594
-0.025979474417853574,0.014076274452706074,0.18212827022428468,-0.0044734002090662355,0.0015411949597231578,1.9077681077349853,0.005643159445325396,0.019559030029277058,1.5156031167830828
1.79526494736086,0.037932455987312444,1.8000877369527322,-0.0050912761512919074,-0.008589726125286468,-1.0502886153587347,-0.0003382350672434392,-0.0014025491469129917,-0.0021474444038025176
-1.8561216737643913,-0.006242134440016393,-0.0031306097006393568,-0.0006459950286662136,0.010695925552573593,0.010182604556237396,5.277589678785201e-05,0.00035122921977846484,0.0014943781139982182
-0.00164486020704813,0.00028009282726333684,0.001493154669232249,-0.0011016965230247078,2.0175449586720404,0.006405698267315657,-0.0213951185582088,0.0020373543573855473,-0.0010844673149051562
0.001791898644910056,-0.002248121963354586,-3.008219153597816,0.015249708175036042,-0.0037977668520949867,-0.0018192664425719547,0.005774267962646601,-0.002071267176948041,7.230458288786533
0.001302922042831738,0.005431374182432888,0.005356855428525944,-0.019286347670959592,0.1996724337711891,0.0032994166009542494,-0.006263686579609567,-0.0022678272646781718,-1.4973778453465207
0.001921450903652512,0.009112725588989724,0.0047647681171117074,-1.5875880789525647,-0.04757868061685677,-1.9503697258455102,-1.9866793543838348,0.0028388324452650604,-0.015052914053300975
-0.007583011653506153,-0.009549231449395151,0.004017196501689385,-0.0072741289688270094,1.5977983624910301,0.868584144419966,-0.032132557848379345,0.0003871657870551659,-0.0008132930633617998
-0.0036576451802470995,-0.07000403768759689,-0.008323987356268728,0.005338329193833848,1.0056734518584287,0.6327373312292925,-1.035452582248678,0.0008097643534020482,-0.0006786426188256681
-0.01953524966132557,-0.022877365622776966,4.631774413119473,-0.001812789708800968,0.00355352217025498,1.9494924483156262,-0.9397181659418292,-0.0005647070813563151,0.0013927771542679018
0.0009968445545738011,0.0035424785927655016,-0.006251414673213966,-0.006926888278074275,-0.007978143507659106,-0.0033536489888150315,0.2359528892156559,0.0009990513577514386,0.00012978188271069125
0.0032883946340071177,-0.02351142927792149,-0.0030165622950379767,-0.0049366927009625965,3.0586938407741213,-0.00148255814211172,-0.028870220357210527,-0.7574356024571032,-0.012561540355461854
-0.006281378275564839,0.004807018229204276,-2.5085173611783764,-0.028742957033656716,-0.0002632647707188568,-0.0001873689767551384,0.8295834752494365,1.1982959470970422,0.0010756501366598337
-0.04225807237464108,-0.00011032693004961892,0.006612595575547724,-0.0034350015326361292,-0.00010177758261530035,0.0011461807420603503,0.0018037785450134049,0.3189309668792031,0.10699287444327382
-0.0005217780146783285,-2.1687975889977436,-0.02361919794423449,-8.891298379951063e-05,0.0183391711178698,0.0023240393169796612,-0.0054252641924436434,-0.020907917680082544,-3.3595261490902546
-0.0002601173346413882,-0.0030905933259569446,-0.0015789722913340225,2.7833567659240313,-1.966542339782611,-0.0033314464478752873,0.0025510858895163285,0.001425792639056428,4.515943270336763
0.002702613439315481,-0.013102893084316752,-3.302723810978738,0.0010085981638223215,-0.011171954325981847,-0.0029400934661112446,-1.1005649886929152,-0.0005882527031378024,-2.0611295333542854
-0.011843677522518886,-0.0021066219755339066,1.371480192338481,2.839348513870854e-05,-4.218733024306727,0.0035235675206986006,-0.0031524951083034642,0.007386643485712725,0.008420619509278093
5.9696408493419115,0.02003383564379055,-0.0015385045156945665,-0.004868101896913937,-0.0018286527221886145,0.0006791863517773243,-1.7867732804783776,0.010161772039258825,-0.10887170334703833
-0.010614565713745,-0.0039089536678386105,0.09074132209798452,-0.017888586201556436,-5.79306022246156,-0.0022340206363652693,0.038126063503054135,-0.0012495630176120182,0.016297668254880486
-5.73429397183089,-0.020074645180756218,-2.2380207296130123,0.0040849258324518346,0.00778946619515028,0.5349704624366736,-0.028910356754521305,0.002877595118287519,-0.0073486191246239785
-0.0041992426725631984,0.09976917907087413,0.8769401476194889,-0.003501648026932227,-2.795657214766486,-5.501313216804693e-06,0.08608538913598804,0.007858332053759035,0.012725250857503069
-0.0014218281944551922,0.002637850409878141,0.8431810170459128,0.0026887663884598307,-0.0022756600166610953,7.190799429270228e-05,0.000550299082194243,0.003842654406924617,0.009897891823309617
0.00013929424511476864,0.00887940930420886,-0.001951715608140231,0.00278694606205964,-0.5264979895557257,-0.002144307759137115,0.01358580339738531,0.008021244390858759,0.003418927883626457
-4.526765608199849,0.005511960665155318,0.002544613112073723,1.570179193195403,-0.0013669826639114702,0.003990297017173318,0.0013433586248192755,0.14266070874325143,0.017357747429155496
-0.003347469715007049,0.4771589064883451,0.016123368368770406,0.18522538426983737,-0.023817693909763238,3.719174855363498,5.576642036305907,0.9068508470141643,0.08253687083703976
0.008566641074831132,0.009878216816771503,-0.011329534205272052,-0.08465153551076028,-0.10055918256167548,-0.0757182424812596,0.005996187577024919,4.174240941539453,-0.9767622175354305
-0.0037201374476158316,-0.0013829611433657846,-0.00024796550139916064,0.0015445145050642802,-0.00023154916431132496,0.000673881882492963,0.00041684117513799486,0.0067121232510600065,0.004465613277868108
0.038359295602057926,0.005359745177394201,0.003832768928332412,0.0006554483722816472,-0.0064729641550535875,-0.008789933310942317,0.0031816942925841224,-1.2389791212600967,-0.0012166735967941433
0.0005803704099239327,-0.005515009416137428,-0.005732127817395247,-0.019231178003218156,0.002683898256814004,0.0002928179634987929,-0.0039485205658586955,-1.1155695501197376,-0.5768949466173526
0.002833004332966128,-0.001153208048379959,-0.008858085686214798,0.0011756773379549947,0.011020602285944564,1.1533211102776932,-0.058239516595152196,0.000811763214805806,-0.007391914621516935
-0.006400991862802324,-0.0005021897779988577,0.008249435243244035,0.002092242841963618,0.0019920050475551888,0.002211184422103513,-0.003174951081492028,0.02560982546571619,2.482813275591053
-0.0011205784587708352,0.0015612039912295608,-0.0014849230830581075,-0.00407693260108275,-0.8442427468745652,-0.00407468293178464,0.0021584859987947122,1.936750391488766,0.0012464408243208248
-0.04573534847050298,-0.11418927484528046,0.0023949184346835108,6.728295715546137,0.03948863497156069,0.15443245590337795,-2.137610965267605,-4.569427263981762,2.024669585862223
-0.0048663725895689534,-0.019923094888734574,-0.0017399561693293869,0.005553234912940773,0.01579562150039483,0.009460159044291865,-1.3737424115473884,0.00250028318512038,0.002038568494722135
0.013961140085076568,0.008086088871679182,-4.229943369392762,-1.4777623226152907,-0.003814678251006641,-0.7097671719310812,0.005308664343028638,-0.006918175166358155,-0.029657266685768152
-0.0015501134820739872,0.008387102276969427,-2.8363190772414386,-0.09973580112887834,-2.746142405527109,-0.0015165655439009634,-0.0004972994067929676,0.0064588965697018495,-0.0041159433853817685
-0.0793335386189817,-0.5540748614772091,0.012266560682966294,-0.003595352864647794,1.1812831626137923,0.5222844804298998,-1.1470980822331507,-0.0002794716914766085,0.0049652191724885
0.0036949211718446204,2.104228801533539,0.05521970037132108,0.0019430938361723942,-0.3722327831771344,-0.010250944966756562,0.016740129545374578,-0.001505709860956549,0.0030649309615020676
0.011205504266616734,-0.005385871235848936,-0.020732812854267514,1.875484040153154,-0.024495019157534853,-0.47856576442177357,0.013741625479962265,-3.4917797709926193,-0.0008855197494658656
0.011123961334222368,0.008683912844354335,0.002799413592174326,-0.9177188307472401,-0.009516061059386724,-0.016303882552287322,0.002171320853678692,-0.0064426070978846625,-0.006807842487379573
-0.01144507025395829,-0.02480279526407671,-0.01571404274919683,0.005407958516411856,0.012662673364194778,0.13543078021750257,-0.05905621287640908,0.006135910459276593,-9.210035986595216e-05
-0.009825936394311601,-1.3984436073415356,0.0009907502582830394,0.0026187244445726107,1.7294019493139974,0.09895992204630266,-0.05639132354896595,0.0036329670809096166,0.002040277635432061
0.0009494243728174552,-0.0024468791552523265,-0.004222154045218824,0.0019373208794903386,0.019983801043840538,1.2281995599422362,-0.0025669703087239926,-0.0008654131404056487,-0.0018321400679125717
0.002814369096897304,2.365132085389736,3.085441443472714,-2.9418578813603453,-0.005177598876529604,-0.0034663111462672077,0.0040026011203134065,-0.0018809684254687048,-0.0008354076014872027
-0.002811468903678047,-0.11603543306727801,0.0021718930077608348,0.0023984271397201624,0.011120048820590034,1.8052441156701993,-0.009112446678843977,-0.007549105661371003,-9.490026834787883e-05
1.2270879171301232,0.01611023373213985,-0.0069335350585332245,0.00219753234406158,-0.0048710296909153725,-0.002652465841566724,0.00290324460846747,0.003703615102302882,-3.318285916702959
0.7046679858074628,-0.0010422948109505812,-0.04493292402171545,-0.00455300430567543,0.00031772386199892255,-0.0029437579493329083,0.0015024953241292143,-1.2097289186053286,-0.1275427526174524
-0.004509439061562178,-0.001053137324011881,0.0007580386441783018,4.859304414453095,0.0040200071952223165,0.005918712814307091,-0.003523393226921934,2.1173178046642547,0.002055094725596604
-0.0004294562902656951,-0.005076200443619838,4.2407590834531135,-0.004863046004460617,-0.07845036950489688,-0.005626561407794349,2.3447356416085183,-0.0026062491342263355,0.0056173637921660274
3.153960874005428,-0.010544246209750063,-0.0018231985385860506,0.003416216494835264,-0.00014631140507509813,-0.0019257836916194582,-1.8162017266514843,-0.03418511741587586,-0.013499663809884377
0.013801770837631702,0.3738261060748085,0.7964246572864484,0.022352124766662564,-0.02516233315780567,-0.006146614589239378,1.1120573630399493,-0.0036811200337338846,0.0021529075801748985
0.0024431015152048268,0.006604342267309146,0.0034371564007017264,1.9813554752298455,-0.00264510872484699,-0.001106287358125456,0.004667694102498089,3.8039434141281045,0.010387997664249166
-0.05335944861810242,-0.009248119278130032,3.491625709839408,0.018247181514731863,-0.006210678193819624,1.6343701708411313,-0.0011181078787097232,0.007475740611898565,0.2823580554259939
0.005007299797013944,-5.066653686879261,-0.005590337431102366,-0.012572751196197511,-0.01586080598436701,-1.6399885094807871,-0.007129304267481859,-7.584907935719995,-0.010400300025179693
-0.0023988162942533177,-0.028403693835216792,-0.008827323583513479,0.0019179220719791898,0.06271949374660596,0.005042287983809249,-2.1011612414159426,0.0005582334638598585,-0.00041644892868685553
-0.0708320220292813,-0.033422393231785225,0.0018292912028965574,-1.7848801478896839,0.006187675182948216,1.7398558464188612,-1.1770369840857207,0.0005785890341977531,0.00022823301747131822
0.008599337351130797,0.008594097026489389,3.454308837575307,-0.007100984397908024,0.0002811699075547236,-1.0807046697074387,1.9155600219224773,-0.02157043846014514,-0.0018128909798814027
-2.638707795577008,0.015277788095535247,0.00623856123601383,-0.003926749287523998,0.0016060394747941242,0.0029769351962913825,0.006600320764271417,0.395439049078929,2.1272725555945673
-0.010204242358859122,-0.010273116749937028,-0.01448874450789097,0.015837238662998125,-0.0064983614903044995,-0.0004806232424019348,2.047808310772842,1.0303153786373949,1.9427398221897736
0.0010532286957332226,0.007448004855072576,0.05451344610976114,0.01321792520428372,-0.48207745417450854,-0.001902583259930448,0.0009336697130774416,0.006735806582640239,1.7440637043748985
0.0002720906303923243,0.025230533128337007,0.009396437559266635,-0.04485646283694594,-7.822809463107185,-0.004639973741287662,0.043856950525548596,-0.0008592168372987853,0.0004497409790148246
0.0023390538103481707,-4.0415202551070885e-05,-0.0009475418268515194,-0.004663206841293994,0.0014863177807953685,-3.229208694956633e-06,-0.0002874437899938161,-2.093325668165094,-0.004663758351983165
-0.014642321900500993,-0.21110855900730763,-0.011124279436488742,0.01727771920163785,0.003057056623725577,0.00840376532063776,-1.0956912977103037,4.558112970702367,0.0019134513943082632
-1.097285907472862,-1.7069430187531072,1.8093946786042203e-06,0.0040666904250523245,0.002367884504747772,0.004490628959953105,-0.0015015870806497009,0.002174118498522597,0.004487596175592946
-0.013813092200363454,0.0075927947753242075,0.028091679423268203,0.0015951427668877017,-2.2517051084293915,0.00250055494248784,0.008834603690151507,0.08245432241237156,0.14329472087868428
-3.851526626039148,-0.01798213277920658,0.0021283262212624388,-0.012723220036186738,0.01807733271535339,2.387979843294999,-0.029490537280928764,-0.008223628263056483,-0.006270794249477046
-0.008411273384993291,-0.0056529180076670075,-0.0026793125846474378,0.0026869692219608637,0.013300031432723458,0.9014317304323693,-0.0034534176785085136,3.2252240303363346,0.001135886032287342
0.007973520390191122,0.033098976872273415,0.004368222525796495,2.151105887974281,-2.4090740817026264,-0.0025160434903920975,-2.9452786467053906,-0.0008689579675881197,-0.0025631796342261877
-0.6239646775044108,-2.17129127238486,-0.004369326251330366,0.0009071205716480308,-0.0017091669334556095,0.0018792720838734956,-0.004748410282054735,0.008698725915927226,0.0027241158130790737
0.001399713209509803,-0.0006766102509797199,0.0023590581231991287,0.001290246382143719,-0.011053763854790621,-2.0739465388429013,-0.0035913412852843912,-8.942317424652534e-05,-0.00048434160381381763
2.864113072788478,0.000497918142458414,0.00062286327768089,-0.008620115836339324,-0.005131788251237987,-0.42421645163372146,0.004028053325735796,-0.0702730589146327,-0.0028801143628837678
0.0025944148941749673,-0.0005053550658023566,-0.0006789727157139194,-0.007609333198296025,0.0031134651502325653,5.344680253206258e-05,-0.0015050777802925732,-0.07940433676879316,-1.3237390825258413
0.2496378606770575,0.0068570945482430146,0.0063019407541041435,0.0016205576303405626,3.3969283433827924,-0.0010711687255500757,-1.7843050815701407,-0.09519016442746842,-2.6348742771508
1.3874750078234122,0.01014470066116354,2.1807162334243255,-0.0036484875289273925,-0.006591485466078385,-0.25632491721953143,0.0039983885639696785,-0.0203563762473553,-0.0001586737570166384
-0.003686089404051485,-0.004630313885282011,-0.001233031199257324,-0.050671247318799295,-7.966025029436434e-05,7.613328962278315e-05,-1.798946361910905,0.0012801994477782824,-3.8636140293558228
-0.9478706066561273,-0.014508987195579968,-0.0030591314070592696,0.0358685050629524,0.00477140692212987,0.051554292477362,-0.005605636175489041,0.007758144014940709,0.0033444286144054033
-0.02498356434812866,-1.627222675206304,-0.0030610430243158647,0.0048020184102946055,0.20225242548094602,0.09725070088947811,0.00014668441017814254,0.002613832921847095,0.005245873899728112
-0.003119256691282487,-0.0012360080520451358,0.0019897357749836253,0.00819540236459162,-0.007697970487022799,-0.001553847355411829,2.373137180738054,3.95803240388244,0.019668809100838486
3.1810876371927415,-0.0029409283455534077,-0.0017317089861426382,-0.01358893616474751,-0.007241056709575533,-0.04816388061539942,-0.003525410224963929,-1.1895716293214091,-1.4022281962202534
-0.0004955044414222745,0.01074772046974587,-0.013516536715575372,1.1105692131990355,-1.6583352487828789,0.00014119112109009513,1.0931856820202894,0.0185271739529633,0.0037014442927234253
-0.0007728480336054101,-0.015287517151712287,-4.015024024725866,-0.02957143337956103,0.00367358357972819,-1.37264560151895,0.017789243422455664,-1.5307804227680477,-0.0033675896505434705
0.0017415386545972414,0.009235386446286657,0.0036317291593375212,1.226593433486091,-0.002480100192062868,-0.0009544648206291617,0.011238749851720197,2.5253112352211837,0.028232967358319053
-0.0009684838595672846,0.0034755943241936925,0.0037737717689926057,0.003200716137932453,-0.007211006390301866,-0.0009401816844145344,0.0043471316845411,0.022394379431288334,0.9736742227319611
4.7649927793975255,0.015925816017190675,0.001966161002570785,-1.708661609735746,0.005417225943228132,0.003551718084811313,-0.007683334146927151,0.002256006448693476,-1.265134459506358
-0.0018262727026276124,-0.004039970149896035,-0.003522569162399466,0.0034437874353663643,0.0076989442751758865,0.0031508870477108177,-0.002907281332780365,-4.059468591514427,-0.00368433805223653
0.8018616816860777,0.0021912823913602074,-0.0039020964197616346,-0.0016735039123400618,0.001732240747160274,-0.00034766264706488094,-0.0030279326926757125,-1.938205448152442,-0.3566301201706834
-0.0010335166513619468,-0.003781716695089028,-0.0024285523646614456,0.009010961202495598,0.010920604263224387,0.7141864345723969,-0.007348096615018708,0.0009166222041071094,-0.0006384510593280676
-0.007727938749446769,-1.1049160637953939,-0.003949903668491418,3.035279256728032,0.012947245955958343,0.02152291327080635,-0.016634797401473694,0.0020385432681119284,0.0010392971529767613
0.04668124964063717,0.004779412361685408,-0.014855420489044063,-0.0294306390096092,-0.0018761632382158222,-0.44676334453152,0.01756188205511046,-1.1882192120820239,-0.02128135983139698
-0.5008298591490232,-0.00013546065199707136,1.8676892695166214,-0.0126023197294122,-2.7513659975010913,0.0035151963084502913,-0.006885351180443611,0.035038993178284725,0.0052995095064934244
0.02427910736319494,1.3837922765790063,0.0021806998244576076,1.777949227137324,-0.011110777278509565,-1.8265747719727607,0.013135428987447989,-0.0002333119820645082,0.0024234902490191685
-0.007106225996597028,-0.000471502685503708,-0.031194724251486977,-0.008009796361826886,2.8362368594818683,0.005137739321866175,0.0034560320488540813,0.010528290351875857,0.0008031844770663875
-0.011587855108605558,-0.0028614004939189275,0.00566014326642358,0.01758004928110393,0.013325077275237969,0.1741727017375615,-0.003023300243752511,2.780001351991891,0.01341837215332059
1.7567081477820057,0.0035040095509032273,-0.012758265129340703,-1.662496952290852,0.001555295414368628,-0.0025101021429270193,0.0006553177975794008,-0.0031426371879541446,-0.16148669774028557
-0.004891921206296553,0.003406924682970297,0.003922084248549342,0.00480203237151249,-0.009937389062394015,-7.708978413478729e-05,2.754105585205222,0.029643460623095315,1.3242825351943555
-0.00036530715776936923,0.9615602090840429,2.2021248510956646,2.9030243059039815,-4.29660304792564,0.00043530565609048444,0.011329994292626697,0.004147391441426791,0.05762554095576433
0.0005434954089864469,0.0015241463221538076,-0.0004456628386633073,3.0305460260272663,-0.01107548490072215,-0.0019128837881734542,3.1116798738029687,0.0015100976061519365,0.0037046137550004743
-0.0027205384349411003,-3.1808898110649397,-0.0024063034143418927,0.07209660177233979,0.020864931948507137,0.008960453012933437,-0.0010552260757791185,0.00046573468082494464,0.002929374512296995
-0.007840505963395472,-0.005907786994882924,-1.8248296377475914,-0.002250815128547177,0.0005371186001720003,0.002705193303805968,-1.603387821130368,0.8185944458692408,-0.0013744481132099947
-0.0057118651972498675,-0.0005631237061429631,0.006551725189128454,0.005416170711474181,-0.30681280470704636,-0.0009516531811068246,0.0031058034922001095,0.013817808442378038,0.09132378276660978
0.002204860685844311,0.0023467134153531462,1.7708462565132888,0.007589971337251403,-0.01707342143157742,-0.0036347684777400793,0.005583999924478648,-0.003496124109489778,1.3265798253220646
7.38093157350711e-05,0.05010199927153808,0.0076303584182076944,0.00335635275171451,-0.014258405508303706,-2.991457301414918,0.8789136068207704,0.004854726752793304,0.0073903763428998445
-0.003552982041947471,-0.0016316173919572337,-0.004971518289117675,0.8768670393744348,0.002828240206138581,0.5124941700643854,-0.02349376363746969,0.03218173642856695,-7.675599137047049e-05
-0.005251213893826479,-0.006539964849663809,-0.013036153533098048,0.049119047549698036,0.002563595586589834,0.0019030979012063273,-0.0006444880335777462,0.009518358510600386,3.425068330505714
-0.005692520810924305,-0.01246926530499957,-0.0012242676043558046,0.0014875742073544938,0.005001133002236264,0.0026534358390853598,-0.0043656265342397315,0.0010694268425251291,0.0011527335610519748
-0.4564528988022256,-0.017789447892198065,0.00025688438570485583,0.5550784535817277,-0.01706434278484914,1.5994275399070428,-0.02680775915240785,0.03431140065784988,3.083281913332714
1.193393741825194,0.010158178710752086,0.003337465267568132,0.011499799085835823,-2.1975723281411974,-0.0032950581201044715,-0.016254459283508244,-0.0005027886771372669,-0.004400757034359774
-0.0002291613999454243,-2.822623209571492,-0.0005858904031349962,0.03348155530572108,-0.011889100466095703,-3.3835670422549002,0.0012338197020480834,-0.0015239311598316992,0.00354279090878213
-1.9675907398586332,-0.0648012164480235,-0.015540534667919242,0.01031194074715289,0.0038938774156168296,0.04485614584744843,-0.8542188826012176,0.006456443232015219,-0.000639587872222909
-2.246064472449658,-0.011598633752663748,0.004028146564258905,-0.3230027356796793,0.025544815318596092,0.007020199464994326,-1.094389761027306,-3.6202807127232974,-0.0058242969508727135
-0.0030319120960206197,0.0020535770129617922,3.191685692882186,-1.3135731026668864,-0.0034063670406170865,-2.5546761455830596,0.0019015832669295185,-0.0015670982942693167,0.0012426321444236124
-0.009387581861213593,0.009824120308877471,0.01496147173911818,-0.00031175855401300266,-2.9418115639568425,0.001040118707346549,0.017988831085771442,1.426960617750205,0.04282085541865527
-1.2987278260698336,-0.016595088747952333,-0.0018161653757630012,-0.0026075452099302183,0.0038945531014691007,0.006445802823854696,-0.15660072692882135,0.0027104669819952034,-0.002740591551959175
-0.0010464982314184537,-0.0019622711316823194,0.012011657161994982,0.03181916031172877,2.5663057435419763,0.667226668853341,-1.2761989689341235,6.097456683326619e-06,0.004811440996339437
2.003496596338746,0.04597984891252947,0.028422522186040827,-0.004195504757289428,-0.04766650176468984,-0.14901868016637004,0.00022100998479346323,-4.92409039217569,-0.0008164141755247767
0.009707201431987646,0.9066162343761626,-0.003330921053113778,0.005643866089062442,-1.2255148233809678,-0.005176792684221665,2.3421952945941173,-0.00043310683293188226,-0.001880425493803354
-0.0035574589870769695,0.0077402965862199535,0.006360687950611687,0.000703846999819917,-0.0018887864567128188,0.0003442791059609829,0.42878573792835295,0.016824657930098304,0.05234032566784797
-0.0008769134769309843,0.0021030705963310187,-0.0024884695131693574,0.0006686820614436612,-0.26150831100700733,-0.0034163456148498662,0.0888667754731707,0.019461314443983413,1.6167424816103804
0.00528627662998306,0.006713169805650932,0.009582216496048988,-0.002834123996297039,-0.016758645934331885,-0.21884886440070536,0.032834328592401596,-0.00590011430789584,0.001411181126224219
-0.0024524091201644036,-0.010497908811705814,-0.0004973272275214855,-1.7469380905515242,0.2893430322119372,0.0037944650291334573,-0.010526992186492064,-0.0041613317130959155,-0.005366238534515637
0.06949198435001666,0.018817101126207818,0.008311271067985787,-0.0010579586907195767,-0.0007520183687904584,-0.001628559753145938,0.0028346586304255766,-2.79328239704337,-0.0019565391685960262
-0.8216233463653076,-0.0006442925787101506,0.004294449640228402,0.007259083750091313,0.00045218215871795607,0.0032843810811958025,0.000790122584052963,0.03340164146916843,0.06687483110451561
0.13866759444852184,0.013924645410404257,0.014914868506542535,-0.00920803513962865,-0.0048675055172621995,-0.8352082715462344,-0.0012377947619555685,-1.180047240122929,-0.005916082475107068
0.0007812041855877463,1.1988580454457165,-0.002838608105227576,-0.001206012446690048,-0.019153497146327525,-1.3237316743898986,0.09170484692597936,0.008309352766649666,0.00172535341218975
-2.874655789082692e-06,0.05958818462299442,0.007130904387874613,-0.015703639542720742,-3.432473792951856,-0.0037686159264758573,0.3442334152297672,0.0008977065473959323,0.0010793919970362165
-0.00807800883903223,-0.002315731561946477,4.376851588819004,-8.88819870891247e-05,5.791504329425458,0.02767002471329738,-0.8962521575500471,0.007194293655103386,0.0030411677054443587
2.2863508802213284,0.022723464037793267,0.003703661125908423,-2.3875981039569663,-0.004812073869790295,-0.007736102310337294,0.002140923252788307,0.0007351088493440683,-0.002341916598210883
-0.9894929993562387,0.002546934909245018,0.01329925201204833,0.002600746354003156,-0.00036785705486919174,0.002427492622597537,0.0008791401450919016,0.0455332404990182,0.1149412663821453
0.0027047683378760567,1.5222595822866523,0.003794287935226924,0.006268394747811771,-0.001985527583149155,-0.0007351550483610642,0.45496867602807434,0.0030642689390283223,2.5837305627008478
0.00537425767622727,0.009677867554125995,1.8647740883950563,-1.2005650364978726,-0.010133823361135087,-0.01854698762527754,0.010415878586629054,-0.009219288979806213,-0.0008281859031268077
1.1096096969556732,0.003214897526211483,-0.005675480511048943,-0.0025379460438800746,-0.003695115666706862,-0.42925844077852543,0.012338239765695182,-0.008097064463757808,-0.002238497873657208
3.067447002298902,0.010135603400696525,0.0014356386221496785,0.003944318556585381,-0.02548642086903513,-0.17450315815607187,2.156566346648077,-5.920187783511379,0.002994943193911359
0.0007399526840108587,-0.12525486457245283,-0.009974050793346704,0.0012302694295322032,1.5777487738474303,0.0013925861142797397,-0.011632828443670685,-0.004563261878983322,-0.0037589271476484915
-0.004581970764826984,-0.018336987075335712,-2.9081628473068593,0.02686843496639633,0.008459662355026992,0.004432851238460681,-0.0032759873736141957,0.0034409011610836778,0.00387486161849938
0.010702271353792576,0.03626302100775062,-8.36256746723432,-0.025505666806111438,0.002533987016875794,-2.8573891974091774,0.004169371682206366,0.0007393904237623134,-0.0098064761296012
-0.0036612276719263604,1.9359037988758094,0.0037975336885721425,1.7436172834356662,0.0012193720207100411,1.3078157494357048,0.008665344162177735,0.01409692040649631,0.009467440824507324
-0.0042042953130079054,2.155890745425113,0.04971101045383686,0.004275178585801754,0.0036157571618074674,1.5017507661558758,0.009197840187759945,0.0029018759749256584,0.010439756354290477
0.0037749580773229676,8.428149195293527e-05,-0.003925478176399566,-1.1189261020932741,1.457930529185801,-0.0004007222689374028,-0.0037153420686677828,-0.011212284552154788,-0.03296594081865832
8.401814855069794e-05,0.3293817812189048,0.031658301668338204,-0.003235707773786395,-0.060382159482768615,-0.004884448196323991,1.3660573814096062,0.006084093631022726,2.0430311648372035
0.015481684995675312,0.010946568409003599,0.7822623438611762,0.005064303609304171,-0.0008621615837484664,-1.7616777057672341,0.019577546917549205,-0.8366016577260519,0.005544016425459059
-2.330611545688865,-0.1123614508146753,0.005346435079426758,-2.1904705327660534e-05,-6.206023708482277,0.0010691485309851922,-1.0028236375021653,-0.0018050410451256674,0.003169517311414155
-0.007697572670302887,-0.18739628938132122,-0.010420072978803038,2.3930686614357226,0.28382433726368733,0.09524873712052961,-0.05366156266936593,-6.4492066119647005,-0.01035586249579179
0.002339088516180075,0.007635694516878297,0.06746239360635246,-0.08053048527473616,-0.32566442654558425,-0.006731330660302987,-0.00037872895354191204,-0.00189060337033424,-0.0018354332637579092
1.7806844642191786,3.4809909204546408,0.0019408092561701215,-1.2842586930254447,-0.00868326283423454,-0.5597212684266922,-0.0012137157431878626,-0.004424297611245659,-0.014448467889511901
-0.002484466224097426,-0.0009108595968819744,0.002893051047679715,0.004022576538807221,-2.351840776607645,-2.831557066358119,2.2238956146717275,0.0004948398974732315,0.021132589691836345
-0.009568432836331086,-0.0008000582546102628,-1.227650196264639,-0.02685446033633087,0.0028347511358127186,3.9814927718469866,0.0011699379663814846,0.00812663426049393,-0.00254980722093405
-0.00410000856838092,0.012051663198558472,0.13203579120158437,-0.010548032460023175,-0.9264626334963177,-0.008539206880865107,0.10455600599369061,6.017798063683877,0.11668022208561668
0.006091917986802383,0.008978320156542607,-0.01475560783960178,-0.047112385774563184,-0.002090825999316731,-0.8360159947980895,0.07497758602419158,-0.0006247404448953046,-0.0053059823440469965
-0.0008944397654257474,0.003441854228995206,-0.0014140807585073445,-1.868796033117142,-3.907949693373451,-0.0010334165394096234,-1.7132869839731326,0.003934753491280463,-0.005156406764140357
-1.177687693669339,-0.007663640812468104,0.002301474211472568,2.9382946175681357,-0.00026789696074023053,0.0013797693693764475,0.0024706184404777384,0.0027301921677438576,0.2320011364679373
0.011689305858328267,0.003088672285766897,0.010134003188147798,0.07640282053886269,0.00012904577250111944,-0.001902429866702391,2.2774459700726104,-0.020414861923270418,0.0009546255295120824
-0.007816961278231355,-0.0066423571686901025,-0.002811273864201355,0.0020490236046749677,0.0014552913923238323,0.002654323603074063,-0.05452900067422322,1.2596549985589636,-0.0021415256458818237
-0.49084817612663434,-0.0075146255985281355,-0.00036347271181881753,-0.01587549984153342,0.02219614546163659,0.49589730461298653,-0.006202460424702089,0.002268024092332443,-0.0009983713221760025
0.00017320676034124563,0.0030155147040569308,-0.0002922089228450069,0.004189248380512341,-0.00016513378710271247,5.445864864793735e-05,0.003060843493554166,4.2022202219187985,0.004930931651567855
-0.0018244257276075065,-0.0036205206243020774,-0.0006400067655997385,0.04439523026803765,-0.0005233917167883184,0.000339323805149232,0.0013174041405756747,0.0013346143769002365,0.00822917277971422
-0.004132018108826252,-0.003914971961219587,-0.006530439890822942,0.019612378412110644,0.0024404639771408443,1.5460099830608742,0.00394674068547686,0.0033529587285970057,0.0031854173012908493
0.8811449154880069,0.003248350477602791,-0.0006871230101969206,-0.012303473005424514,0.0005376655450052663,-0.0019585202581296176,-0.0007568668770754168,-0.6011292008748782,-0.02441577634960073
-0.00029761289045984236,-0.004213297856477337,-0.000776630917588091,0.03229336510047698,0.01188309214226338,0.7520618117557495,-0.0043319886794198,-0.00021117372891134084,0.000473923666258441
4.566387740107339,0.0005296978292964544,-0.001118062810784838,-0.0043169113154571115,0.001064561913583409,-0.00036806717926634474,-0.0011230514987929166,-0.005088075134433829,-0.005775778335448539
0.4167784999504333,0.008826007345904857,-0.056539690453517324,0.00249163357416537,-0.00031299903441936797,-0.0013515174933551937,0.0033443743213308983,-0.0008087794330615176,-0.00947587570608039
-0.0009714703159461185,-1.2281337788267161,-0.0009648495277394496,-0.005564517710460008,0.36377466545881987,1.4239662765077177,-0.11324584133045767,-0.00881786124031643,-0.005103472777680822
0.0030317458460898477,0.0005548573630596135,0.13917647755913895,0.025103536364042115,0.0007821592462885583,0.0018007868069704054,-0.40187311449288726,-5.532364810019273,-0.0002233023064446421
0.012965532897975158,0.001742223167121437,-0.002877411531913069,-0.0010357063718687484,-0.0006294244074886558,-0.00159725306889765,-0.0001377539490331451,-0.017895140290731568,-0.013839103379912256
-4.131769970129168,0.030203942772781166,0.05549450719888337,0.0022995214345120345,-0.0005795632206309215,0.00276987304269739,0.004358052491370161,0.020416911398164244,0.0743092541041343
-0.00030735827209666354,-7.239197913899296,-0.17114611690880627,0.003659544919498952,-0.47383245151947595,-0.0034011560489397453,2.0165674748858713,0.002876592466460539,0.0005262115855479838
-0.0040142440743776014,-0.006755985846182984,-0.09577420329659181,0.05275135131520339,0.0002737742021503009,1.8240470734702894,0.0007720186003074281,1.389785518518537,0.001387583494285756
-0.0001499803298083864,0.014366466242899723,0.0021591270054809445,0.4696194387849384,-0.001731568336019459,0.0008453465629826781,1.7837241040638074,0.004371518066551694,0.007362082637944875
1.3165909275701038,0.0120712563484132,-1.6321466814840409,0.006638229666927795,-0.0031958390329094345,-0.00417856555329788,0.12914629776244885,0.0005056063395043254,0.00058472322026841
-0.007064490659201724,0.020086812744347815,0.009363397533309005,3.397524560669459,0.009634406981241777,0.03382510839949801,3.7028047702057987,0.02994579638040186,0.0719209884620941
-0.009025136821199705,-0.052124176145297116,-0.12799008747504081,1.7475487871093205,0.0005143982033180006,2.5042808980610376,0.004223538157982709,0.003370423591471968,0.0035898043507996205
-0.0016469214498384403,7.259841784863972e-05,-0.008430017876157372,0.0010866588591272428,-0.001467498870725649,-0.0004327780311372633,0.002842347124691156,2.0718668182692572,0.0038968593881582823
-0.6454946425354973,-0.0010227597402329563,0.0007133933675931508,-2.3152672681409863,0.0007740912732587175,0.002129021965812085,1.8879740155214142,0.011279023182213648,0.007981948635755229
0.004216495420120113,0.004018320136725014,0.008567649708038978,0.0029973138391672293,-0.0041840135343182904,-0.0016495043233426864,-4.626184114132287e-05,-0.0028884230014923377,-0.0007879491839024588
5.6405434586576035,0.008290971025675747,-7.799877451751698,-0.01825900139985248,0.00356300087481376,-4.201855025733769,0.0003186986494299049,-0.0005383533161916476,-2.0299362772410845
0.010743744448156171,0.007834722950705985,-0.08153808093114595,-0.007237544697125446,-0.00994474063009404,-1.5024725063078592,0.00226794957060214,0.003830592402332883,-1.8355408578406827
0.03666077261315116,0.12338997608443451,0.9860538387147813,0.02720397891318789,-0.013679785160248887,-0.004726310053354436,0.012333008906198449,-0.004695089919892807,2.8832956496447593
0.0020699184789574575,-0.022370676289720687,-0.009739695066420181,0.012807473949455403,-0.009268117002505627,-1.6013880604962487,0.10870220698637345,-2.038655669709074,5.338632036367006
-5.2313551395990294e-05,-0.10332570053853696,-0.008857664434055869,0.0012731785294739376,0.005188610012273782,0.0011103109085719314,-0.25803564574463317,-0.005107937539395512,-0.006887435241561665
-1.0348313693078257,-0.013383920644733033,-0.0010223593992607395,0.021457166313405975,0.0040991650156037875,0.006477866977432841,0.00032947028674727014,0.001834125181280051,0.017616621530180534
1.841105349075999,-0.0030933351954309683,-0.0019037174487097647,-0.0014931297580608764,-0.01664669689720963,-0.04448954233655292,-0.00327066649892958,-1.869825806132093,-0.014935995693762139
0.002016186957312733,0.0018382107943769278,0.0064078020298683775,-7.490720896550941,0.0020238896746889584,0.0006451530936274525,-0.9421078521635318,-3.0163441774366433,-0.00870394281860759
0.06052098967905098,0.028466671916948863,-0.0060379199432806716,-0.12164001658020422,0.0011678653632433396,-0.005253419806798186,1.3597104807494398,-0.010082608871431746,-0.19880066659498377
0.015241059795047189,0.01422062899504898,1.763819295398527,0.0031756566102090714,-0.0004782668418892959,-0.0019461115767548977,0.503152425019407,-1.1876224896002694,0.0035349398695727345
0.003775437108174639,0.00223763158922068,0.00686956893737449,-0.7806831700312494,-0.004464026140104261,-0.39723178777724677,0.01033921429059342,-0.01979156527690978,-0.00020466473319046344
0.00020579527088996925,-0.01670811613055808,-0.010662340380858405,0.2880054592924681,0.008790513414057906,0.0028054028490357994,-0.14744572501808206,-0.002232275723178191,-0.004344178211547225
0.0010181382802107175,3.758901770647036,0.004114208872595074,-0.005255063566032961,-0.0054932408340593875,-2.0064107252695536,2.0261494943454785,0.0001968415777566651,0.0014060730766734964
0.014875088771642515,2.0755403870845623,0.010018854885977216,-0.15412889349846176,-0.008168848974532898,-0.0043842569285664195,-0.00312496716043522,-0.0015986681542039978,-1.7435027617252061
0.22150798805564853,0.006697033505499475,-2.5947729647105646,-0.0009495174963023989,-0.003911079129714945,-1.3751797116754307,0.005675003830361347,-0.005468497959098886,-2.717864523363657
-0.11401219201317557,-0.015557581974237423,0.002489598651189107,0.003907004358418259,0.005945506341039294,0.3443885230921029,-0.016949447773362988,0.003841529184210105,0.0031527479590036833
4.160486772222436,-0.017280657222791776,-0.06118291924666616,-0.007991636657125697,-4.035851039671523e-05,-0.008203479257240624,0.000378820875134106,-2.2787976354147434,-0.8126554599973002
-2.0216958295345453,0.004070128128835698,0.00471606798645529,-0.013860323975935302,-1.7009657553213722,-0.0035177911431114525,1.553390489818404,0.03311074595704444,0.018089966218281295
-2.5505752965317634,-0.004654039148600365,3.69376282873886,0.008463436754700876,0.0021777180841801025,0.8009060888917943,-0.009555639628599177,0.008134731092789383,0.008000632831621363
-0.06372084365612923,-0.006343798035862215,0.005768594121907666,1.7045352460172973,-0.024326899739882446,1.4811238356905458,-0.010741484112209904,0.0685550001116155,0.012203269735480471
0.00243531979709103,-0.0019100457542189364,0.0030391196034665505,-3.7720768543457943,0.003011528443158954,-0.00035790750574624716,-1.0484001772664633,-0.012879295505225615,-0.01035445272285291
0.0015592692023838777,-0.004363164472382404,-0.001289104357188354,0.0020988713826347433,-0.006634907855374,-0.006987721594952504,0.03416500712007657,-0.6996167773588745,0.00543735262807416
-0.004536102561307789,-0.02836506512121909,-0.0032150117203428967,0.003591145149353806,0.011294329055598129,1.1208213341333155,-0.0034080159257953158,-0.0011878426216020486,0.0002052537624223482
-0.0034136677446090914,-0.002228439089502764,0.004958376669585786,0.011600733188095633,0.009568662866176338,0.5414095682552549,-0.004916597212140519,0.001197115171189503,0.002565043803767552
-0.0033067391506001985,0.003684094240561866,0.0026471245503793548,0.0035465737599731356,-0.5226217354969547,-0.0012115204635884383,0.008440314579043854,0.38008372229303355,0.01841006755243257
-0.004785618184611873,-5.005597549157508,0.007325101349392861,-2.2423447208477327,-1.3532685131555673,-0.010224886717121996,-0.01766810371139526,-0.0026039359228151177,-6.451648729697588
-0.008608452497073118,-0.013204728749036294,-0.003794872715526122,-0.004786778479860233,0.4363241355796914,1.0413864556726609,-1.678197106235596e-05,-0.0007290769660545059,0.00020278774005996238
0.007432157728969241,0.3290650739158787,0.002954155011206297,1.2536362820891986,-0.637489008439509,-0.004765260758946732,3.424445784051134,0.000593267603827342,0.0010750336234151975
1.64135175807601,0.016336316809334048,-0.0003823858486430733,0.0004919743858049098,0.0011529416742084198,-0.0003820512700447795,-3.471538387165965,-0.0007803359608545175,-0.028124481314141997
-0.005848897107040597,0.0028888639800937754,0.013144993647559994,-0.001537499358648782,-3.740462345366663,0.001721835368652641,0.001139093316283688,0.005861000023523761,0.005654062401459136
-0.0002249933774362764,0.08246399649899228,0.02642012708731073,-0.013139812750537286,-0.03584388402727451,-1.1355221174589536,2.619218601871765,0.0018676836246639822,0.0028558726232388665
0.0022819568218897623,-0.001823849312053318,0.0004172631873075041,-5.140457135682126,-0.0011932663054742276,-0.001792922641334233,-0.00019473577926758072,-0.014424058081504765,-0.003610353712062298
-0.003031093718369113,-0.0012085781534746376,0.007255540390716035,-0.0023737831080107227,-1.7920391064696468,-0.0017707034757634757,1.174292488184331,0.001091493761452813,0.005826660077052358
0.21979213687671967,0.012939899964118174,0.0006874021484228297,-0.00011578219010753392,-0.0036348137016628196,-0.0025304732778660497,0.0010959188582097086,-0.0038787655450485507,-1.6182194714282878
-0.0008241402442304441,-1.2148341285128943,-0.010459774820881756,-0.002839502282251417,0.0063561089046392585,0.0009323308774911859,-1.7888158972577806,-0.001369366957190451,-0.0039116075642554714
0.008979845076104859,0.012599736871101469,-0.0024753877696696708,-0.27852634645761354,0.3642855457194294,5.706826006336296,-0.0018027298371010303,-0.002741890796404453,-0.013018935028717593
0.00792887645098335,-0.003993312733510224,0.03548938155399081,0.01246888937837376,4.206863048138272,-0.0013026896350288586,-0.046685456238886446,-0.08868499047043021,-0.0025944546533948933
0.13629847186348573,0.02150011190784031,0.0005194401736964972,-2.1316532341329997,-0.005064334674585714,-0.010533363911883111,0.002983486267669193,-3.985422178296711,-0.011019748371692673
0.0028776544658380547,0.009866892685618375,-0.004718010035720872,-3.5238471340035615,0.00815425061888908,1.7969625325578569,-0.014722369816471098,0.006269633913354691,-0.0183105027131004
-0.006406870547408926,-0.0684016809981805,-0.0032663173537443445,-0.000631653640174935,2.0240270930348503,0.0051918340110252495,-0.0031708421758547475,0.0008294885379280196,0.0013126220228678515
-1.8867526061936446,-0.602343907124707,-0.0038689735479137677,-0.029341984826924045,0.015362435471510505,5.0123210338158035,-0.014852370915676705,-0.0029428619136853823,-9.276012962048092
-0.0005300616412269744,-0.0002906897333076891,0.8957614645694205,0.043824265928460185,-0.002882884146169107,2.526232038000553,-0.008335496072586213,0.00014493008266511492,0.004207219451875473
-0.001465718433427089,-0.012777645484288717,-0.006467463014818237,0.018540045420044685,0.023348514668749987,0.007119354951173593,-1.3311195299936454,0.0010900628492504548,0.0003431848540207706
0.003024534957970823,0.007833583095855912,-0.012303659451663665,1.276659774180318,4.982917166060618,0.005031348503879041,0.0025457796230071946,0.003927717837844482,-0.0002749586331946014
-0.0013685140500373546,-0.006321709355714739,-0.0033803565373455233,2.8898450232913895,0.01865913353121973,1.0147587449305908,-0.0014829399894469436,-0.0005610601218808617,0.0005133697928013208
-0.0023825951109411434,-0.0011972974517378023,-0.007654884485155789,0.003325958911324335,-0.0005519397801068927,0.00038586301752935916,6.077822338790631e-05,1.4252632071743574,0.001319414845091009
0.0026556294991676383,1.8084585747074762,0.02642932481199236,0.009585246189509665,-0.03614436942758657,-0.0034555194219064956,0.014216268002269862,0.0004460970189616407,0.006114236652825817
0.0038072180814428813,0.03508882899291327,0.03816794859395774,0.005316805089790003,-0.0406344891789579,-1.0965936103686076,1.2772304898712266,-0.000668572039272966,0.007773742755859652
-0.04561619770611047,-0.014063890832437906,0.004730665329168724,2.0966824689664554,0.024762511701195866,0.16816972765157226,-0.0012829023165993117,8.109573564617698,0.05023735599110435
0.002294944871257425,-0.006663021843594569,-0.02056918739327759,0.0002449016426062519,0.0055239059869000885,0.001039597195715397,-0.004476912823341793,-1.1353801653695472,-0.2677703584607263
-0.0007489100578532207,0.015725439069676418,-0.004468097547947691,-0.004349626532074408,-0.006327608440049481,-2.4996022269323195,0.4260485838868586,0.006538142187740827,0.0012584794719779392
0.8373935403942228,0.020448188740181533,0.001910591779353002,-0.016588279472421308,-0.013204180758446593,-0.11778053209493791,0.009035307310180207,-0.007150480086761432,-3.8165732095630127
-0.0027340642603661605,0.07008605852879868,0.004688395282258605,0.014519552375853622,-1.5801826713990432,0.0018524678503285957,1.8307612964918154,0.06302310964675414,0.012251090004656733
-0.018351221844343724,-0.010808977559397422,-0.0003636978905331729,0.7154439935647192,0.008206424036202642,0.5675973863435859,-0.001749416556583401,2.686333582000361,0.013005045221225503
0.0025693264182368517,-0.0012410974504425548,-0.013002541012613784,0.008918043562783197,-0.0022480719441047977,0.0004262722395207384,-1.0039956217765633,2.7714139653049994,-0.0114181535445778
-0.013885794434960963,-0.004345417304937205,2.13938863299395,0.009315687914322385,0.0007167889591732858,0.006001402206417969,-2.13784974691847,0.004492344896839931,2.7133147537076736
0.004918313932740082,0.0013336716756054308,-0.04216171008178906,0.018634939828547796,-0.014940156325288771,-0.005111610788077866,0.9663966796325318,3.485087796904151,0.0007286842953750511
0.002926121825225525,0.16940316627601792,-5.48689222853706,0.004254911107714049,-0.01242473144835033,-0.0005973034913599653,-0.0002896803634170075,0.009573050686315573,-0.0019417791205477881
0.006069086129722022,0.0023983800850224516,0.0018749909350745896,-0.006930877811636721,-0.00020020507840789613,-0.0012800878549376156,-0.0006892357623203534,-0.019647234273341363,-0.008651572758746548
0.0020177100438120506,0.002011076854582865,0.021145076192417428,0.008320344136083216,-0.005256878045928337,-4.496403560022819,-0.00033053000285412915,-0.0022625233742766633,0.002936504595839287
-0.003631460393783874,-0.025180719087153393,-0.0007417534491547077,-0.011016879595381196,0.015052357750996503,1.7042941109577487,-0.07436604523308499,-0.0033915671429901074,-0.004176407893149735
-0.0035720526546995073,-0.004057809728758015,-0.0008581416197291659,-0.014484321016676589,0.0015149614360980067,0.001216662030618345,-1.2232169399922295,0.002562154917491841,-0.0016246248653130745
0.009203614024637596,0.0005782041213030498,-0.006942239039969947,0.01719238278640961,-4.291010654620109,-1.2178489606134058,0.03072505288247364,-0.005509384573810339,0.0009881731197247316
-0.08948770385692772,-1.2971980476375047,0.0295326059367869,0.006998147633828378,0.00468740861219287,0.5828391836825948,-0.03389785204217985,-7.007492873522441e-05,0.00839964381108994
-0.0076067088657230065,-0.00876080277945843,-0.009957455441752987,2.616512404510111,-0.0006245181724677824,0.0019553412562440756,1.3284895217464832,0.013376472210702355,0.019136076383536316
-0.005574777450042074,-0.003336728023808001,-0.0024469706055688586,0.23324506079187107,-0.0015964233546058768,0.0005677119670159733,0.0009999700780980551,0.04404096948613041,0.70219200575845
0.06529879894044514,4.773938272902943,-0.0014940299276138616,-0.0011713708340336236,0.0022328641932190113,-0.0028211509220155075,0.0049459169286674015,-0.012223401540793977,-0.004314802350475688
-0.00032974892569893866,0.001362762838915216,-0.018684395793059694,-0.006003019776940442,-0.005409044888770337,-1.3223737421234936,0.029916685496761575,0.0021299320012894895,-0.00028786654111517124
0.9529754012112049,-0.0019379417030070023,-0.024902765363337714,0.0015798735533124027,-0.004717245079387649,-0.06316725916906638,0.013568944353127867,-0.05037546614947187,-0.0025833283378996277
-0.0025911309866011975,-0.004025539056134867,-0.001003821960279423,0.005480501933429128,0.002396529692935101,0.002683931020456306,-0.24544474226409677,0.004519485378178413,-0.0003245514646798895
-0.002725382330673381,-0.016465867966221223,0.0011603158314693663,-1.0407051294643819,1.4741357503996235,0.0016654822295976528,-0.00420440015369242,-0.0033950381061414224,-0.0016802860718923736
-0.005291408597366862,0.004010966085577994,-3.03187500923533,-0.03720507796236042,0.005578582051752656,1.9003709928403332,-1.145018836826985,0.01484076525993494,-0.07674115331978301
-0.01221525897690358,-0.003841577608088603,-0.020324664541467082,0.0020393638923831437,0.008405903825309098,0.5085781000210264,0.0003320638914838612,0.013403848113918279,0.001871922131660285
0.04485855604115929,0.015398122100465907,0.2105353474422612,-3.335794574023037,-0.022869685227491957,-0.35569520823932227,-0.0035614962727886744,-0.009881989275219421,-0.011523549965058347
0.0009490306316113015,-0.010518224326001066,-0.0027994790489085336,-0.000613403663624665,1.6909470504567918,0.0015758601906254999,-0.026723791971414262,-0.0032768869540433987,-0.004187601886904381
0.005750042118888596,0.014431684190476624,0.00955137717377531,0.008372003213331484,-0.05182989562690473,-0.006804683749114594,0.5857048116765231,-0.0022567783126508224,0.003040191080519544
-0.8560666528591563,-0.012900093845732662,-0.018732255827618102,0.05514847638836391,0.0033801688143422354,0.014909723243767615,-0.0023506233927471955,0.02939370253208065,0.003256676342506124
0.011584426842437906,0.015787209363968602,0.0020777372906132328,-0.009055622262152618,-7.209075857387854,-0.03357873148863755,0.003620909667911143,-0.010488370877735471,-0.006245640246842387
0.005757008585429324,-0.0011879523761709199,0.005376378619362968,-0.5418778317706621,0.009767622704108136,-3.902663954334332,-1.6592739494536577,-0.12716155204314528,-0.011037103227186748
-0.9142625566633824,-0.0018663734410778552,7.364951611018179e-05,0.008166230973193769,0.009920503032012314,0.04090741765200828,0.003103140382391926,0.014912731357259193,0.39273146717903956
-0.0010522869122629695,-1.9983837534215656,-0.057890377362875,0.0007031357619477104,1.4043673657551987,0.0037562779220817605,-0.0034142932212476856,-0.004532521274203165,-4.259076261280436
3.798319538226364,0.016920920268135964,3.4779678137469787,-0.027560127287935943,0.007517389417574627,-1.5591571605323864,2.809841164009491,-0.02431536884512514,-0.005647080106851901
0.004215380211515508,0.007357516767193054,0.04460845508561624,-0.8064699554017929,-0.00018874458797467716,-0.0026590096608088976,-2.1700534006496803,-0.013200465320907602,-0.006461627381637865
0.004894530447480748,0.12215890993152939,0.16838294415085842,0.013288131680132341,-0.007110395777523401,-0.0019778180369917496,0.010296868933597832,0.0003008907365051744,1.307847068669331
-0.004038904804311818,1.4669206881318333,4.030959686027584,11.051586869264822,0.04336722626721967,1.3770740121954506,0.024616136240811937,0.0030882210346781314,0.016209798482690274
1.2282641811484574,0.011530689837304256,-0.0006307328006307225,-4.5661420855857076,-0.005409643369122127,-0.04131892780191892,0.005862698314983601,-2.4337245985773204,-0.005662005386492003
0.25763327096853583,0.0052940427292088865,0.00623887869315571,0.011249285648108759,-2.5180322975391114,-1.1558582833343838,-0.009980045020938556,-0.012372735523547729,-0.004589096536725843
-0.7999935359224393,0.0008661086337420909,0.003312432598147704,-0.9595877569059593,-0.0006239842714830975,0.0010954753114919419,2.4478645662595655,0.010469446984431753,0.006485683358050311
-0.00237670370620845,0.016918011973463126,0.10181326339740375,0.007568391612664864,-1.3205535004930993,-0.0003774269831849919,0.48492960150831255,0.004442773067317562,0.10645561945817429
0.014336183539974968,-0.011345186812560266,-0.2882477597312238,0.618292767060156,-0.0090044081020208,-1.061458763308254,0.03523476908874734,-3.035772679335504,-0.0014382965803429876
-0.00886010235574584,-0.015115824504682546,-0.00252410687698423,0.005928103371484583,2.413949155176642,0.41632255185739586,-0.002157152786068362,0.004845245897325365,0.004050837293445612
-0.0009686994261375557,-0.03268691762833548,-3.0751215616491714,-0.0014747087393068591,0.8151200165137236,0.002223136006618609,-0.010972881692561953,-0.002916901161636802,-0.005183389695675455
0.0071094970815446315,0.012722045812797483,0.0012991228415414474,-0.0569698024534967,-2.8982731417375085,-0.8724549077111474,-0.004854347043735486,-0.001978915844396384,-0.013370707566362
-0.019493947468096795,-0.1355099381420415,-0.0055423465480350514,-0.001007073627902061,2.3025178075542705,1.5996117928214986,0.000686361899471577,-0.0006456104685292063,0.002913149205149462
0.017513779948837477,0.011417460281307551,-0.001486521530998813,0.084501246443148,-0.003233408356957966,-0.00044282375185274864,-1.3305282391976174,-5.5352926055005514e-05,-0.004210727771921389
-0.0001175908885110565,0.011968947183038429,-0.018455293793745983,-0.0069032320702150166,-0.015907546320905824,-1.1397679947224133,0.04383640771072189,0.008509732434538226,-0.00010151219993819599
0.0100121466302983,0.449762534726613,0.9968630984113136,-0.034450663074485945,-0.009892649315866538,-0.031687375986633515,1.4848867319228773,-5.649844730312147,-0.0006658703623961121
-0.0018831089175525718,-0.0022122211013395066,0.004073104952968477,0.7010685140389104,-0.010286146612879484,-0.0004457578259235394,1.6709636157005645,0.0021188808125529634,0.03852397484726224
-0.0008587121352969934,0.01623649770201535,0.0172787657884813,0.0025307517010949966,-1.7605949878638818,-0.0006023726916154493,0.0038206180043250503,0.0031481995844844053,0.004696847703336381
0.001575852987420509,-0.010787804866329298,0.0006229625087719271,0.024611481388570083,-2.4018039804393143,-0.0055541609407609716,0.01257199235389845,-0.006419680111877917,0.0049279856971589635
0.006397292594677948,0.015222726213454593,0.0009224062614052819,-0.011038966936412656,-0.003483058089195379,-0.0056438120158677045,0.9598001638204913,-0.0046799889984708645,-0.0033498323380277226
0.02577050917501121,0.8287100584408362,-0.004020600831579797,0.034199757109948103,-2.6887809700975187,-0.004945582613964258,0.03015742605752539,-0.0009037877539775484,-0.00010503510440621356
3.5191995333252097,0.03616427676785676,0.006917758162281807,-5.149228401354001,0.005099679064208707,0.003396825867701736,-2.8813849887472647,0.0011253998939022448,-0.04333160448000184
-0.0022098566829695555,-0.05514279314786763,0.006155522591285554,0.005495072477180578,1.6752368129001733,0.005483655476724719,-0.4355536635987016,-0.0021126326938269366,0.0015521251621422355
1.0819508873512922,0.010212615697821979,-0.0002491316577618481,-2.1995899059098507,-0.004904213082017564,-0.5385927951765201,0.003832565553269683,-0.0050638906372692,-0.009806539118320065
0.005004501909788611,0.014451857541906216,-0.0007289436654067405,-3.1763984818095543,-0.007092495645077913,-0.008008728045546034,0.4391502018630552,-0.0012211711166267352,-0.001333624931218651
-0.005949299644743476,-0.014616520672180677,-0.007911773484791053,-0.20872500851142314,0.004394310538346779,0.0018676398193538863,-0.006526306831608749,-4.1607448709427866,-0.01446275804233546
-0.0067641698217876176,-0.08218842900547635,2.6116399751853546e-05,-0.0016399942972833781,1.6987868875405092,0.00526890966977573,-0.006088542848087865,0.00023603207772437962,0.0010393527038777284
-0.00487468300158041,-0.010957218178637821,-0.09140434072680034,-0.0005871593325335542,0.011536544538267975,0.00829362153913415,-0.021315713762798574,4.951378867113516,-0.019359597067790668
0.0002819855014543661,-0.003989489251713678,-0.0016738948750765034,0.0020662312804480883,0.005312913358329046,0.0017657692222657901,-0.31892318925160384,-0.003016485995613872,-1.640198005429671
-0.037838632622795965,-0.017930651411461662,-0.001970027147104314,0.0006268804672556055,6.765278734214888,0.04821297322682083,0.009115064015646277,6.081601743616123,0.014409487719719005
0.006522052081996202,0.024375461330058284,0.007721622287532738,0.008154110021793216,-0.17718174298527334,-1.3381073948710687,0.0015761780896833277,0.0021345039270301187,0.0017996631410791882
0.7686847937340063,0.02002540940227482,-0.0033184582028830886,0.00819171807169293,-3.9365079715267726,-0.22860572470994,1.268476294504465,-0.0060056639044034354,-0.0031098270237680655
0.19211138447194298,0.018273958584259967,0.011228862027024004,-0.0005289644823801877,2.5548755350325068,0.0009962862000524597,-0.021542194486802772,-1.900002928089162,-0.01903167538713607
0.02020600530929977,0.013653836807577572,0.0019428671032368896,-0.0029962329926546513,-0.015440712882995006,-0.2566107253262535,0.017187921776229242,-3.257438630250512,0.00028957918553237927
-0.0038229328692473237,-0.04742710521905521,-0.001698636905304196,0.03501829670983429,-0.01857503628614454,-3.3237332474082106,7.1174613819335875e-06,-0.00015782373636970964,0.00390726146613329
0.0008482588109042287,0.6802794680984375,0.0060198363570931725,0.14349075947239318,0.00020253563134763934,0.0008405655686771498,0.009789228579403023,1.4328543676383045,0.027621625997556402
-0.005607511062210496,-8.782721820972021,0.003623100793190212,2.0096468024795975,0.008685703234687349,0.004756844655814468,3.8406175710651174,-0.0011621169924737745,2.196281065108078
0.03865820513465409,0.021821895651766746,-0.007298134478282056,0.00019193653809943673,-0.003465522108353755,-1.1138784557911372,0.7917726801803009,-0.0004738306697406533,-0.0030181359375923648
0.002559165455913687,3.193070960816378,0.03136470631995937,0.005184786277311993,-0.02687906479839053,-0.003609913894684424,0.004490079886356288,-0.0002215938014831891,0.0032047724103060112
0.005628488621670885,0.014533804586497267,0.029066840786322795,0.006308258476936235,-0.011223206506955866,-1.0399763421611141,0.01276497096077299,-0.002068564965787659,0.004754368434670806
0.007556582394906422,0.005960505086703449,-0.0014427536715048768,7.479018422455478e-05,-0.039792593058025134,-0.006007068646685818,0.001561670742798557,-0.0011975725901220682,-0.0038863732803135578
0.006905898667058723,0.005586003762816901,0.008498801742319147,-0.013458952609922211,-0.0034190241633185216,-0.003134796248963571,-0.0005050690760669586,-4.006563303831918,-0.005269188180965723
-0.0009872282388242205,-0.0072180516951330514,-0.006223980577776093,-0.004089387656850688,0.0028621872996257296,0.0006463303542848037,-0.002613976753839861,-0.0017368494130805068,-0.0036226338883013076
0.0035047131392348272,0.011600317707800137,0.004376944399476862,-0.005061196232630029,-1.4350059288339048,-0.36923352272151067,0.20159443134136124,-0.003053093499481036,0.0006246063614218368
0.009176064138508369,0.0033968051142367617,3.752543030632696,-0.0037061233226515014,-0.002380784394486928,-0.007247532305794058,2.0416579064050273,-0.18241361516872573,-0.004331276994769453
0.011433965542417601,0.04102488639099455,-0.001170998831181845,-0.0024219095757101877,-2.551560710323045,-1.4624748564144472,0.0005292502950852221,0.0030034764610955833,-0.005144496537013774
-0.006302206699706581,-0.04820293485086978,-0.00870926546750323,-6.1424767648802945,0.004405760926788986,0.002094204569875299,-0.0067049990322346,-2.4123809341096902,-0.009675373215222036
-0.008681715537073965,-0.0017092400853421382,0.0005278142493346237,0.006579418741091943,0.003343713877475152,0.005811256756376369,-0.0025727016708939213,0.47892930211351004,0.004630014039592274
0.0740996003403591,0.03315892218880096,0.004854163348556369,-0.00025700229916873584,-0.0037532469348857678,-1.0816779904342388,0.0024278915188969685,-0.0027391185925357384,-0.0015922490246251895
0.0021036503665005026,0.0022935747770865206,0.003255355002164562,-0.008044558509725491,0.00035962860633801617,-0.0006285257239792231,0.00029926353935687787,-0.005251189181723083,-0.0025914042446351
-0.0005633262250325094,0.36277448987395156,0.013770043383134815,2.016330509845493,-0.35797093466864427,-0.0019060383153393645,2.388678532329128,0.012452927232720668,1.0166169078678982
-0.0026411526384211917,-0.007282631840258985,0.014314491783552763,-0.007579965226339941,1.5782439442000693,0.002516993428866812,-1.5381041496699863,-0.001912754208233414,0.00039643899247897817
-0.010550000483304636,-0.002517629722764092,0.001202343010820342,4.6040181990746225,-2.34146593785534,0.003602351579458485,4.316510486201077,0.32946452425962613,0.9010000906213547
-0.001937913843349434,-0.07687584434429859,-1.8855581173520064,-2.4570249665341652,0.6553864892543495,0.002539072227724287,-0.005868129129543002,-0.004457531069005059,-0.013328882487658018
2.227228529025349,0.029134652799082228,0.023451063504476434,3.7367808364476653,-3.3524168626402666,-0.006226114368470204,0.00043386734139379247,-0.0006675867183653927,0.0026993749188856057
0.028762703937548928,0.1546179818734459,0.0017843539379652725,-0.0004785790197341941,1.581741178132519,0.003691221898931077,-1.566907418523456,-9.400456742089734e-05,-1.4096337567699435
1.0857136882116354,4.518406234139175,-0.0018520662471718935,-0.00041991587028483094,-0.00531684753244735,-0.010930280807888187,0.010784885382641496,-0.006311553292025096,-0.0021352411262682905
0.002715255795627501,0.0006372508331091813,-0.0029932047352559388,-0.6810672905923432,-0.0028938265905744665,-3.1413654175083336,-0.016079225955132337,-2.9759792743125346e-05,-1.574895967304954
-0.012673586966349612,-0.026905900317542808,0.00789699759523155,0.004431564739937811,2.4081500646879763,0.19745455250203303,-0.023286581038627092,0.002880200875825637,0.00521834633389658
0.0035935449360781032,0.0019060525291949154,0.03277493530604303,0.0021554907474397424,0.0002700831420182903,-2.3605410839760084,0.005709265279052328,-0.010313477360394372,0.003053643843598363
-0.03215216304876421,-0.005117857415141877,0.0018286023146211073,0.003812902874401897,0.0036543995288762093,0.3664037547324314,-0.01694640742198967,0.01420347164843193,0.0026466278252952405
0.0003765296251131184,0.0002859174030952821,0.0003686359571897437,0.01259130091599999,0.0004006767145098492,0.0005377485321762658,-0.0013285413498417631,0.0009749917153512904,0.0004980467794911678
0.010619368332309434,0.004161419573540168,0.0029811067973487043,-0.010740791418931896,-0.012206005917611989,-0.011307490361525169,0.0035648614075678366,-0.06613966162022,-3.853170259577839
0.0035889447030601415,0.05527875483458167,0.00962065167316594,1.4631293079315113,-0.39642457957228355,-0.005439545414229245,1.8695039535152589,3.5892733946739224,0.025096686927239487
1.4367844873427433,0.01698675921559678,1.0461882632735948,0.007161674150620856,0.03791274220536245,5.517655768230874,-1.8608617516686792,-2.3927516882210362,-0.002102213488121764
0.012521519509456487,0.02901188678241714,0.09941579725791239,-0.08777077890349695,-0.02493698678982012,-0.27965156960944476,0.002928709334191558,-4.250163600837151,-0.0023482496743130465
0.010537133521073985,0.00780391811681708,0.0008052742417924386,-3.3204857769134124,1.0511761618249391,0.00011264017758658498,-0.0023425763195146763,-0.01682161482157902,-0.025898437144498153
2.2413920647857823,0.005555062755061378,-1.806386159258924,0.0030541041865410246,-0.006169012606475087,-0.0038193927023439803,0.0005429733535322681,0.004085610423271344,-0.007483792089688385
-0.002075262809168477,0.004444348309514394,0.0037090040178581504,0.0010885229781252125,-0.23856348305942648,-0.001986903542002025,0.013211128587249887,0.06108208520755301,0.5966413929002207
-7.330662919636323,-0.003187753823023387,6.394696090876524,0.015314775861490675,-0.014467549759661219,0.0015499039131195505,-1.0980361529448812,0.0641587283431046,0.0076925693730262035
-0.0042382860258330865,0.0343796855673934,3.902136004843222,-0.00028604100460750004,-0.002537627974776844,0.0009819901561859898,2.208288733027514,1.2531220281013953,0.022982085128934654
-0.001149797436973174,-0.009025302017821257,0.011703067750692506,-0.6169431870881509,2.4856585399204554,-0.00020712979019246042,-0.0032037983646870686,-0.0070055189343547035,-0.0011797760432004688
-0.022226508001151578,-0.0062398931096923314,-0.0072181953546355355,-2.544787668229873,0.0037644105847133525,0.0022873038720306275,0.0011304573457422747,0.006736821462643453,0.004420381360938305
-0.002757224807257333,0.009402017926918874,0.0025034892389005324,0.008362375784895203,1.7022468039850522,0.08348710814036997,-0.0013329980996939958,0.008006854889794178,0.003161370857132083
-0.0028834208720280446,0.0006590109485967444,0.856175158301907,-0.003133702074850815,-0.01771610053026805,-0.010909194220760365,3.1976838319283,-6.464772494421888,0.04036066035104047
0.0006320592509289763,-0.0018862076105208825,-0.003974936204017577,-0.005242851011375138,0.013618760407743836,0.0016404694419674334,-0.007938200604782683,-0.0035961021846311544,-0.4899688992866417
0.0016396707365330591,-0.0008176834129525329,-0.012233660611205024,-0.007965303097698776,0.01106429102107026,1.9169812287413175,-0.013554251569874748,0.0007715145417531394,-0.010593068441633009
3.4024327568170722,0.0071352650155229805,0.004558369620500567,-0.012321375900373879,-0.0030002113731560434,-0.01401571906564807,0.009813742193671114,-0.01168195781084063,0.001775611386557574
-0.0010253807144873007,-0.013444308100689993,-0.13607121418700444,-0.008593934085883898,0.08995526806312729,0.0019773582703192663,-0.003667048925689204,-0.00874710705821541,-0.772607608175387
-0.004744041443224795,3.0591918117473855,0.014721713732090982,0.007656133440286532,0.00038478259180387,0.0027112512598121957,0.00255106172905456,0.1326959345110359,1.9905109401598617
0.0009654961238649007,-0.005680233769376021,0.0017800362028776492,0.004236370874657051,0.015081343291029892,1.2691723714830159,-0.8356769947107896,-0.0031063934404002777,-0.0017708378501756408
-4.095446835287181,-0.05951845850077275,0.0013199012996888138,4.639879359264654,-0.0007676886583190545,-0.0010066454530275326,0.0016659179986546757,-0.010245957278631451,2.7366225466613123
-0.013648047516519813,-0.0006721516968893199,0.008926535090317402,0.0047950608294724615,-1.5411616439382168,0.0008732976291984107,0.0012232684065362491,0.5739333177855881,0.6171007416721048
0.002357441518293906,0.016416814550804057,0.011729026069018851,0.0014381910094038493,-0.23597534557383426,-0.0043954801275883585,0.02378090604101687,0.001780855534162587,1.483755960758268
0.007378117941434004,0.0028231614830917517,-0.0007327657764367029,0.00032141524969842017,-5.057685318330655,-1.5176079194768413,0.0015229200218044026,-0.005992559767683536,-0.0027627401075554043
1.5066200836547403,-0.0004135751943580984,-0.008831410537975195,0.004160613458178756,0.005599724603085679,0.0007017419666251398,-3.7596641416643606,-0.008332982451474964,-0.06376067141515507
0.0591434574754548,0.005146808271963916,-3.3646332835836406,-0.005171105017920813,0.0008979434108157269,-1.1819700345538084,0.01689796214075423,-1.158977896463668,-3.2403508852704377
0.023380909369837166,0.023058131666444437,-0.004214101872253018,0.002407974631745635,-3.577287189446512,-1.4236091592548874,3.0326252974985772,-0.000364845283117754,-0.006067490487624578
-1.9011356310393477,-0.012914792315998593,-0.016245710759273904,0.011066712288947707,0.003889286999110342,1.1349736347895694,0.0011116902220320163,0.8454440059681776,0.0038078093356416765
-0.0007422499460062676,-0.00236802744478932,-0.0026412128621260108,-0.09345304870198837,0.44356241809159574,0.0022774385719148147,-0.0033701246527804447,-0.00525054176250388,-1.598252096659822
0.005145469416933133,0.00047365807675330343,-3.0126834304479355,-0.000614974534084929,0.0032998073568552,2.6622941500573268e-05,-0.001560999206951658,-0.008651298429870872,-0.8659262272848126
-1.5496552748517043,-1.549392349331466,-0.04565024007749826,0.004810151165835951,-6.939597673770915,0.002855096737692575,0.008650611568488578,0.007124661146678174,0.009667658879955243
-0.014764584558142058,-0.012888212079667616,-0.02589940966064204,-0.00997289203709538,8.015339038138853,0.0060198485295661075,-4.309643754046058,0.011478209550563181,0.0006497750031635996
0.12561501922480578,0.05856809118601647,0.0010601404481064506,-0.012412950974822135,-0.013544302958190688,-0.12257024775548805,0.010963304684630103,-5.228425461539516,-0.005342180102350949
0.002250193585816653,0.0086070930667652,0.006278175065706164,0.015706857899912153,-0.41925992945209756,-0.0029144720675999738,0.005721594679824625,0.0046629839742405275,1.8302837301522052
0.004871901707100251,1.6779049361863656,-0.008007240518282242,-0.007054290629871564,-0.24185186016747073,-0.025148733130159473,2.901542035174664,1.7024883892626326,-0.006847629028772742
-0.005533251202362223,0.004827728057472503,-0.0005321793338643396,-0.027209051613258952,0.00985857756261832,2.011836390368887,-0.009601437025253151,2.319412846239076,-0.006529356964810898
-0.002022606228172852,-0.13368366745730964,-7.457734150018852e-05,-0.04449798340485857,1.9168319170881336,0.000682068849263473,-1.4159869882548877,-0.11291369626145437,-3.0681761609338554
0.0005423849342114703,0.13244865955416169,0.007920845292561802,-0.0018468868678156204,-0.011877073551412732,-0.0014648966622897658,0.004486812594260083,0.016628998764256452,0.003659718600274723
0.014364036344311729,0.002166931443346186,-0.019433454522296514,-1.5534096397306407,-0.009108883018566487,-0.21731300978660542,0.004475694535868359,-2.3939502469215546,-0.07515263247893561
2.9387294510774957,-0.0073425714019663135,0.002584086629682375,0.0012143894231501015,-5.62458059299235,-0.01699377305920491,-0.2677124377404264,-2.1505712558789423,-0.026195865053847966
-0.746965844675932,-0.012896715721650812,-0.001098452370982216,0.2447458203656146,0.00028847323353927215,0.0026798412947642253,-0.001169245762474,0.012633195133838121,0.8959290327661276
-0.0005550068054548593,-0.01451441816014537,-0.007841825345292009,0.011292617623929035,1.4419470730080954,0.005388580927738654,-2.1308654744652973,0.0005447170506416351,4.418918440669481e-05
0.005548958631778813,-0.007359331871729409,-0.012686686900283253,-0.007703739698704207,-0.004319277727780624,-2.124358921821168,-0.03328987936678912,-0.0024139598000425012,-1.0266773755961824
0.007616721170822639,0.008987544791275788,-2.938720251804933,-3.8179274747188736,0.00413084015180593,-0.00114810154686505,0.024710699902137388,-0.009416072951648587,-0.015561653565054887
2.2982324684482336,-0.004170750421835517,0.0010075217333296426,0.004380714737488324,0.00836513209433697,0.0037554581310969277,-0.029577298005648484,-0.3395137895637938,-0.01045096797807294
0.017764246051203143,0.005034231277978283,0.002608806687532577,-0.0017154295736557577,-0.013198956339193081,-0.02944226218136886,0.003566898632071799,-1.673250036393849,-0.0015247709077057733
0.015378613152652964,0.007109839335899631,0.5291157029802066,-0.0011862280311394295,-0.010563886500830733,-0.857538111569276,-0.0016089332567244263,-1.2453937130005637,-0.001543751565187844
0.002558835567084126,0.006208199207692738,-0.0004826281420605285,-0.00443343053710214,-0.0029391905261369235,-0.0015501776730859388,0.002513287290159181,1.6693870965822024e-05,-0.0017597450216817957
-0.0052748530616240595,-0.005514048987355802,9.38135455285866e-05,0.0016916133122570256,-0.03560713489687737,-0.004648595768461099,2.609541656876097,3.3859642216358656,0.01320560154505332
-0.0030732487643631,-2.4113719942704033,-0.022331704655889725,0.01991382981086733,0.005186080097873809,0.004227106410643425,-0.0025585297965362956,0.002267514027567499,0.0009074136277446461
0.24617414894973383,0.0059960242594126155,-1.7774432256530668,-0.0009811645843582325,0.00084909465247882,-0.003370297277160327,1.3140147489619274,-0.011863824660147657,-0.010019356189990352
1.4614491246817538,-0.0007948155773599419,-0.004036338355489166,0.0032912505399187025,-6.658517887140089,-0.06784414268932748,-0.001583066003730968,-0.012491013014226476,-0.008619533169654262
0.005737497121123342,0.015267236701218156,-0.0010945057103932052,-2.2821319634405355,-2.970812766328439,-0.005619572527940958,-0.01429345265789953,0.001128424546423576,-0.6563488131015478
1.4997590789602269,0.0005435776651279145,-3.933721141182244,-0.0007673170197204301,0.0006762198924309959,-0.003035907708407455,0.002901691359559047,-0.09417618690894985,-2.773368800482533
0.006390707901040071,0.0036978963415899902,0.0037226964253386733,-0.1422738491875789,-0.0019868805135010016,-0.0025212211825896523,0.0016588912029905992,-0.15113765163335507,-2.3037641432176597
2.3483487156161074,-0.010914763282595968,-0.007882873486364534,3.3107148177048535,0.008355563081790906,0.0025558576576212577,-3.4106969778982226,-0.023499226680817567,-0.01759655188752035
-0.012746042855062254,0.011213431532934288,0.004639130134647798,0.017641129480309825,-0.0106555254418087,3.1234096629086614,0.04618952599147741,0.3518673853661477,0.042721741659896395
-0.016835677686576817,-0.004919196631451517,0.002159480657960502,-0.011208798933379581,3.8976463490401985,0.01587099565838529,-1.0381271374516445,0.0100942645683137,0.001973015307196716
-0.011365606045986312,-0.0032022905350964402,0.0003480575005586887,0.005175075959723545,0.01060306844502794,0.007729967510888119,-0.0017845168876702857,0.014829115945575545,1.8706431733626137
0.0013552141241633018,-0.001689323714670861,-0.0013829703752722615,-1.0819233273818178,0.009886507226557113,0.0008181848702254283,-0.0015955559813306444,-0.30870362468972584,-0.010496332091177313
0.03514513568240332,4.298309820629157,0.004251787877157832,0.000902736042722424,-3.275955185130517,-0.18323608956564064,2.485463738953639,-0.016154098536938583,-0.0037424344832335185
-0.10577729393011936,0.004379142374299018,0.02135049822002405,-1.786633352758975,0.04593746240557994,1.4020268962790858,-0.000887823880169919,0.006480581328166535,6.017211242011618
-0.004762398371292253,-4.495000088880849,-0.0022053134445096448,-0.00496378121500006,0.012006941749226271,0.004166614164638701,-1.2579074117448021,0.0013054834436021677,-0.0012963658742130113
0.0005249852119351799,0.03188083094078681,0.006255325379386374,-0.0028016092917447864,-1.549253106410472,-0.0028693451244164517,0.007630611895054089,0.0017270724763993389,0.001441200933048465
-0.002950534798371268,-0.004521511593808758,0.0003921130423596586,-0.004865986363732694,0.23326327672805625,0.0058951957485468935,-0.9813973386941078,0.0008948644629266879,-0.0012503371779045485
0.025281116710108492,-0.004233789217230305,-0.007242259848160364,3.9479924819558048,-0.010393586966563003,-0.024508288071139417,-4.112620026823147,-1.4337582625554528,-0.016911474014321762
-0.008486955178978833,-0.0017033245438419211,0.018357547823476098,0.005153761338470208,0.003246255772401836,0.003504244848139517,-0.0014208518100292593,0.004553884371287627,0.023380128391646514
0.0012578719078520945,0.056574043213138914,0.05876695344263764,2.5258119670565735,-1.4679976858756079,-0.0020319398197757403,0.00580127368303166,0.0022000438025858516,0.010738173490028851
-0.010096585000232701,-0.021494610335042796,-0.0013412877214198295,-0.05133492324398658,-0.004031727793697254,-0.0015589758886676852,2.7707924699446456,0.00041889468205059174,0.0014373893031100413
-0.023573188647194918,-0.012371590379015932,0.00042556940361644646,0.014135454561288983,0.021068091467782768,1.1638434910268325,0.014873225799984013,6.59798200175251,0.028628990197697102
-0.005887266654297741,5.881114727562706,0.009713449259273269,0.004796417142622652,-0.0003177945377521585,2.801549372281259,0.009509971272071205,0.0044069015421358305,0.007756436669170752
-0.7824249728526148,-0.12730356439596946,-0.0014540120070071056,-0.0013977147080693375,0.051785708647049025,0.054355265172049756,-0.012370895457831916,-0.0008177069542331134,-0.0007631267160888942
0.01088753575454442,0.00881106400094192,0.2537203614935411,-0.0021468666721620767,-0.006452965927480242,-0.02771231345260161,1.3624848853471685,-0.37621898232668377,3.012955882314818e-05
0.0008530120640215175,0.007699469531096678,0.0026611069174691093,0.0016329722250814672,-0.28987652819678067,-0.0032867899367864423,0.008807848262640958,0.030333746431824196,2.1813415869200514
0.41876585917431053,0.3867951723724981,0.22238652446390883,-0.035283869886016034,0.0050229927663157925,-1.7983184851631284,0.0019502884454359742,-0.010324261604582325,-0.0033103531675771174
-0.024208487030268944,-1.7491214217015931,0.0030162252861289478,0.009694835723266248,0.012557177542341896,0.5393441805894936,0.0007905351492235035,0.0009307221954883291,0.008777395414193472
0.03552843545487655,0.00034773548974828886,-0.0018642916549012692,0.001009691264869536,-0.005712912259536462,-1.1045147231235783,0.0017827500871804014,-0.1555600569114981,-4.014596308779828
-0.013233540459679852,-0.012549089646423558,2.654476876879989,0.009701623316735873,0.018007269207170773,0.7850089212707447,-0.007534089062061128,-0.0017890927631084227,2.5986527992714787
4.5679444056894445,0.0038020903638564087,0.007714797474420634,0.19543526185534144,-0.0253999593584628,-0.005977853007998459,0.0018995920697873724,10.356456347969688,0.012483905425976383
-0.01698448389971431,-0.08286729724576891,-0.023031237184029395,0.0026076240136905654,3.446512399989869,0.03294105682699394,-0.004916628827151949,0.008911504471828941,0.003103335008640959
0.0037888040506033963,0.011073197435752025,0.007333037517757535,4.127865022641981,1.099222807243132,0.0058562662429462176,-2.9852809745097124,-0.002651837127130909,-0.0016813470580694504
0.0074034068090301055,-0.004689536450243779,-0.010279157717126886,-1.4502112375570952,-0.004160310041502163,-0.6821428949268724,0.000899562239516892,-1.2755197323463894,-0.015775101054752647
-6.321879938543655,0.008689116363451122,0.04156321454117517,0.01148684914005558,9.29488900057035e-05,0.005846580557414318,-0.002596308466149916,0.01507468837852926,0.010802957403104246
0.002525008068197592,0.0057821991514416275,0.010726736944278331,-0.0029747582243039375,-0.010476264205156998,-0.0038160963256686333,0.0141836676331342,-0.0035417597655748485,1.9621996251450264
-0.007505310741847668,-1.1666099063338606,-0.01563714918514754,-0.0012649935528107961,1.4259653565226156,1.061294258277318,-0.002838952088437839,0.0013455071781476313,-0.0007245251078986693
-0.0008059058758768667,2.11444039767564,0.010546243559041213,0.0077556101970776,-1.9056327006241958,-4.500556926062384,0.02017617252043702,0.019525113986255782,0.01861591311660757
-0.004111074743587163,-0.008855397066268728,-0.0026649939797978974,1.5294572999107467,0.005581591023289145,0.8119988504956819,-4.057368447359902,0.004042053735450482,0.003372801557765472
0.0018493445363508554,0.0009548428417033156,0.003107876539766228,-0.0014765196896028721,2.2840007652797247,0.0011521201587711832,0.001987172498019277,-2.179707006852818,-0.00013787889941618836
-0.002662933039591031,0.0015469496427262253,0.0008976734906224366,-1.5725065618747642,-2.88014342914877,-0.0030222200395768617,1.9135723202777528,0.001775832012941207,0.0019258676512746604
0.15232106452383157,0.006819465629656028,0.0028027857578395597,-0.007197037347770778,-0.008665573318078428,-0.031336148740327675,0.001660099617792796,-1.0086921952021253,-0.008049174016406525
0.004633460420013195,0.012350772484465545,0.007675249066533416,-0.01508070157827459,-0.0011286592304511206,-1.0371673244976063,0.02173541954959904,-0.004933001514531456,0.00028507599151730845
0.0007165585483107691,-0.09536308278584354,-0.026436084403005308,-0.0050927749203682465,1.2728918842353336,0.0008792106546658442,-0.0025605155160378706,-1.3718598921227125,-0.010978705743827973
2.8799133362197673,0.012287115089298415,0.006283963205806976,-0.018519305574276175,-0.004442366310181481,-0.3447195924284318,0.014632526357625408,-0.008959602438209577,0.001501447356712926
-0.00158172597282457,-0.004563436322912111,-1.6955360912947421,0.001966533055453048,0.0014990051051784747,2.7311644987671837,-0.0027271914067813208,0.0032196885048327087,-0.0019508395442586444
0.0016587085975939718,0.0036022756641256844,0.0067410325133274536,-0.04536766073244242,1.217850263493008,0.004774895557065709,-0.055737407439067424,-5.18037593236153,-0.02093075165774802
0.002078330629147856,0.004278080245698061,1.7824030514227145,3.726330826296815,-0.07895557994470935,-0.003528364238145033,0.0008800286818284268,0.0002127180221204,0.0047721202613389135
-0.005195533760915449,0.002015324640299389,0.0025413596782123964,0.005759336903724016,-0.009723122112005815,-4.5303949959394144e-05,0.9336963186700946,0.3211726139139491,0.1965476422105356
-0.05603983465981989,-0.01794354833616995,-0.8268393203999416,0.0011413259038638513,0.0019637959657271553,1.1916317605978706,-0.0007296853324320826,0.00982743633863826,0.001402777540319363
0.030921810860564742,0.0009862079743235457,-0.009297930983843763,-0.9407461331478731,0.0036995308449271486,-0.9218597254598461,0.0019978136830596585,-0.14883358204556632,-0.028060815718847755
-0.005340504008777391,-0.006122759686646245,2.5567443227355824,1.339256193149212,-2.703928801116021,2.9578252511284084,-0.27405077320445415,0.005007962991250031,5.493361389997233
-0.0030413071221969154,-0.004059170497868336,-0.01548867220495588,1.671601220702611,0.003024844020123714,0.7488862182828412,-0.014147630355840032,0.011912215236756807,-0.0011978263212678551
-0.0031369194598486333,0.002629071467437724,0.0018665618003861914,0.03530846446621073,2.127787498284985,0.011520813901264165,0.010031814990941421,0.004513565154064968,0.011611751127915945
0.004852777823234337,-0.0007437314597542877,-0.0035317255919553375,1.7508615457330277,-0.0009799459261333392,-0.0008664313641377694,-2.4439500149996016,-0.0026631054476678956,-0.003954953882038914
-0.0351086575904415,-0.037356952227926676,-1.709619137512368,-3.2263869243616705,2.4986342516507487,0.017953068359185365,-0.003456775652338345,0.0077655781343346384,0.001132371413186735
0.0021866825128151607,-0.0005529114956285969,-0.004842603360184396,-2.846285961272973,-0.006228697208413001,-0.008309514473643594,1.893416590009946,-0.003272081792338081,-0.0034271002660509094
-2.192691123207347,-2.5189079081919843,-0.01014862931121481,-0.0030553728377015307,0.022388895307892287,0.011604145424710947,-0.0028264330774787974,0.0006960742630414461,-0.0020506452655871914
0.010651292636270009,-0.0012099882647659613,-0.009723786371714872,-0.01011308912316744,-0.0020354166055718825,-1.4111123920977162,-0.0019085585741913241,-0.007667798912328001,-1.522108286377963
0.0007180197828175333,-0.007008754719837251,-3.591350194937928,0.04572816691968921,2.566823909931416,0.003943912463722582,-0.005404848181792225,0.0005058648789431231,0.0002085545364987132
-0.0011516528488830897,-0.0023875610343275303,-0.01008547991599923,5.066565512342503,0.008617532067926231,0.007430294347179182,-0.022713047052905,4.85564639859328,-2.736670144805328
-0.0017943521150390745,1.2247507079915962,4.075387418456663,-0.03642055428908386,0.0043502148042755436,0.002160741762176078,-0.0016944073081746787,0.014223900176904773,-0.0015524862736324089
0.09133481782772945,0.0009997635128327117,0.00305920579360449,0.004649602551686994,0.002556140850229316,-1.9799198505077498,-0.0013568120382312227,-0.04053829707608825,-0.0026146844933881176
-0.0009119362730791915,0.008637295442273103,-0.001075338406208046,0.0028269500146468965,-1.3276274445539915,-0.002760675033678942,0.022605420052658875,1.417694691965752,0.0068463584940248595
-0.20006315655829107,-0.9940436680714962,-0.022558547804449675,0.7830461810478342,0.003194821583958866,0.009723742595221775,-0.000981195833230709,0.008828631238352879,0.006642273589753296
-0.002737787754768602,0.10856409591142907,0.013819424053956942,-0.02370118629522085,-1.1185312394720979,-0.0018565603932262677,0.013670941506888848,0.009550829427893941,0.004272148238476882
-0.010371897442860063,-0.010107368389733539,0.002559401211452289,-0.0022833319979849564,0.0028657304054530153,2.114303600222227,-0.003911904227952345,-8.041606190246214e-05,0.0010003625561295013
-0.0024720293424187693,0.004303356792324275,0.0051841206054942385,0.007211086353713035,-0.03649864591903418,-4.396942608450455,0.0007322803570095071,0.004956639320069185,0.0038266153591344776
-4.348829729224861,0.0014333492828175823,0.002762570906674852,-0.001929597134708777,-0.006817619694098276,-3.3136373787499576,0.49419793621359887,0.0009626622630898619,0.012382098441789703
0.0055695965406923065,0.008838957150318905,-0.14623505912050466,0.4208514171850405,3.713810441623374,0.0010839858631893767,0.1317456836435296,0.0010619869156341319,0.0006094344352179856
-0.2982880848578027,-0.01904178929460723,0.0024799802382107004,0.0038403659524316137,-0.23277428619409696,0.0011619270191321647,-1.789934911149364,0.022027162646729985,0.009467591597722095
0.004770585923555539,-0.0012825801192456812,-0.001818871170118577,-0.01364480738530239,-0.9699706258388192,-0.31927564487695914,-0.006379875522836528,-0.004222544762564252,-0.010820500090723708
0.0037765097832645478,3.8333928399998314,0.44358399879479266,-0.003355009487131244,-3.790951340773283,-0.8018573965953681,0.06070870953320878,-0.010541587267083485,0.0074085645685870415
-0.20160833455323068,-0.0027003855219187678,-0.004769514778204961,-0.01027062357871072,3.8150346081691766e-05,1.2816727726545136,-0.006704051434722205,0.040148120049777206,-0.0006346271973838302
-0.0016861707979746732,0.005229847069520899,0.006865657828954902,0.007672586316538138,5.262496446531632,0.9326448967324144,-0.011793544133929433,0.005989380848990311,0.0020953916425764272
-0.001088989263431253,-0.007752809517128614,-0.0001893025653379375,0.0006909489791555126,0.01048622635450911,0.0021769009671703736,-0.011221199473215324,-0.0034632623525546304,-0.0025948728713545578
-3.324155249010197,-0.012136748717817836,-0.007083134551150505,0.07355851190194755,-0.001842147990024301,1.900414960929468,-0.001975256262811531,0.009146114353048967,0.004713884278018318
0.0046510300201308835,0.0159938656208872,0.001294884863320151,-0.002324358633675555,-1.6646039253537772,-1.26885260566078,0.001761159192793127,0.001743151653373659,-0.0013564393453661845
0.0006236066421580685,-0.0007967175481629217,-0.0008616913595329511,-0.025111368425570595,0.004982497313125257,0.0006580120190037774,-0.00227271755120056,-0.009758519186495798,-1.381533813827605
0.00408175171880458,0.002115707921554369,-0.023620121041837777,0.005025207691139879,-2.7909816881491847,-0.01971989882751085,0.02297862921406174,6.178994837461129,0.001819218882067486
0.0015113497738427684,0.00603863121841316,0.0006609795931855871,0.006865129741017193,0.0023737784533020105,0.0018361927025400352,-0.5856261395855469,0.002629246583916897,-0.002843926431057219
-0.005239802652219849,0.008290684389545167,-0.005077031734252748,0.00581535657500673,-7.084438468691252,0.005214221338115582,0.014957909142985774,0.04884046076926561,0.006408581170056122
0.0037880361712642648,-2.379143379083466,-0.00569391776622976,-0.004471425441877181,1.9045527500457569,7.197813111939344e-05,-1.4427136620744179,-1.421558841139334,-0.014214921802767885
0.0027123383398649833,0.0012154091873059383,0.0046170656579480945,-0.009773718784365153,-0.0038398053679032495,-0.0031484997801529777,-0.00013941789592598636,-3.433825238138351,-0.0026450917745549918
-0.0013788527942065207,-0.004536973420707362,-0.009149146334015805,0.2788260607093631,0.0023079306030299174,0.0013407543478912503,0.00010343348196245768,0.0016271742171448818,0.0019402613256565581
0.010876174354824422,0.39256258914606135,0.019056493609075985,0.013222575606503133,-0.023385704203308155,-1.174117533790263,1.3447540632110115,-0.0010400050699096303,0.005083590195431097
0.08834086317522982,0.028635958612531043,-0.0040393912894745344,-0.0012852882227970958,-1.9227680290975808,-0.8573828677958959,-0.003634332071142745,3.413301741599095e-05,-0.02003597867287581
3.427115972723729,0.008499914864281019,2.481669551795858,-0.009518051085429101,-0.004417546232407921,-0.011883963503880407,0.0020149234194915787,-0.00953462544918567,-0.00018466657256682034
-0.01108263038654951,-0.0016145673243513937,-0.00334717817480985,-0.0018101785054531465,0.6734142876216915,0.010646393597838671,0.006759786837985299,0.008980099049724865,0.00596666737082681
-0.0016837138234343657,0.036113711889708244,0.019728567149241913,0.0010311967827146586,-4.414529997770682,-0.0005389181287748512,0.03889297929213958,0.004621608717871588,1.689128082520556
0.007107028733120432,0.03257446332509972,0.005643279143584698,-0.006680555841769811,-1.2784107393408646,-0.17203204853540732,0.005797785806335739,-0.003442787190627563,-0.002277110921528042
-0.02631705889412425,-3.00837746839799,0.0026903526387051305,-0.008823503935960758,0.007528991223646864,1.5115222119872997,-0.01039297481661075,-1.6578166119719708e-05,-0.00038926725363784727
0.019743383469362004,0.09254982220633357,0.005284301808374929,-0.005791418309149744,-2.0513256971501175,-0.1524365077034877,0.001006635231158572,-0.005313186447131669,-0.0056347970368649785
0.0050850213955431385,0.010990699100231274,7.37310756958064,-2.3927726371221016,0.03054825440316341,0.0018069264448590666,-0.0002530400081878388,-2.5881241650682125,-0.014939732396658356
-0.0030360958654254253,0.001908932126925403,-0.006843502835866919,-6.300270790817364e-05,-0.00016054075687366165,2.2572148095832016,-0.0015586427980464196,0.008886767147659232,-0.0007195642889789404
-0.00637660020833794,-0.004196803578331146,-0.004523541402554612,-0.00021929041756776207,-1.0903831011345897,-1.4372981093919677,0.03871114385399402,0.00355667925859339,0.005264574989202724
-0.017522199054911015,-0.00791229623800378,-0.045755949124763856,0.0003422357378893756,0.0025175098405633674,0.0025263907236733243,-0.0007152685149066943,0.020993678346510742,0.003045124859189002
-0.19059912674245177,-0.00040897627412979365,0.006568143349466789,-2.8825688606292914,1.025212243740425,0.018235587891709877,0.01021709929188807,0.008081839688295157,0.0377534251783945
-1.3238023171916202,0.0012612407056694086,0.009762668293496625,-0.007170494662676931,4.330786150648414,0.008300194397149019,0.008052213002367373,0.003475125309358243,0.01669770327711975
0.005071907878988709,0.025996544932851445,0.015300162986897787,0.0014803120912207082,-1.9280538230630315,-0.004706378196135702,0.0014753853566027032,-0.0017909256249299243,-0.0004131249885020983
-0.0006269195439958834,-0.0029104089231879317,-0.0005659672835916283,0.01213156931663105,0.0011883837831912884,0.0007766345740350927,-0.0013672015787672951,-4.132010091561122e-05,0.0012032557274301193
4.466466687733095e-05,0.0022171955180767255,0.005723935202991126,-0.0024961155307423946,-2.3224080622058576,-0.004342209852536347,0.9270495064747005,-0.0013395335630091154,0.002397199277092305
0.008497320938418373,0.46223877417300097,0.0016527562964467628,-0.0049219490134797175,-1.909837019053077,-0.1414523300753321,0.12076171199645239,-0.0038454440333246702,-0.0021160372757493256
-0.0003383545390489107,0.012813247244608212,0.000564888368021797,-0.0009331200130451197,-0.002479671258943349,-0.00031809351229463356,0.004596129491659001,0.027745553635598382,0.002891927633202022
-0.0035137957771773642,-0.011045521792892699,0.017120443795523077,0.07675732048571282,-5.761130414278647,7.095077524606289,-0.00666228677325878,-0.007960629017778498,0.016300724342299233
-0.004602326736667649,0.00265796453448121,-0.007212776157681337,-0.0068811589166953326,0.006014386747563799,0.9158998966151982,-0.005312488358700074,0.011387638044688446,-0.0027667557826915887
-0.007661882980527465,6.236367640831295,0.0035617519818271553,-0.0373721840936804,0.0012879549845587965,0.003467464627778657,-3.707053878818651,0.010312254909498822,0.002034318503930002
0.1301483706674296,-0.0024108119603724054,-0.06460971550530081,0.01296203608703888,3.3332566147459515,-0.004083880407275198,0.007794654858803023,-0.18379914090764282,-4.507051552456551
0.009382104255733381,0.009657713778472417,0.030519756243903524,-3.5749921736743673,1.6737459314769998,-0.0008148880121993073,-0.006800852000302811,-0.03696122728666607,-0.012512340913537721
-0.0031060695132546297,-0.025443089037613116,-0.009083170603343632,0.0011159754662070762,0.12866576469135121,0.007562584215018441,-0.24621914612987528,0.0007288030120669207,-0.0025518400552760894
-0.0010181260262180358,0.0012393848672295985,0.005957390607770327,-0.0007596477782055647,-0.3504838835071271,-0.002431976747978676,-0.0001082277223895345,0.012403587139943273,4.114224296009954
-0.008178132266007665,0.002363347622776041,-0.0002996209675340915,-0.001356686162961196,-1.248861606466285,-2.0953720916578096,0.12393312490002306,0.00950886488094782,0.00926314305283573
-0.0015546999338593888,0.0005062980953158304,-0.0030380438556267975,-0.0019466694200763138,-0.012798066226448107,-1.0795902666042454,0.23466805503454702,0.0014690184590273785,0.0026093006025688387
-1.0325434054332119,-0.032975619778428146,-0.11538991412402991,0.0013994851457866998,0.014239686564256337,0.5848101919629916,-0.0002666182357619444,0.0023871545056222687,0.0003479969176151329
0.010742543267837565,0.03600664803250936,2.5304236337975596,-0.0028469837445883085,-0.028268936870829348,-0.04345188679115608,1.5627477650269364,-11.85826738474547,0.003352444892599893
-0.009976627414119477,-0.3189304096947454,0.003399057270133038,0.008829572844109873,0.002975223149313649,0.0023762172032926465,-1.7750270469990326,-0.008673171992114342,6.5741131435699085
-0.005660168678170386,-0.029707179618276014,-0.010621712648353213,0.011423093035038951,-1.5960606575135476,0.00015259137947128132,0.0033258577729231836,0.004573112604253382,0.006473205589466794
3.814693522815205e-05,0.005449665722361399,-0.0014898922858780036,0.1753802389339622,0.00026885888121002365,0.0007267645865562831,0.7882446081689323,2.2607081718010615,0.01675990322930379
0.002980579953776081,0.004950358172406515,0.004548410873623298,-0.002425488121511654,-0.008226725305319676,-0.904307400274517,0.003985838619683907,-0.0018389454621319128,0.0005942672546908811
3.2851724851910054,-0.012940245441053183,-2.494806757167182,-0.0037849031987491864,0.003043999907402742,-0.001680132953956059,-0.0024735993166507403,-0.12271596363059276,-0.594035628941699
0.0003240897047552451,0.0036100240652491636,-0.0012709769026608584,-0.006931429106033492,-0.0037019693289633776,-0.0019220035708112544,1.5530635185936421,-6.537419181830168e-05,-0.00037294822156383467
4.2362458868508615,-0.03106674898136519,0.0011319038793522682,0.03613661463311273,-3.67167187254843,-0.010472747311221942,-3.770076625361406,-0.33269365013259367,0.004720590444652395
8.861316179824627e-05,0.0060065035838886395,0.012920480728381062,0.006533803009952645,-0.0030018547293014213,-0.00040316692760147604,0.0005341729821831628,1.8516099157385257,0.00912834947467097
-0.2753347334683841,-0.015097879769207956,-0.002300258188352826,0.002415595547376817,0.013556673231155707,0.008991232149813937,-0.004119413768358553,0.00615811988336995,3.483862788981835
0.002018785865687203,0.00225644523023966,1.4269175025014011,0.0023878805956158862,-0.5909551971667855,-0.004838594344381438,0.004088773359300402,-0.002897335017668666,0.0030382492562795052
0.004151779303963762,-2.8268899233216107,-0.0013916423648421168,-0.001994579128199195,1.3795910017934396,-0.00035845324176195237,-0.011043820163892201,-0.016786808271516275,-0.005296520491706196
0.0003707814270146985,0.0029858282984002865,-0.011848581439275387,-0.009578936951426342,-1.8513666500454646,-0.002384188475311029,-0.00255833069341144,0.002871688869682668,-0.004646990626834225
-0.11329584688557971,-0.013868523811732529,-0.01294144478381954,0.002514616979373379,0.005428106060663823,1.348511943462226,0.004988886567064629,1.7422706937739227,0.006686196817492995
-0.00018319489015353099,-0.7452783807268486,-0.04007490431013344,0.0032844342565443658,0.30819517291543175,0.7616047543148252,-0.02287995696399313,-0.0017893613181747016,-0.004751817190458366
0.0017346917083842991,-0.003719446645589142,-0.01253318077471833,0.0029222926015021753,0.011796004226831488,0.0013790726331155165,-0.0030941720332868525,-0.017018890104387688,-1.0935328603447863
3.4644730756739515,-0.001088846317355785,5.049749615476065,2.6887566171721375,-0.008904693397494126,-0.02767583618889391,2.158579475548608,-0.009665043252584049,0.046132038463487096
0.07742347620321377,-0.0011415454525271962,-0.005163723449644136,2.8444411052582947,0.06270833632871864,2.334226503549539,-0.00798422452204861,-0.008574796584553547,-0.008613869418396279
0.0067208013526717635,0.0013124999234126573,0.004454887704228843,-0.007920764257292965,-0.002003327013020459,-1.0729927462702027,-0.0014883570254625028,-0.008774667524727218,-0.0028697191584924966
0.6043799744300263,0.003307904726671987,-0.02488037278421229,0.003315426058125917,-0.003281258179863508,-0.005013601136555225,0.009444622000697012,-3.0135351760295173,-3.6819633864013745
0.006600478734809557,0.0018227356800803983,-0.003454112886334756,-0.013198598116072305,-0.003152275733678118,-0.003267895726195723,0.0013434198543985467,-0.011066265650380299,-1.0316929519294624
-0.004987988237834126,-0.002102834427320406,-0.038257706449244255,-0.9397298573964035,0.5714699512224755,2.0832108288376485,0.0010513887740950523,0.003246447753929932,-0.005193544921091583
0.0649237269028557,0.009935050053448505,-0.0006521085782536492,-0.017101617476119765,0.0009988351793289345,-0.0007900616523596564,-0.0005108385366274868,-2.7915419408010576,-0.04449806466748227
0.01919344366682103,0.005977791770376722,0.00048554002412473825,-1.820280067398898,-0.007340397871321569,-0.5016453580952142,0.0008592056394799222,-1.5359942060361538,-0.0116064564532313
-0.02350416011200679,-9.044453540810233,0.010211038275273102,0.010869876319017618,-0.004719322749899668,0.001608302912038141,-0.0019333563053846592,0.006650598453728229,1.4349026734262358
0.009848654015601468,0.009773571608698486,3.013249933760912,0.04336101639054061,-0.03429431322777267,-0.009292413607062582,0.01807470956263491,-0.0074048727929802655,0.003130771903620712
2.771907648426219,0.006068785084687693,-0.0002960874975335634,1.278730627216176,0.004493768315472713,2.38082592024233,-0.0013116220544183155,0.0011703329299659236,-0.00038826517741843763
-0.00015341713231755566,-0.543165385204202,-0.01591678690210685,-0.005600054078842714,4.164437572197173,-0.00012046669481564909,-0.01716826190016882,-0.0022969414323365106,-0.005599268920523488
-0.001386921364670955,0.006077917953847678,1.6541321880455457,5.1759259866432,8.233940777285613e-05,0.0011864271151874706,4.938697063150855e-05,0.008423255121711853,0.0098419852851689
1.636130813734832,0.01596729607018351,0.46264011350895307,4.3998154571589545,-0.7542843125597295,-0.009522340497468237,-0.0031122846001160444,-0.0011799221826546344,0.0002539835259268517
0.0007154957367356621,0.10028263733486853,0.008940678171774677,-1.7987906085757122,-0.033090223325387684,-0.010802770480941443,3.9332740131600095,2.6806440322473084,0.0022499199464457165
-0.013016496363889421,-0.012756314458997747,0.0036909745905826137,0.0018457518268003691,0.3446093029789765,0.040569510867524805,-3.18663206532511,0.003925497486815119,0.00557331838584074
0.005200016791370004,0.012428364878048041,0.002028503233065085,0.03925680550300992,-0.022511913958865124,-0.003663727635386225,0.8589904932760674,0.0019525030621739374,2.4711429425760922
0.14465499922470665,1.3410768231623553,0.0013804076337882113,0.012528968410890063,-2.6353408012610275,-0.0314173624173672,0.7379525704974226,-0.00834437414100415,-0.0017486231721122406
-0.007503819512875161,4.201705272819554,0.00449111859143287,5.696096423336868,-0.049784236739681964,-0.0018840728230691672,0.013322377231348166,0.09051209202424292,0.024142090821944837
0.001828884732528513,-0.46664342279358006,-0.002162085859578883,-0.012866964931692652,3.415179456038373,-0.0037487228968660358,-0.0021312369010859193,-0.0340549967138784,-0.004566310407054583
0.07176276051890011,0.005997366167248655,-2.8933796513484458,-0.0074686357635622746,-0.005948127983296425,-0.014978111459643617,0.006155902317758035,-0.05715263010422905,-0.43560403074335086
-0.0010634533912790606,0.0030164931074318354,0.003334169995680025,0.004699848738804833,-0.00597453305588605,-0.00240184805205323,0.014213544048991104,3.4558885457868644,0.12678003039447971
0.0016474196754629122,-0.0023311837297268676,-0.006810264466541839,-0.9714415002311237,0.001120111767502953,-0.0003852628453537879,-0.0022667928071447964,-0.006493502744429144,-0.2913996153722595
0.011809200146099244,0.032717885322044095,1.8877698779224998,-0.01348888893105636,-0.005386951353854322,-0.628062643870772,0.0044084028064578125,-0.005080819019375913,-0.001929141532470586
0.007041255725166541,0.0035638656538232796,0.013742741754614788,-0.000647783164414939,-0.0039457004659705424,-0.0024037311896288344,-1.49652025981471,-0.009161087291776504,-4.624144079029851
-0.0029537783909802384,0.0038135376774479854,-0.007239700613653439,0.9603582555390657,0.6189366246305562,0.08353935872843027,0.0035196086049833,0.058895753715366206,4.238012486488657
-0.03547978543172696,-1.3478297149176166,0.09461559435475586,-0.09479312174065085,0.02301963307695387,2.136197260211956,-0.04037726463721092,-0.015201435144553563,-5.675820547205307e-05
-0.001940037125207985,-0.0016720644808492363,-0.018676323188200634,-2.929160425611275,-1.8297769950609215,-0.008028860359466594,0.0005058500611159064,2.5775798221966277,-0.004285179715058561
0.00740035964948807,0.005346376864014957,-0.00017492106700613824,0.006071377037887404,-2.1544821408925188,-1.7858936549228694,0.00042125300601639215,-0.0002435857757589477,-0.0008886252747498762
0.005283248392029449,0.015426948457590082,1.5669162008162996,-0.002680427762819523,-0.004159257464788198,-0.001840234487392381,-0.0010946569027749124,-0.00224605683422185,-0.004032075110869285
-0.01026955178250775,-0.006483058497634678,0.3976981196846974,0.002762587396760834,0.0006457297939622651,0.0012932816069688912,-0.0023568080546173993,-8.654731839133916,0.028100155312960062
0.0024458105470604894,-0.0031002339312100127,-2.530420828506334,-0.005489804918594932,0.00031597068109298247,-0.0006689114871453097,-0.0038345153930125007,-0.005062290924137198,-0.1725520097156993
0.02136237662875693,0.005264656848562367,-0.0031026365798580407,-0.09413448867771199,0.0033398292211457223,-0.8726732534331506,0.010116157382774355,-0.026527971666035037,-0.0068045811018057
0.001814310302691781,-0.006591189373014013,0.004188644592386891,0.020054699803321294,0.0030010513486462102,0.0014494908005227014,-0.0949178337313481,-0.5429717162382004,-6.67056261721677
-0.012729519840003353,-0.04126300699131419,-0.009874013312331403,-0.0023189890032343126,0.9069048180394914,0.01310996903354534,-0.006011916215378795,0.0030365608038492265,0.0003825793726392672
2.257458029332336,-0.0016173541058097606,-0.013182436233755632,0.00604151753688163,-0.01098339772734458,-1.362071369135045,-0.00014458755848753557,1.046080561005404e-05,-0.0043586999988964314
0.009499029172524737,0.05670155746350926,-0.0030661247223354804,1.7964093437790976,0.06038205447161071,1.9789236197036404,1.6638984618517103,-0.00031121455906973905,-0.0005043820514964992
0.008497359279254742,0.0029421492878300257,-0.00204834293910122,0.006450918583303074,-0.04611739847606097,-0.011162037832242193,0.006397535108674199,-0.003922536593289198,-0.0005421069881968874
-0.0030128037984221813,-0.017198534496656634,-4.220556114959899,-0.034808325618656856,0.06817886159194904,0.003904338328273395,-0.16404084668513627,-0.000709714611764045,-0.09236879371962403
1.903976154497756,0.005954759797152473,1.9840182742803534,0.019084658633003723,-0.02975528075226952,-0.0061851256045258075,-0.0006730059325954496,-0.001136623780743827,0.0029728976684478443
-0.001862349361146898,-0.016186821410379748,-0.8406657442374657,-4.427632713758637,0.01097502272035579,0.0018345006138140083,-0.0029519405929573205,-0.03010546999044708,-1.953360288258252
0.004743510998707385,0.00021740689772324618,0.014414237362164642,-0.006949548414943892,-0.00827157690825489,-0.5800365716044193,-0.0013067677651100833,-0.011199209271091677,-0.0016917981567322249
-0.0004035284029108969,0.007427134053017419,0.001144402794278623,0.0026318677467692085,-0.002928245819331511,-0.0003072323489253392,0.0028199382983590694,0.40436905112086186,0.004379187394877989
-0.002295229601348564,-0.06497830610923883,-0.005759680214357271,0.009194451865187775,4.17420210285454,1.555570081680612,-0.1083057407379861,-0.0027061271506679807,-0.0033040044961622087
-0.014981185150187922,-0.0005192237332189223,0.002947192472410678,0.009567823017379698,0.011405510672072405,1.5895248841283198,0.16924630825570142,3.7665585545912776,0.07813039277671086
2.2096770216172037,-0.0022873978591941868,-0.007106043616080402,0.0005403628555156448,-0.000422871972679352,-0.002691257712736895,0.0010837797811076993,-0.008725900842421565,-0.0043938478372346455
-0.005127557846680207,1.4500963871174686,0.01599669098023181,-1.7135601127578892,0.0010478571664672576,0.0018195311319945725,0.0010564569851540355,0.6245714454688979,0.005779368424416131
0.0021971860561721523,-0.0008755443304470187,-0.001851589567726337,-0.002834581225656304,0.002177619779311058,0.00012524352816453786,-5.236216583024214e-05,-1.3985427262152497,-0.0045293259117407565
0.006071668842170665,0.013393065832190965,0.01684438305751887,-0.005902909260657885,-2.511471990216111,-0.0954419963162535,0.01862586650835306,-0.008454801690914294,-0.0011802894851307552
-0.0003833879704079335,-6.238331073139207,-0.002573911878691354,5.536492100444347,-0.3187143778520578,-0.08166477701900077,2.5404241785620254,-0.00024965273874077987,3.9171054469228785
0.33040773872218826,0.21576147849723992,0.012096685514939448,-0.7053692096329519,0.006117381856888482,-1.9604435448211128,0.0011820539582063777,-0.007973023762893269,-0.005464577880668602
-1.096251671455585,-3.8733044407263657,-0.03465032860700035,0.0066873205810676906,0.012493295819362815,0.007488553273310685,0.0027434529877790603,0.005538132936760989,5.8345631300765515
-0.0006305883195699561,0.0035637444140265984,0.003680212128985928,0.008027880109239693,-0.7184006300642185,-0.001091193847510251,0.002061767943689815,0.0048879904288192414,0.004817918259867708
-2.4925005124632618,0.0008192969780425097,-0.0018475065411513517,-0.005451982702736376,0.008608969669727469,0.008097101764626047,0.001099056697325216,0.005365455015685576,0.00045308104589535103
-0.8324478890402596,-0.017316216831457162,-0.0007805499926930581,0.0036781181841899057,-0.003015243016785407,3.1600153020973987,-0.0012432965476920632,0.002970902017101256,0.0047238463938976405
-0.002250897721023951,-0.04722428094211559,-0.008025540541620406,-0.006113264626403417,-0.0038894861328621633,-2.0208192102676286,-0.0042957378127449625,-0.0018911864864454488,-0.002752423507476103
0.02155045122751675,0.001957103592920335,0.001044954582248037,0.00025492055124488096,-0.004746873739369779,-0.728710614037681,-0.00035892999745969906,-0.009518997103647038,-0.003135254092049165
-0.0038167303664435985,-5.835897714198113,-0.002533431592873156,0.0018610527571110771,0.027762944146061008,0.3383487178610669,-0.89384944559934,0.002100417883726672,-0.0008395085099500656
0.005647697824054608,0.005302384248285358,-0.004289740790787062,-0.000469615251966783,1.2850155286832186,0.0010496531852989335,-0.00610896480100432,-0.0027221876164884857,-0.009986875951923654
0.007841305860119677,0.008537566299293406,-0.005351925285704991,-0.004801398290619388,2.790979220983101,-0.0020912054355176624,0.0003914051215368959,-0.0049221990019388245,-0.00874977328613483
0.0057304827364658625,0.5947641772761503,0.0013667503564473785,2.4973834314670054,-0.003344098460248546,-0.001156876372475947,2.5987670265903615,0.0010316118286766514,0.000934488535065614
-0.03406370502733749,-0.0391788703097999,-0.01586368257824859,0.006282046945083749,0.011776156029665993,0.1908872243620339,-0.005349314502347347,0.006186482575670785,0.0017578402643852855
0.009498960530158113,-0.0001627421138536006,0.004469181478257962,0.026249262997368007,3.1008012998404877,0.001423270677486918,-0.003471275627789574,-1.2678928584517055,-0.0010324610732983658
0.0001209161227409198,5.3100616688441935,0.007324329133282646,2.852087075094027,-0.01786176344346524,-0.0020466846506054094,0.0034732935269760346,0.003082114183593676,0.005296850690691369
-0.002384804779697644,-0.015712161896859644,-0.016459579633642085,0.015572300535052125,3.2309585986659997,0.9052977493949932,-2.307058108226991,0.005522331472727404,-0.000249724288911405
-0.0034576422969876397,-4.096010700506923,-2.178719570298007,1.5876513509966106,0.0015624145701463865,4.231295236608828,3.2442578934581334,0.002480396988289557,0.007580406746309082
0.0036643492204775944,0.008439851087603246,-0.0018749068580457883,-1.052905625083745,-0.012424723986357373,-0.03200587160429,0.7264798990529879,-0.0016988773376452342,-0.002410106934043114
0.0034697565720493368,5.877061987941535,-0.03215416208481907,0.048943788981451,1.1159923372462726,0.005920648686446185,0.07999213035503727,0.0029224365120553747,0.00241511614930693
-0.026498214977637543,-0.008459217021517095,-0.07670464572909848,6.059159084453029e-05,0.14356736312717136,0.3203842152626968,0.002767336128519829,0.007962373334565231,0.0034193806078002056
-0.0015318981720723462,-0.013654232692907664,-0.0036673411773877895,0.007185228253877268,4.145955615426417,0.006012903359871424,-0.03116994826246034,0.0015470106990927556,-0.00011109769430849015
-0.0015631631292491108,0.005197342565270879,0.007336689282160901,0.005073210866336237,-3.2836514359134603,0.00037264879734202894,1.8837968078361547,0.002151639600414503,0.006725614323330173
-0.006775708791103979,-3.459272797982287,0.003995944233391419,0.044994656647194875,5.974600391161992,0.42298616746083617,-1.1275107977478322,0.006232284624110601,0.007264229372727429
0.013747641114448438,0.0031675790817884335,-0.0009572449036974479,-0.02035766515144572,-8.244793090593505e-05,-0.7096885856484239,0.003887070225763775,-0.01856074396693057,-0.004678096024437131
1.2544948396079996,0.03703048393799483,-3.5354834762403184,0.01701699270298402,-0.020663139280977294,-2.5103046472236636,0.008998597690067889,0.007975243404808853,0.0008827828138141119
0.0007183308400812612,0.019117102477298482,0.002983088173558475,0.000925479345000136,-0.348630357273942,-1.7205917083843494,0.0025568556377402046,0.007318722876538827,0.0015648557883080755
-1.6316953523804791,-0.023956644989590114,-0.0069369787648474995,1.033033074002753,0.010451063501300213,0.07414205492096124,-0.0021177275897356802,0.0013924467428368635,0.0034008723605957678
-0.030031933735919402,-0.00847175865257541,-0.015361890510949189,-0.11529451507914956,0.01899546201893998,1.256959278024835,-0.05900460035885535,0.007318469174013374,-2.7322219890402963
0.00831741203373293,-0.0019343932180430345,-0.015230175025608361,-0.016937674931317037,3.4752589991885117,-4.372006905955065,-0.00062757289429409,-0.026549767820105874,-0.04181823032553861
-1.962919417471609,0.006301660420007696,0.008351359466631724,-0.009774695256837038,-0.004398802030430186,-0.0014698061871922727,2.7293249381179443,0.009369828986488811,0.015073659061618394
-0.0014044278521501401,0.02351149270829553,-1.8756698869660957,0.010788151755610906,1.6028154886303327,0.23702893423070215,0.001231013030230702,0.020218618732252558,0.0012181007917055255
-0.006704681724615413,-0.005015519423885756,-0.009673774366038904,-0.015784475733590236,-2.9682861197341595,-1.1585321249354692,0.02147566612484851,0.0016756528535537552,-0.000152526602926608
0.00015904989952874454,-0.00784924077415719,0.003902885926393897,-0.012961411550706542,-3.419548536807969,-0.005269734993392533,-0.0041399317604289155,-0.0041990449396618265,-0.0020431928576446863
-0.00674212436448664,-3.626453222060855,0.00038087494511207867,-0.0026578553006554326,0.02184718300103286,0.010194617777491418,-0.04394482649560172,0.0011750127022431668,-0.0012910348132989407
-0.0019218765850554514,0.007192125506358837,0.010134670245881612,0.001233511092913503,-0.594746890546622,-3.0302757413236465,-0.001439357661962834,0.0053735317990911274,0.002431367027690777
-9.814501328947456e-05,-0.030099924335258432,0.0007201194951630685,-2.059142250707321,-5.625356954433528,-1.4817003741751194,-0.8754493194268922,-0.020088687874684874,-0.010327476971188791
0.0038691625345744912,0.0011147504319974355,-6.167397544125227,-0.0005759983607534188,0.00863178057310483,0.002593684913289901,-0.00352470149528155,-6.2153762145885345,-0.1863175451111463
0.003723387968823406,0.001679387712306851,0.024517947291878842,-0.0014979186705428179,-0.0057535357943399165,-0.0026748987552272716,-0.0014438227152101474,-0.008454885100524535,-0.002034605298929503
0.04428728452476109,0.020342873107769423,8.672732290021339e-05,-0.0021758425363691027,-0.03959556211971794,-0.04267041748540673,0.006028053203312911,-0.0030102808827270084,-0.00345663183778819
0.043340160685933105,0.0014456366335103069,-0.004564040309079372,-0.0015219230303943313,-0.006085967587983354,-0.6297148551732966,0.0007328527224396975,-1.302634547634575,-0.009372824861287772
0.1008520325377546,0.8404459004380755,-0.0024442914030809166,-0.00391449692086775,-0.0015055753968884374,-0.0038682494628240194,0.07084609750348882,-0.0034385522694915897,-0.0035591840921396583
0.00038892239623282616,-0.0013627532057512754,0.00016882268198495346,0.016717159945857693,-0.006256478138419026,-0.0016637565443240608,0.006152214518468686,-0.0010608417089131926,0.007741499598771449
0.009132255323228984,-0.0014018415536882177,-0.0010080538001534453,-0.020732225285360326,-0.0041234240610732165,-1.0151729095706132,-0.0004669191855423832,-0.06376969306499097,-2.509473695130088
0.007934673902102181,-0.0035253132218161926,-0.004804472176522051,-0.0005353593059992945,-2.1122866014045947,-0.9236886000873374,-0.00911306356047039,-0.004949107583552201,-0.010397030865760597
0.02308955703108686,0.0036139356488550005,-0.0004565417518562914,-0.003936662649057869,-0.0003840668456273587,-0.0018053178393205292,0.00045383051048969274,-0.22023735859147353,-0.012796605801340056
0.014937595456854691,8.628588001039134,0.010053190013505978,-0.6412302870515372,0.3456696443574674,0.003762801951449131,-0.011530987260481407,-0.015806748198952447,-2.618715929058111
0.08020470324658058,0.00011408279748699457,-0.008432055284561379,0.009673022608321175,1.0602093593040927,1.5656010536606129,-0.8236495941676387,-0.003377522559587426,-0.021818156326205623
-0.031582354819331915,-0.03321554596561381,-0.00814772268236695,-0.005673214324690359,0.04784483357600076,0.13668016557908502,-0.9621599243625035,0.005802868061180457,0.0004747836209652136
0.0009997319825339208,-5.035507118235794e-05,-0.0019411532101374813,0.0026031567870922908,0.0049810596030912535,1.5624911750202364,-0.00873304274594812,0.0011217363592928536,-0.002168386529620661
0.005245615338652287,0.012636193497095494,-0.001552181227493411,-0.0032424736981454486,-0.038025026722588895,-0.3278190263706727,0.5967411817651929,-0.0007341358634666193,-0.0008115636293387297
-0.016320565484824735,-0.012944168464293226,0.0008830896079060205,-2.21376390778732,0.0004122925856724852,0.0013051968999089735,-0.2958516299738614,0.0032991940170861134,-0.001573512799735782
-0.0010375294182523708,0.0023652580351443075,0.0015372813912868772,-0.0038427920477846784,-0.011521486735616631,-0.0019921118656434813,0.007885486320101226,0.011849116600706075,1.7041350009755476
8.228986702913665e-05,0.04223664721514175,0.00873313050276229,0.008346459910646043,-0.012277964878685642,-0.0010631473392549089,0.009564061526002022,0.03926075319635866,0.017623628878450762
0.004059392489345542,0.017633630173190154,3.666566005383025,-1.1591982890326724,-0.03638915215968655,-0.012594574123830617,0.006679513501996827,-0.0023336935097083367,-0.0014135597627650725
0.0010511994769298993,0.0035151442856407762,0.0003582291869082747,-0.005874149409803052,-1.0030573910804212,-0.005498899994422175,0.002633729913818145,-8.814901934609508e-05,-0.0007372195620439058
0.0003438794719292978,0.005861888405039047,-0.215267521437334,-0.006540389860164409,0.0027043402206762684,0.0015357158743955386,-1.2334097210469233,0.008975711220742142,-0.022535644769397113
-0.0021245640285542005,-0.0026557897555923964,-0.0004475774451611928,0.0022063580364176005,0.0019011387007272936,0.0012039839392396865,-0.0014951082321622588,0.0015770559409747163,0.001260847839449514
0.005349265348227237,0.003925010723993611,0.013632179204559692,-1.9042386077812195,0.0013845633274242098,-0.00022479211875262492,-0.035683559552307814,-0.01774263649251936,-0.7261364412059615
-0.012230512664583615,-2.590985301995151,0.0007563419780559875,0.03224364930287171,0.0019769486740337516,0.004865997526261054,-0.0016281810521253555,0.0037359638881798987,0.007635512572635278
0.0033212515287579757,0.015223886397538175,-0.002319714837060133,0.00034348588903521625,-1.4077775477462215,-0.0038491750738712215,0.0028958488792161525,0.001041597966041891,-0.0013732943077996833
0.0029307472463406745,0.0031250407524378507,0.7589112605355839,-1.6530435567528092,-0.008707374739250397,-0.025378325809042757,1.2912452519950741,-0.017399996922233547,0.0005099892039123765
0.01607315192753106,0.014267910656458715,0.02030251982180263,0.0009019827542102021,5.885756704183473,0.002062888170384247,-0.01638597789546731,-4.021274809376411,-0.007153628830529418
0.6110626175451487,0.0022454740153852503,-0.009660696442172781,0.7346853236926181,0.008334476704198956,3.0818462853943673,-0.002367786460633403,-0.0012864088731305845,-0.004686268547893578
-0.00030896043967247773,-0.026883023168835854,-0.019900807431232587,-0.00197108268123487,0.8742296903848791,0.0026950259956711065,-0.04358368191249447,-0.0017007764501814034,-0.007142734503931374
-0.007599476333611042,0.0028818961475684524,-0.0007551685419616202,0.002011132431641992,3.3016060167261077,0.053011370328274965,-0.0004525968114390995,0.023336693220529413,0.004107711578109928
0.2927538485506221,0.028945802170097498,0.004853885403075624,0.007821185739213482,-0.0019539372788061338,-1.4652483210395661,0.21159509179769542,-0.004319424869257408,0.002118343389451072
-0.0016983802979654242,0.016605186926241036,0.0037109150340435713,-0.017779989590995027,0.7789459676073566,0.017247489368612284,-0.022861321711953847,0.00815316108140463,-0.004315096069117644
0.6222071126950206,0.21627953985307752,-0.0006131755740890043,-0.004756608668591466,0.00020480606425379855,-0.001150521149503687,0.005096801623181643,-0.00045324553171327206,-2.631604986136787
-0.12870696592626482,-0.007467888807965957,-0.0016148788023513632,0.0009773470847760466,0.0033767421782735438,0.00508540330606254,-0.0038690114498926374,1.5288717790187043,0.0026110073193781995
-0.008647639726484824,-0.008807289316862438,-0.6910763315740514,0.03034430863179241,-0.0030164109585346377,1.2772471703671486,-0.004716268565658141,0.12392845802832007,0.0009234602778850024
0.012654492793651974,0.03116918048754709,0.0019764253935339073,-0.0111771326549007,-0.01279572210975178,-0.009538532888514443,0.027209750097489053,4.752446112454893,0.0025463140279299856
-3.597362362596455,0.0010703067144589137,0.01915360253880332,-0.07548142265412057,-0.04033612578674811,-1.274431353029492,-0.0002870811511427873,-0.000447517725901401,0.002286383448685217
-0.004729297458238368,-0.06454556804744342,-0.6507029436249585,0.09834592723139852,-0.010220921886615386,4.705498013062729,-0.0037744756662768664,8.588637068939722,0.0011060464574811357
-0.006765386180718477,-0.04136347693568968,-0.0048802143020459385,-0.0015065792661038968,0.023763344072175695,0.005562066410902767,-0.5140651304850627,-0.000618968455827984,-3.9662703460176023
-0.9007847579526382,-0.02493725102978957,-0.0073283875218894765,2.075725945464661,0.005337113239330327,0.005834102736816348,0.0016680063505721352,0.0023675206486580276,0.014630660949034549
0.007079729109578627,0.014745295402496916,-0.0024985228758222355,-0.004414691308306462,-0.0023433465441382445,-1.2887642799866028,0.5450702323255836,-0.0007329686388428541,-0.0009604699830054655
0.011365367670055339,0.00116867382784967,-0.09685300751630171,-0.0019322730813706997,-0.001715797049042669,-0.003992450282424783,0.03592351308059013,-3.4623520017870906,-0.007063276521650008
0.00539743397064605,0.28722669471181606,-0.0066877431742365535,0.00422516683298608,-2.265198506844234,-0.0027364745400453167,1.8508318022198678,0.00150447577140027,-0.0014059073733549733
-1.80682743437105e-08,-0.003033791116657761,-0.026098377594607893,0.4109333152958553,-1.456929538536476,-0.003472697804474855,0.02462078397448358,0.010528590163131096,3.864542948804588
-0.032453727268003135,-0.028855882298829724,-0.0037438347955889846,0.09584858567041163,0.004912170415168665,0.006128433958296394,-0.011372598110217777,0.01121819300308504,3.093918219894875
-3.340486639810647,-0.02033417436646213,-0.011347460253567698,0.003148554164051085,0.004781071912449197,1.2099872509649392,-0.017179173207286735,1.8658157521010623,-0.0039619156339388145
-2.974103170348222,0.0039009369957188483,2.054345056025829,0.0076112092566155065,0.0018082282478365727,0.011691027584742428,-0.0024721867418341786,0.018136530421199715,0.024042643250332424
0.0030648677600298747,0.00236882701194812,-0.0009489566885248907,-0.006582790371114623,0.0021481581105644576,-2.075462126584161,1.0718487723951853,-3.3638017459157012,-0.000618134705352158
-0.04864482267702435,0.0004824635811503264,0.03880515008502554,0.009765447399100912,0.0004154239103169484,0.5284384427630244,-0.003838338024928927,0.023168275782344327,0.020845253658897042
-0.0002789001223677339,2.9775743275650246,0.006587475687504438,1.8088120194627133,-0.01692080337309783,-0.0010073665499604235,1.9105709557343618,0.0047343826915484345,0.013629918374970601
1.01005054087953,0.00371477737361196,0.001367344733981913,0.0038052116548222084,-0.006094022426703677,-0.7820534087278901,0.0030632282828481003,-0.007218832020100136,-0.00018149522429710893
4.704889081458987,0.019413337930628834,2.265357453968637,0.05156071033044937,-0.006384230915992176,0.00417975044710523,-2.7999876350057655,0.006390673753444999,0.015412794409587788
-0.003919740525248954,0.00421257494229549,-0.008913915624120083,0.042899064076558156,-0.007934966180936198,3.0608155022946533,0.004633576443999393,0.03695388657693635,0.0036415629191022154
-0.774688494516006,-1.0456758411769851e-05,0.006226646270060889,-2.7908816818823308,-0.003156694718895514,0.0009130938619609577,3.5131496819107837,0.01209046818448908,0.016089854208905387
0.007046836830060089,5.402122409833719,0.005599330485453413,-2.1020539013652866,-0.006498149426734767,-0.02566913736803262,0.10367905771821373,-0.011385138441215898,-0.0002886751835205117
0.001494111229327133,-0.006099144278472524,-0.013480031642127698,-0.004554272476200976,3.847560535170913,-0.0022425878967859553,0.011987830330139278,-0.0041431786505231934,-0.0020904618460056085
-0.5281348478935364,-3.540307947380189,-0.06729940089154257,-5.49468307124922,5.008012017819876,0.01854131700506334,0.0004045674499603136,0.013681951525849547,0.004519504674900907
0.0037510753308387275,0.019802338581933282,0.006363275148247229,2.2875684451219858,-2.400444603199749,-0.0014446605280099764,-0.0018247294314834635,0.0009256695983353323,-3.1403172004732666e-05
0.006931506881676881,-1.9726180462176508,9.566777275259323,0.005470185924250933,6.115105459174929,-0.007519507853915142,0.024107194072540993,-0.03571972044146895,0.003982216288334381
0.008717516469545786,-3.5063764581754007,-0.010717557749909103,-8.351075806754123,0.0006670651057563946,-0.0005405576542528384,-0.01092770934701131,-5.0676330610844635,-0.0259459957436306
-0.009297835072670325,-0.016713858926199476,0.0025680663033557302,0.007356928103323442,4.190637957163146,0.266863300367159,-0.405751482539842,0.006304096882113516,0.004482448356864977
3.7600890658577883,0.0004676713751417122,-0.006761720529889479,-0.00039880578159038477,-0.009500011167187808,-0.21150626574665732,1.798020677286754,-0.0014012467072966675,-0.0012648473344680153
-0.0053299025848660905,-0.00024146703082789447,-0.007838916485689228,-0.009007847105733782,-0.7670591703824918,-0.006370783264314698,0.08857088857639402,0.35637468972750064,5.615516087663074
0.0016084723551204362,0.002402912564102868,-0.008297394824188568,-1.5295699268986054,0.008127557403854018,0.0010486859957489654,-0.0002778537956031144,-0.0005574594286483292,-0.02713467944689009
-0.00025447397038274385,-3.274690518524837,-0.006102011901089825,0.10217785621155058,-0.001794912099929824,-0.0007432436308589229,0.016195131966910102,-0.001303421114351492,0.005666953657739615
0.002189365968600412,0.04149335238631438,0.007384763633589741,0.0011075543975809263,-0.0025144343928790334,-0.0011407481694160407,1.2018768044032868,-0.00026656024277766895,0.001762040381698385
-0.06853692492997666,-0.032706357524065185,0.001198530970835495,-0.005240205958867972,0.011421986974322354,0.7140943505850992,-0.9169216852309563,0.0017109814715220717,0.0008125540154472698
0.0016728343098707243,-3.9246743731184672,-0.0231960755513963,0.041624148099734304,-0.014527045737090405,-0.004622710286603765,0.008119058398294798,0.0005673079611496351,5.359580793880985
-1.045816649866303,-0.00183065319856874,0.0004808723131755326,-0.0032990139160650944,0.01202700297704426,0.5615139984341124,-0.00275981757075891,1.4266040012987673,0.001816899422599605
0.0003178672986064379,0.00225056397565039,-0.001684741049401563,0.0001516754391767379,0.0003705008840501792,0.00033083730024077127,-0.0005870014784839879,0.0025855976202407904,-0.001372105151248058
-0.031157480970547546,-3.1194404846826362,-0.3919655186527802,-0.004026686647861191,0.010114456864416671,0.009838083334804317,-0.009484336444437289,5.636255046927024,-0.010165821852816781
-0.9896156573749324,-0.045330387030065374,-0.007972326585509684,0.4214451284730343,0.002906527028915487,0.005063159703549321,-0.0020367361082571575,0.005862725238208223,2.124256054716604
0.005770387950873155,0.027249792408915577,1.3734601619721194,-1.1277592159873358,-0.9545024572074265,-0.021446590755060668,-0.0006269426485350229,-0.0033150606379011684,-0.00533751146226673
-0.007283639506797452,-0.007483464694629852,-2.81432757297366,1.9839113946509759,0.0005694461059243528,0.003908061965962467,1.9367436714989654,0.01668682081892512,0.015305412229713773
0.0046719499471946785,0.03748296574128296,1.3044097751622592,-0.005271799419979212,-3.8268796495163504,-0.008333886246601835,2.2757914441286275,-0.004699272831778442,-0.0014518091534714943
0.002144052670745968,0.045872927106946126,0.004984958780106145,0.008140368171742973,-0.0037967968823978925,-0.0008528018075153656,1.1172284553231357,0.0008898105826168868,0.0034219130000823807
0.004424240806379848,0.03662520527587709,0.007116730234797544,0.0033444454602269136,-2.1956060040568772,-1.5965839946965392,0.5763631929265944,0.0002023493507376517,0.008026711999230293
-0.0029367543046570467,-0.00691874791753766,-0.030252812833732434,0.007365988981114995,0.00021322671090706624,2.7424772566367785,0.00035867381069604187,0.003999574937766841,0.0001027636368039972
-3.975222441665122,-0.02722777223563222,-0.0067822932858748524,0.0012770236645774273,0.004596219456321576,0.009381783590120346,-1.7872025473401134,0.000809065056971453,-0.0028820966006275206
0.00237936902403953,0.0027103599494642666,-0.004463666235859319,-6.400194727074714,-0.006302693651658227,-0.005195479318421785,2.3577303043951354,-0.0013824679104231397,-0.0030890085010701167
0.0015730058681613969,0.002862785768826422,0.0028438862867003318,0.036612805179508726,-0.029499556200474557,-0.003339639800005513,0.04352700534337053,-0.0002805545316263016,0.015131439118028698
-0.01572294190447307,-2.326454313488231,1.8140635931751525e-06,-0.06131342988315176,-0.0055288710960376755,-0.00029110005899538396,-1.7082575837850298,0.003550614961373862,9.886381904843523e-05
0.000525837720176808,0.0014797842315863936,-0.0035375228430547592,-0.010736522982556137,-0.001589980456166415,-0.0012571253669704948,0.006492683769039622,-0.0003528338091977096,-0.0005529352773344198
0.23470889763776026,0.013721401933646182,0.012162427472586595,-0.00582577547536939,4.46125450076818,-0.00489373228933021,-0.020429000189021378,-0.2075835202296184,-0.0269210241916746
0.016324991615497685,0.07013311764388999,2.4240308750127593,-0.009837411262505147,-0.02663529069945529,-0.3647010315652376,0.0010895112455578046,-0.003580820373097036,-0.004850759909436771
-5.956307183714724,0.010977454683284274,1.698573817075228,0.010983557343307705,-0.0014957412534905568,0.005149378126027011,-0.0037972012400284,1.5414466660993016,0.014147013010416487
0.003921369243785914,-0.0016829459726459516,-0.0014286171532208892,7.386950589895487,0.028766356592195216,0.0033073330655296737,-0.019077900862632405,-0.025393064901586136,-1.0370211607853825
-0.0010038782364517017,0.011462299533182396,0.07964662992383541,1.2773558037752486,-0.004057298633033614,0.00022517822552385255,2.3004615715007484,0.00141207227201811,0.07413224467233961
-0.06427474119557257,0.008774089592608903,0.03773933537169935,-0.0063460045908505635,-0.0012031421249413532,1.7890259537704285,0.003647902038734413,0.010199768467370769,0.009876162477115778
2.2532411853476937,0.0038446494122387326,0.022269181213579,-0.005303455744575118,0.003757938506814801,0.001120048077497924,-0.012127651844656001,-0.6113982075364627,-0.011066470979913062
0.00907147413765307,-0.00032620628799445717,1.9250730981792914,-0.15872312144897616,-0.005875574228640046,-0.6810051737359877,-0.011889165716061759,-0.05847155769320757,-0.024506768953721208
-0.04937193308226289,-0.003253506793321375,0.05122418063214565,0.0037611257354952738,-0.0037892712438853116,2.1510281149104964,0.0005747088154476332,0.003051528372903393,0.017824681188852387
0.019511610374280064,0.0070708046950361215,0.0008179507367254102,-0.03472078798957694,-0.0010897448411119994,-0.0033182052601049743,0.002887927554049622,-0.06457756744825612,-0.010926895364322953
0.006204302579507367,5.95151308817523e-05,0.0005770069964880626,0.0015307756728907915,-0.0027560307260574846,-0.0026804009642464465,0.0007849639626871057,-0.9317554208448037,-0.002070056655629678
-9.582625771225976e-05,3.982206695225376e-05,-0.0019106819392146288,-2.0203646453570454,-0.0004899665649039141,-0.00017220539781405777,-0.002350792998678692,0.0020001569639796907,-2.2829034741295167
-0.014758813206102298,-0.19119977607651686,-0.00767255901836654,-0.001633432003644734,0.021159376431266974,1.3093727981066259,0.0007469648761019854,-0.001408969215817704,0.0009083459054169095
0.0012319075572544784,-0.035470721191796964,-0.00656094734618861,-2.0825842378034407,0.0015674941859555591,-2.0293235870282276,-0.003447306493244484,-0.008556044340065388,-0.005701861958335518
-0.005635754009311871,-2.188855678169013,-0.004617077646315179,0.443975420096767,0.044788739835227576,2.1791592670222966,0.008071634390109661,-5.939723274078315,0.024532619140913647
-0.7419614610605695,-0.019510796173035555,0.0020951958407853474,-0.004020054952528053,0.0015526538511862458,0.0036985042728196436,-1.1286885009597931,0.003722740698839045,0.002076024066421015
0.00026939277179669277,-0.004326678830540411,-0.0011702908336579491,0.0038673774712650946,0.44459927904003527,0.004754897895951172,-0.0075330133296010356,-1.4978343158541678,-3.7874848153013705
0.00218628455511154,0.025762278337210454,5.701279885561181,0.019043821164392145,-0.012368711410832449,-0.002165639589661872,0.011001038295982942,0.47795915477315565,0.8231923231767029
-6.666058673821155e-05,0.0042649507128729065,0.00399526659777193,-0.0019311252084623653,-0.0004888210611253503,-5.6261414425753425e-06,0.0005831585362662243,0.001859288616397874,0.0010278502549103763
0.9723733367677992,0.002155897837304286,-0.007461670268523623,0.0019550860901923935,0.010741875177765384,0.0005102542678488792,0.0026471826938017674,-0.019129924236510755,-0.005163662856976441
0.0014781727141520637,0.9144942947552082,0.0101166634074842,0.009435294768971567,-0.6945952943747987,-0.0031063081596366185,0.728570896342034,0.0059280743486106735,1.5624463335930598
0.005327594128119419,-0.00313883783804857,-0.012013098639018477,-0.008151271659478593,0.9786878923123719,-0.0004981799748183195,-0.002325558681273028,-0.028898196747211856,-0.026413621165033804
0.0008049416416276572,0.08804183020875889,0.010362482702295374,0.016397181212220457,-1.9071061354605927,-0.0010851760885713102,2.2054416863630157,0.009590043970126472,2.1382127673608657
0.008085585191061274,-3.297283403653994,-0.009744513859175727,0.0018780224386210666,0.03760263987769172,0.0029822165204968568,-1.4768720803768298,-1.3672656507738736,-0.014888223746876386
0.00933385418523601,-0.045260904875037485,-0.0065932647463568805,0.006999869213463824,-0.002020908779863065,-1.0574623571355632,-0.0017940748873417067,-0.10413482275956502,-0.003177834469660853
0.6415141137284422,6.204640880114574,0.43763278629822056,-0.02658107125389586,-0.0031195828593787722,-0.03195729289520369,0.016607997163312044,-0.575935787657832,-0.0009959747941825116
0.0016334714889680991,-0.007868462295599312,-0.004986034157217813,-0.02564798350656815,-0.0033002825783532558,-0.4896769808734488,0.8930847479284476,-0.02189535948040762,-0.002335496710524416
-0.002499798961147522,-0.009635771794310657,-0.012717929029114339,-0.002992350688942735,0.02323705833639994,0.0058255557829094105,-0.012976577851416588,-3.9720777303617956,-0.06472097908894098
0.014523957991516265,0.0002843573386283059,-0.0008836639709993926,0.005251348995105588,0.000843748092735071,-1.50728422354481e-06,-0.004195253668070649,-1.793134435148526,-0.014950609611981712
-2.0428656894989135,0.0019914896343015426,-0.021581421010627558,-0.22123221113009522,-0.00017742489195004402,-0.0001801569859719382,0.004112061394966546,0.39076081539911867,-0.001443687606924534
-2.8016682656416583,0.004059555774817028,0.0026987918809217868,0.000596399876679869,0.0003819695878414242,0.001781221531026947,0.003518695822449066,0.011764521584752694,0.010611341581699768
0.03818222814382535,0.9832490565634124,0.004930817851834628,-0.08287460049380743,0.0018882732043932413,-0.005295405518829205,3.2880982440854654,-2.755051785297105,-0.010607316464734805
0.022020311723452535,2.8255433138049604,1.9913261788357213,0.016940359092672747,-0.05931556585302933,-0.929851306652826,3.3407685755639527,-0.004425165564418396,0.003836639699473076
-0.00041317326478970294,0.014784325530568139,2.378109322124236,0.0010152725422990696,-0.02628697306106796,-0.002131177934382994,0.009241013164276227,0.016278434378530948,0.8609206668363263
0.009788146265081114,0.0006523873865727225,-0.0031071469763802317,0.004794638353701169,-3.7111777169482014,-0.5163854344987042,0.023694560500713738,-0.011096297003788433,-0.000891633767486944
1.6267260956722884,0.12491531458042715,2.2429033039130433,1.5753835210505778,-1.9677825539748008,-0.012761134217279091,5.657076738732433,-0.0031730777220875667,0.006132755040954091
2.150499896936721,0.005524900870417716,-0.0010035831487505628,-1.9253964167231215,0.00042729764148763394,-0.9918967554703428,0.006466405665569594,-0.21731285728825658,-0.016942504476032016
-0.00030966960867415973,-0.00936962012602758,-0.001302558694414275,0.004802989607705522,0.0027271874256822896,0.000709617683674702,-0.0027277304195940707,-0.005865285553132637,-0.0008064339867617603
-0.0013515609949464168,4.633825698722576e-05,-0.004884252804394389,-0.01881315456771855,0.001923811972841556,0.0006751042393051516,-0.0007882317366955861,0.004733431196884262,-3.179978746802383
-0.003252542529938275,-0.047507455862330086,0.0031857053264293723,-0.03666936986928318,0.0038860748671052762,0.000928377720129556,-0.033434760226228044,-0.00874901677010139,-0.003340405191701756
-0.11864137953860805,-1.1697691379465407,0.003270121899244674,1.6944294333780323,-0.004855449613465608,2.650282156459153e-05,-0.0005130670342870895,0.0044160477222158516,0.01881618769750906
0.00015016610189559632,0.005375405752137706,1.5001925357641819,-0.0016429908077143496,-0.0008378745500936954,-0.0008093473910096302,0.15205971864322543,-0.0017218389907818032,0.012373078531251127
-4.481188505568104,0.00384838492283825,3.1681079671392047,0.0022132155916985033,0.0024718388353933,0.011511594298321354,-0.006964334514057202,0.012724471047682708,0.0012783014714649044
-0.008866135071576825,-0.023304550775744948,0.0034591897010133876,0.0005336773225513292,3.3022322272575337,1.2493907112718272,-1.0242309272134174,-0.000695348301631149,0.0021775093219158336
0.009277402508974027,-0.0073523597271436675,-0.006105467061392806,3.0402063687077816,0.001483338461059405,-0.0031970652656310716,3.448514590903174,-0.32962336442557527,-0.004197904188185497
-0.0012214532183229096,-2.1203392172394118,-0.0081121477276083,-1.699541370658447,0.010608126955740968,0.0011703117258231657,-1.9373205910719689,-0.00250428338824848,-0.009369263938501647
-0.745415375913234,-0.002366093655400507,0.004633655039018296,-0.0032893171967840694,-0.013343317757395057,-2.7009593485562218,0.01823150690961378,0.0025982511807677243,0.011258926647754203
0.000517689319925612,-0.001314671910684434,-0.0029098673772063924,1.4002899764639714,1.7973874700918384,0.013282981958882611,-0.006561606628043287,0.0009384634213522149,-0.0005127939873893228
0.006652234704337616,0.009992388090019177,0.020131926585912632,-0.014414531945493577,2.175475699991997,-0.0008847533930447099,-0.0011604541693365274,-1.1382642003079626,-0.005262066808574297
3.19161284040387,0.9163813239416054,0.10485114888756547,10.874185905880681,0.9755437926917763,0.03622009438024176,6.259768965831105,-0.008850788407654145,0.016886930453624105
-0.015519823839707455,-0.004349120695546029,-0.0017293603529019302,-3.6506926143789022,0.0006230572510842183,0.0008099190967168691,0.004248115300085971,0.00551171378195513,0.012331185218845943
0.007839152869848284,-0.0001322841085432229,-0.04157167939763892,3.787512751115966,0.003520880563993592,0.0005280616729843729,0.001079799124127645,-4.034028652190839,-2.9652168811284527
0.013545763249840397,0.01136555331722538,-0.01008591580917132,3.117098296569153,-0.003174272359052659,-0.0017059864320772304,0.0027814233656175648,2.163280618306238,-0.009667838809941404
0.0017099408006518851,0.008567097285670122,0.0016260243061117148,-0.003923872742610003,-3.862078624245302,-0.004537085957164705,1.7618210845891706,-0.0014381107183971675,-0.0005254151116352457
4.967593303372016,0.011031587635763458,1.4338276809806705,5.085879594756426,-0.015909456616618745,-0.020920432212039656,0.010818015939962643,-0.0016548320986611324,0.033867587809815775
0.004325603544150647,0.0058836939209974595,-0.0024802366625337607,0.015594298477394266,-0.006660626062577973,-2.0542360974525833,0.02719891910106198,0.001048045268915141,0.0027697239114424527
0.013448104309509906,0.006453115141634635,-0.0033844859645096176,0.0018795237631392646,0.08529587374493297,2.2305887391456958,0.002466056966162769,-0.003096188921488925,-0.002174808253210477
-1.2999200548849985,0.01349731966589901,0.00802462144955467,-0.03777960114534633,1.6512018008821787,0.011242912812300054,0.018659668600745062,0.019154079067924157,0.010948546933500499
-0.02540625160508432,-0.00021538706268135754,0.016713369824160718,0.015077553084677092,-0.00935780367311767,1.690469837080036,-0.0030850226649565826,0.03141843214710975,1.3184796154421328
-0.030724248538174313,-9.50919409061883,0.015673556606012745,-2.7432826439581954,-0.00162504482873696,0.0021860563283078796,-1.6711753838023817,0.005748691283155655,0.008049503948291271
-0.00786359169157436,-0.005342626834711483,-0.004910241053863914,0.012832795521759678,0.005861563160084203,0.007266030735611732,-0.0020135423800211267,2.5861556355064197,0.002634293060159172
-0.0018495086103546897,-0.00868220410037043,-0.006380164514646216,-0.6973842370601405,0.039431072284746654,0.0021026275716587066,-0.0037733766796367715,-0.0037914868785204237,-0.007613947761117255
-0.009396958293226412,-0.03059856191642274,-0.004961183014547479,-0.07646412945502026,-0.0018306580271817384,-0.0054147591824748875,3.53598664635042,-3.8003110049362814,-0.0020134390846271374
-0.007193192339940834,0.008233594918770184,0.07875364877968227,-0.0013242991408623384,0.0063712049286208106,1.1172121316926422,0.002285343550626963,0.0020974119712838094,0.006521072472711812
0.0013683036289599167,0.000800853258999798,1.6953190831796299,-2.123902997737082,-0.00781866632971906,-0.008265627523175112,1.529065821482829,-0.007188653239689598,0.0014493142176625054
-0.013417133929155405,-0.036730359632824235,-0.06695253150561654,-0.0036784567392193516,0.5333418811072675,0.008807982260220925,-0.0032997757099038744,0.0029693744422100224,-9.160876351488648e-05
-0.001742170199960868,-0.0070303932357062525,-0.006388259891004464,-0.0019384424025341192,0.010824045031655743,0.003353893425792612,-0.0068502723823976545,-2.8093961159998653,-0.016463395533425573
0.008486920507166477,1.6191728356030204,-0.0008556372047597519,-1.7445466420411042,-0.004714800676319568,-0.010063767814663102,0.49482320991333784,-0.00239574252327659,-0.003574120228938809
0.00027890123324186486,-0.003064796973518663,-4.718265774426887,-0.0029393946338379614,0.0027548606047302737,0.0011960041823248953,-0.03517141763182354,0.0009295591198015824,-0.1685442661251656
-0.9396949567710784,-0.0017545794307939973,0.003617771576465446,-0.1042469881096781,-0.001334349099996246,-0.00022714911182602322,-0.00041391670989320527,3.4784457112440137,0.0023388522799577677
-0.6748068533746854,-0.02497055231046519,-0.009672395334630934,0.0008090928762604227,7.155938893819618,0.017137055729354755,1.7996151955907589,0.012489503671246863,0.016258942087986058
0.012437269015710274,-0.008460539897726507,-0.004932803650987109,0.020242800974840595,-0.0029762051650005605,-0.0033216347821267214,-2.6366221156958063,-1.1097011537423092,-0.006636357198846407
0.004444048915212464,0.2076384379640146,2.473035254077013,0.0017505745857966009,-0.03576612117984225,-0.004137595347495297,2.2347589805302253,-0.0014238925063181618,0.00018351118000261082
0.0010765670025815475,0.0048562673173406755,0.0028675559065793515,-0.006766475162482293,-0.0018716847383305351,-0.0019435804920784512,1.0641444242120173,-0.002126624035364763,0.0002257020411839594
-0.0013311343772571226,-0.010135915917775434,-0.006003385600367175,-0.007867574401895639,1.019497993171435,0.002400646019666927,-1.705253765220283,-0.00032101616558960315,-0.0037042790946433778
-0.005250617669522055,-1.1315063422093954,-0.0053340166357752575,0.00890039359923554,0.8318529619353552,0.04065320206384106,-0.005967286326936806,0.0019306743214998843,0.0017507359055898082
-0.00017392585590073712,0.02076050780785956,-0.0007752664388803454,-0.09341793661803843,-0.008347226619256076,-3.501656136813195,-0.0024332891315425875,0.009180866633333486,-0.003562618668501036
0.0002470091459353396,1.2678490514661878,0.03278798550003417,0.0062301644975277515,3.716557766722385,0.9058363450957501,-2.798183166497436,0.00574968993302144,0.0037700806565522695
-0.0025659608365318446,0.011676881394994301,0.03139721111381395,0.0027165887614308388,-0.003972409340247664,2.7471131773361586e-05,0.9885502427836268,0.006290783437575642,0.3295228599136584
0.0005228252780889455,-0.01880257550739412,-0.01038254277646716,5.8453513121428475,0.0007676472197710588,0.00036795986325652416,-0.1453114656600549,-0.003386635785561265,-0.0168382867338839
1.2993299438833255,-0.0013939368745781305,-6.382301652002926,-0.0028344605920873622,0.018983509281197408,-2.8871575608726685,0.006237180651380014,-0.248683727252637,-4.330321726182298
-0.006710532930645979,-0.2767516257388465,-0.008664773053124061,-0.0011728411096294123,0.6235039785226264,0.5334033299841223,-0.015874418820057266,0.0007272031814919474,-0.001712127376548397
0.00046192036754476426,2.0448193159801398,0.0036876151371824546,-0.0037269543319831096,-0.0941814264006092,-0.00600023838516725,0.045561506203893154,0.0021460166283381586,0.002543612992756942
-0.049513349874376195,-0.004604479298871228,0.009791469084931281,-0.0016657957124966566,0.0017722246058843316,2.577153669512268,0.001379949251417878,0.002833704632322867,2.2333765304898976
-0.029841383021382024,-0.01057583871670251,0.004360392556646234,0.024650085924708715,-0.004518961451103254,2.814182113810969,0.006113248897918838,0.003111885923058177,0.03351352652427621
-0.004007366728182048,-0.00040422714988391784,-0.0006886354048170884,0.0001783972543059984,-3.20352492456679,0.00026265394105215445,0.02394700615277325,0.005025705043077153,0.005146768758470853
1.1693631616987619,0.006167079693190852,0.01981012648154567,-3.407066086324853e-05,-0.0017763016521341428,-0.0038550686930723457,0.0020575567919768386,-0.033888003184430644,7.616602530471396e-05
0.007278333367135418,-0.018117557042382437,-0.1710984177526632,0.006311903507269595,-3.5710503798033386,-0.4783089908302758,0.007981391126121926,-0.010775924794288835,-0.004003627899079317
0.0012968176464447753,-0.004052688227249223,-0.008353785995032182,-0.001980520988506951,0.0025935741886881814,0.0002134381833009145,-0.0027615813083221403,-0.0051027039873496076,-0.01017167869374923
-0.0009192801409318441,0.006272831143130028,0.0257433839178648,-4.863474406567418,-0.0035988605184557477,-0.0018332065694676263,1.7333695077349602,-0.0012719453824510947,0.010012714431760855
-0.004679961938408015,-0.012514382437997565,0.0034785120455494943,0.013886338396748304,0.008315701729796978,0.003339649943095282,-0.0020165010760009676,-0.0013703722894715805,0.008077670578525943
0.004260051918440949,0.002512537721609795,-0.009933577589430446,-0.020637872440092582,-2.8369399064289142,-0.008431495060610694,-0.006448563618656659,-0.0018070607834590469,-0.023539636018848908
0.026436113127674857,0.004145902846696203,-5.650846463369832,-0.02512985090770542,0.0046892281412949655,-1.0695440170798671,0.0017064089227638267,-0.0562921325261455,-0.04709364412314812
-0.02596152092422222,-0.01423449897149235,-0.983088512402591,0.005222186209939649,0.0035218332253597107,1.0169423455221878,3.3942896029273117,0.050597120060440065,0.012630571716680056
0.013353488967952664,0.011019413347950181,2.107416631187637,0.0035775313107387035,0.016116906133510932,0.0020028482512848425,-0.0023747913261530852,-1.9213232861293903,-0.006116051399257878
-2.16485122762874,-0.0005457574002768179,0.000527670213948961,-0.00504668951524382,0.009600271527274155,0.012795301160730894,-0.0014494621817434244,0.0033392560348144444,-0.00026280720292615883
0.0003606861852894346,-3.909404122046337,-0.006349804796451641,-2.36500476490787e-05,-0.00371664578458486,-0.0016747022982955796,0.0012545022274262144,-0.0012353049077438961,-0.00048076690903853963
0.033537918747248305,3.840703383171454,-0.013855132138723358,-5.968814417790195,-0.003239473878835178,-0.005457187527664706,-0.0017810241207103505,-0.002733633117358038,-0.14458864970712176
0.0018629120510424042,-0.01933057972690408,-0.00973893103570209,-0.1055374920759288,1.0628703415176333,-2.5207810256902552e-05,-0.011572513780457832,-0.026494061103944228,-0.21213891683893182
-0.0028246831357914225,4.197067066934869,0.009550422049478369,-0.006120034302973327,0.0017338571309714473,0.0004971426182765614,0.01874989201485877,0.0011532361191802206,0.0037502567185967346
0.00039965333547542053,0.007592697174772372,0.041174982131142894,0.0009966641101964034,-0.0027024359796408437,-0.000882339042848686,0.00778864447619277,0.00016434415173466788,0.010163426861887308
-0.0017511294755318877,0.0033232112019044645,0.00288164216027952,-0.006349404382585752,-0.014909916085864453,-0.0017099141927089017,0.005846015485290204,0.009345610605386948,0.00554474744892281
-0.006166846260668132,-0.046723343436355785,-0.12012316181631498,0.0014288327795511791,0.0023799036370409712,0.0024003985570306206,-0.06476197199918707,9.960477320833593,-0.013779864225959448
-0.001360370037804478,-0.004335892846749431,-0.013958391308107308,0.001243536058098814,0.0025605596311144637,0.0009169399258532273,-0.00131572022599222,0.001207800610874367,-4.349503048145972
-0.04113893701484734,-0.008835849231355783,0.0048745699828552265,0.0025297728745904023,0.006265399749697555,0.41096623314554054,-0.011465514165526911,0.003233384155465077,0.0035127302812454366
-0.007015745387005956,-0.04194296333623691,3.4150217384485565e-05,-0.024818193436999463,0.06827252897918934,1.443611799341361,-0.014511288273204664,-0.0050433925667934705,-0.003345326350060915
-0.016259626631083886,0.009437564225096767,3.723197563152814,-0.004046044991644484,0.005701507352344183,0.7474622613479647,-0.0014914826918742963,0.04424520153117239,0.004005101235414567
-0.004225547885966816,-5.15063114971108,0.010142610847193534,-0.0055150256595206445,0.051387593197970594,0.003916772213414025,-0.0037585781217555486,-0.0034614982596109485,7.663253962960476e-05
0.002114772962019687,-0.01878632095252164,0.0025009589813609692,-0.011830713985396715,6.970856448376202,-0.005284748261590366,-3.1253977103277095,-0.4528941670395601,-0.0049492062304127005
-0.005775811004422497,-0.0184401988377939,-0.0023478166671960393,0.017536940806599604,0.0033636736595262246,0.004854912060231177,-0.40731923180024276,0.004264513019069419,0.002114085093785751
1.6793321491932558,-0.009756321483832061,-6.263945476711593,0.00469484535282731,0.0038580301658458493,-2.5754305525259262,-0.0006726279005588309,-0.7667743581141093,-0.006421781523505532
-0.05068403426873082,-4.703585197494168,-0.0007639768893281176,0.7813879700603539,0.005765451387353848,0.26647458405676716,0.0020600063788927814,0.011203820298623926,0.017607033161742013
-0.005324794029038231,-0.02154874008163371,-0.01088413346687868,-6.126741705520226,-0.0018722068753842611,-0.0003955511461110478,3.479299550955368,0.002126714636391427,0.002599097522541619
0.025910294857280896,0.15748078323091988,0.019788216673600523,-0.02127565852203115,-0.005102133532581425,-0.006837076074754709,0.00408989157336408,-7.636944493441312,-0.004520211273944225
-0.0005717577070807889,1.1601667257162802,-0.03374832247603407,-0.0235591792569676,-0.0032101826627534136,-3.934404797134179,0.6232912752641315,0.024347056491886565,-0.002751549302302418
0.006669233243539402,-0.00034303481511378103,-0.006374619769756479,3.0299015577028547,0.00011750929709665459,-0.0005805410264124976,0.000790739528244877,-2.118950323535498,-5.407072361945396
0.0006563112663138162,0.005284483064448178,0.0083290892997837,0.008266512948604185,-0.0011615250103959242,1.389200905977956e-05,0.0004632501858211249,0.007617916206835378,3.1514171712946815
2.4006650465611514,1.7639563035072587,0.025153192613265818,-0.005232307836843697,0.0014685559485353439,-1.890797423446756,1.4398225498566326,-0.007165329656466768,0.0006023834697530261
4.443639909093285,0.00938463285285204,0.01212366463481454,-2.0408164951395,-0.0019203258027722797,-0.005022810809310992,0.002486952513977868,-0.00817570600382276,0.0012965861687256608
0.0013268803631471676,-0.010131336736164898,-0.9008756670571595,-0.0032447040799416377,2.5863221137642896,0.000483446006356289,-1.6642973120573343,-0.0012589568531524015,-0.01137118426157225
0.004494915207139391,0.3059036387106855,0.007536262851858294,-0.004144948345595895,-1.9581326304902777,-1.158390269138918,1.4767180009929781,0.00013883916784940276,0.0012851217364692356
0.029905283683950647,0.005353378249173371,-0.002975366761201522,-0.010586775055416536,0.0016817342172568556,-1.33112938005642,-0.0012182077249376158,-0.006684203835162578,-0.010071178841853656
0.0029268360023973414,-0.0016968435075207034,-0.024326884651860243,0.00017607057915061675,-0.0010982147820777638,-0.0011357930724783458,0.0016336402636792729,-0.005908688392188416,-2.5392551730922244
0.0064094479490831024,0.002125617737125385,-0.024510252184376222,6.3811513986805855,0.0560985389540217,0.008930543990068623,-3.232612532957531,0.0013735128430473371,-1.3178451318873887
0.0006182793621103758,0.0009738357774858875,0.0014955746301874128,-1.5851671268042553,-0.023428122590055896,-0.013101479117301168,3.066813008302834,-0.0014596694716540151,-0.0006846053811782908
-0.0004791012178113993,0.0017867388398857412,0.0009152349295815149,-0.004372234900101088,0.0018263765274634737,0.0005613224131827608,3.370086972995793e-05,0.0007971044232690484,-0.00037365547246911323
-0.02175666653643924,-6.556508749922136,-0.0004124749691061663,-0.00234990591695858,0.0117690674804182,0.00899869725150506,-0.0033399758732760576,0.004248737544983246,0.0014962914978727385
-1.4249114950920796,-0.006138902592267051,-0.0035795511604262724,0.07549386934880002,-0.0012028437209748895,0.0020055143216034504,-0.00027935491314508114,0.03360602310917602,0.007970149156560954
4.852154841149294,1.7043950376483932,0.023656394557807145,-2.474918655975306,-0.020718707961254246,-0.01381749769760737,-0.0013150579519450173,0.0029202858971393757,-0.0028909867855463622
0.0031241895685787772,-0.004140883272717735,-0.0024114422802728875,-0.012154653666070735,2.5018140698727396,-0.00031587948235245467,-0.05159315156972365,-0.009116652997855227,-0.8576406811597186
-0.0009891581425079121,0.015733427028440244,0.007398427666456757,-0.007276836810117093,-1.4278579692092634,-2.1993748306476952,0.0007000390012671387,0.006537808633543751,0.0010855321274310624
0.0009368483144106213,0.0005110199119370794,0.008342599959129853,0.0022759353962261567,-0.0026550446464777343,-0.001665301854069573,0.9406288714902108,-0.0035952602570122243,0.004653933696327952
4.70686211684883,0.002799070642106589,-0.23523030115643206,-0.0005063194142963597,-0.007964546359012559,-1.884145778271645,0.004255395771647519,0.0048415959761890556,-0.00807467031060044
-0.004206894223910754,0.011241069745123927,0.08691497192997266,-0.0004409032884677092,-2.5100260677914537,-0.00075316475058676,0.019002154384595415,0.004497924364463717,0.9623633036826638
0.0006303852594169667,0.00022059686807292256,1.7960032974708737,-0.003140287662625718,-0.012625180442699056,-0.0032563508207693833,0.004900207101563544,-0.0029851822861549702,0.004934339403218156
-0.0010307269204603356,-0.003433379814902139,0.004388104684341191,-0.006332090637288499,0.5816378524024826,0.0033450736960329228,-0.04630160004150875,-0.002358727652903661,-0.0029848175740891125
0.035385435681653164,0.02234550721334356,-0.009857492242827497,-0.002285932662792984,-0.012200365084645289,-0.5522853028757878,0.0062194296897527465,0.0007208523874561632,-0.004763007936030692
3.3005138056240577,0.0012084475948286875,0.004566242373353376,-0.0032565409519578494,-0.006835527537901481,-0.07409562961588026,0.0077954356299877806,-0.18916353525313048,0.0026191002591485907
-0.026680423525075825,-0.03419045550863505,-2.9101364326870756,0.003198525186981674,0.010372485485419743,0.00479947454134624,-0.0024670523518003033,0.002306755919533429,5.106754681031418
-0.002882269655336636,-0.6911483832235719,-0.004226288982139836,0.007985068260121414,0.008515226505070861,1.6550488368096192,-0.0018735620949368592,-0.0024227982856971472,0.00063787183586121
-0.005913771926888901,-0.053676272055979135,-0.0007989979560628843,0.011622057742663519,2.1699148491007416,0.2038600382546436,-0.0913128296641746,0.0032553391660109874,0.0025704550599843943
0.2950351688612505,0.008898815218359835,0.016507374810198525,0.010078902247545658,2.274815563090689,0.004402960872066514,-0.03920875107742586,-0.695621078636008,-5.378514959535801
0.0054698476034861394,0.05976024948688349,0.003713541109987211,-0.0022644491631675437,-0.006215258018115156,-0.0026290254193751875,0.06212158741575757,0.0035557352765730604,4.280250025580602
0.0050098302456782345,-0.0010337829810423554,-4.132839993140006,-3.9464494550612557,-0.0020332615189965625,-0.0036855697585119855,-0.00024580593768385936,-2.739083767396324,-0.055483485819453504
-0.0009328904845501179,-0.014523802926279741,-0.00888740718902442,-0.00060947589392429,-0.006765314150573018,-0.002776534806422981,0.6916379028543319,-0.0016451381357899708,0.0025259560710405166
-3.796138765855845e-05,-0.038918879521894656,0.0021887467046856407,-5.079147858023651,-0.012285915580951393,-0.3319542655766936,2.7156280612360177,-0.033859503494960044,0.002339157273547242
0.009859088379998476,-0.003156509819716727,-0.0030481716378366825,0.00033826221165478114,2.1132095664986688,-0.0011528239659630846,-0.09481137822588079,-0.02835800307964429,-0.014152631480482321
-0.15405269905672667,-0.10877226871486478,-0.14165924733566426,-0.003947239892983206,0.017934333994701124,0.6938743736241646,-2.2690628009072,3.6507102532555793,-0.003235658591413601
-2.6910632279556594,-0.05215631282370209,-8.223901435981777,0.7195557889772317,0.005867626124141989,0.026355405841283222,-0.07209779048785059,0.008065130922427638,7.526155484672422
0.0003918786198964675,-0.0017909648998861716,-0.007714375791873018,-0.0025110523066896855,-1.2270214056010698,-0.0032839530576268955,-0.0002454249086979362,0.0010269909276863533,-0.0018010076533051152
-6.519775223795758,0.008208149564319644,2.8404626439044813,7.36084790836772e-05,0.005227033701717815,0.01523809417275157,-0.004395334012139054,0.008031945079937142,0.0004129945923628531
0.0037012756690287113,0.014486231676230976,-1.589255156211654,0.01825819314266644,3.231491767212699,0.8717433844424569,0.0017586055970746708,0.015692637392896974,-0.0004629527673627766
0.0013340904421827032,-0.010603007521652302,-5.753507903048297,0.10287563223497254,0.011665174226728437,0.0036009709465722513,-0.004791977704254205,-0.05402528430715048,-5.87097492698773
0.2821089446946586,0.009989457617604334,0.0053463386563756665,-0.007186394328526078,-0.004743471247613738,-0.02271221935104447,0.006146954490034731,-0.05114088050731065,-0.0028234132345783063
0.011592223858935977,5.070207990216634,-0.005332903036262535,0.018637429543324386,-0.00048447534020831795,0.001938955261790845,3.058032264614008,2.7469021578117925,0.003594384726863159
-0.015725547973919382,-0.002571832914892129,-0.0007606513966674493,-0.0017497394575758697,0.010095810745098438,0.00565768474071204,-0.0015149249778564143,0.04643560759067805,3.12517369544618
-0.0020586049823671793,-0.010307060028231119,-0.008568618114073667,0.9600017823544107,3.989061567076405,0.7770815853102775,-4.513963631380444,0.005575404189215427,0.002727048946148322
-0.007556537447486723,-0.008168899518555964,-0.005542411690498664,-0.0004058755063045121,0.03410403740114512,0.5764778356101328,-0.001487666840326786,0.0019067111037876616,0.0003333599821371434
1.5701308280340889,0.007265170562659838,-2.744163671861018,-0.005999577956026377,-0.004707181112568647,-0.0703353122752873,0.1537780592101037,-0.007116191176682126,-0.003829286155925947
-1.2589310088422716,-1.8333268615165381,0.0006721526875542103,0.005940690655625381,0.005372326970624695,0.013817740709761007,-0.006058661138847829,0.0024661834945731756,0.003122215166863028
0.013491668688191807,0.008312574817117528,0.002342799373182546,-0.06360364635133771,-0.02434191737529521,-0.036335143707931394,0.003680419347611336,-0.008453531849620766,-1.9713353550099522
-0.0005082271270141631,-0.007233814124301977,-0.05026129176048121,0.7969290984899904,0.009517781527700268,0.018919998762051,-1.5696053994785646,3.440639844249695,-0.004884904683634693
-6.125524698686203e-05,-0.0017292505289207161,-0.3713824430962911,-0.009112741602285153,0.03579060425427405,1.8464216718652136,-0.0007596951089261783,0.000839616299896916,-0.006014513910290641
4.57112960785567,-0.006219563952268192,-4.17673382050646,-0.0008895023654377186,-0.0029335937253234107,-0.018568330465808663,2.2758971931446004,-0.01090543707780052,-0.0031096237178066255
-0.03841337305354514,-0.02976539956087565,-0.1714532072709961,-0.0018347856541205253,0.010962758708131133,0.017750176255078576,-4.284421751088699,2.830813560811091,-0.001549037622118032
0.0759335106864357,5.95951403809556,-0.0035592666746094084,0.00203126184417282,-0.010661304168192803,-0.2263501243856941,0.17544011107806656,-0.008033638474812081,-0.0006379003980162435
-1.8484442183278826,-0.005066817096750126,0.004784733420746196,0.012076634295142505,0.0012666575457813793,0.002718298542848337,0.0019488598933130423,0.00012358581589992038,0.06277854695110954
0.0031664702111485147,0.018793372158134446,0.19218634782143637,0.00040776190103520606,-0.02115134416537892,-0.006069226031247982,0.7107416618293763,-0.002150453653979199,1.898069710161202
-0.0028345370224847205,0.002219548141233707,-0.023483504796437474,-4.080451233297961,0.12921337991459614,0.04314260809265491,-3.7472065667448216,0.007966407222344518,-0.009962269432424078
0.00569620712687575,-0.0007798778295245388,-0.023625294706624833,-2.7997488861487985,4.989693551826248e-05,-0.0022308219073310692,0.0036439893224228855,-0.02268975019439118,-0.024522871500620526
-0.0028910785000673747,-0.0009001794559523046,-0.011783687157376503,0.005318939368075121,1.7866375647637343,0.014173431715657298,-3.1635913813643564,0.006860224178427779,0.0011214883055176116
-0.026174540788924894,-0.01908826195388451,0.004015787127351607,0.005923262090855721,1.7898020571264024,0.11089504564760277,0.0009625473615062041,0.0038181376713952242,0.015119332915290076
-0.023276088644314567,-0.010498421203672646,-0.011045683414507373,0.009793642848550976,-0.004716488014446074,2.5913587140899814,0.004682239466527155,1.1088019159331524,0.006123548248828506
-0.3952568413156399,0.0011905035990382473,0.004065067703461255,-0.005674691077280142,0.0014744626211556054,0.0018591780792874464,0.003366114632189643,0.8674744950210755,0.02578325621202334
0.002228387214517142,-0.035100823075511406,-0.28624713399819585,0.002995551278383546,0.048239616914698843,0.005312259353677122,-1.7866113301517794,-2.7764538919044996,-0.027438422251005068
2.169749386830011,-0.0026193217583811404,-0.0017083462972150689,0.008920047084780407,0.002514891305422935,0.0023076964905601434,-0.07096993129143557,-0.003471232654730913,-0.010267942198549297
0.0035387344370105545,0.0028660482697669687,-0.006314613524088703,-0.09375359592829385,-3.1490419240020593,-0.01169188429279805,-0.006388640341381099,-0.0003595561013937966,-0.9693638077623747
0.006259718352988519,0.0023908996848695414,0.001491559985244579,-0.0014398766129154047,-0.015045563109501656,-0.17704632116513846,0.01157155830121164,-0.008692516245190792,-9.482374845605187e-06
0.01585771340628475,0.014563706871136353,0.006812711110659429,-0.0004988521674373497,1.1951371242726925,2.112676479307873,-0.004712770849275183,-0.0037282622597716586,-0.003877143602574854
0.0019764923731213305,0.0074421195788974305,0.0005397807797018398,-0.0007067977744102795,-0.026544076075416607,-0.0033377017762955302,0.006460076749096172,0.001974304541317547,0.001333300862650206
0.006039494997902095,0.0006366464944303919,-0.0024140449057612487,-0.059740893856188165,-0.0004674716868922676,-0.001625772606884723,-0.0014072355862690881,-1.7515581638400146,-0.07820707602214974
-0.0011298615024533283,-0.006976886512622396,-0.0016139679109884659,0.002169294635895537,0.00012889956832852763,-0.00041432994650843994,0.7898672995276624,-0.002079749748345654,0.004908905880693542
0.008516437638973895,-5.5613840137190245,-0.005898016834356368,0.010196498534836226,0.174639197090388,0.0017091902766056388,-0.006387969400993163,-0.014436257306005416,-0.005275859312471196
0.0034675642016086684,0.02322330805061884,0.004817681073933508,0.07969578845168424,0.003880252919377916,0.002866917083145192,-1.3241086833673013,0.0018532454416178342,-0.00020568555481276837
-0.02350712142627845,-0.04605442208517695,-0.006904835113140795,0.9675308629744009,0.008491178798531862,0.005930668594349139,0.0002635630217026528,0.0034364167129017106,0.022245233076925434
-0.006611345636089866,-0.007046847661430072,0.0017141913021575111,-0.09184926075214994,1.751913924855586,1.415876473166592,-0.034329897771927936,-0.000175092978395186,-0.004893423023568337
-0.0035499223136373735,-0.02401679495443801,-0.0025659380501958555,-0.006305764765770941,1.33596617453111,0.006835610016655974,-0.035952506840249907,-3.72258922199735,-0.009814729898420707
1.6598371302371908,0.008118527317284194,-0.007267741566106514,-0.3599324238860539,-0.0037822656612493573,-0.0297558849105908,0.005041201768677419,-0.0021552949350039183,-0.03344490044744272
0.005023946589895044,0.008293680049374147,0.0013375688058989829,0.01310329840032577,-0.007933483814312274,-0.0023134830035614977,0.003135582489806055,1.9300874275489142,0.003049004559667251
0.004415137825540857,-0.0007105103707134375,-0.00117126413724644,-1.6616902894319145,-0.003113897598636089,-0.002858903953392246,-0.00253823659912245,-0.014006841358316681,-0.48356721243580814
0.0023688878171419523,0.18561332026755376,-4.77859640599847,3.084170745856502e-05,-0.012433069938860172,-0.0028376149125134685,0.5483356423079117,0.0035589476084620895,0.001049160748740327
-1.5766247251630015,5.76274392780074e-05,0.01237943583445475,-4.2528722765556815,0.0006840564093440749,0.002929085352030035,-0.005264031997648744,0.04220223472627227,6.39554963606551
-0.005453477453980194,-0.009411161954353736,-0.004029179838336106,0.6149945494110648,-0.0006065085775441015,1.2746492302127985,-0.00530632225042349,0.005181113199792361,0.0018860937910846094
0.0007900815060154948,0.004792526770378698,0.0032108139390569094,0.0015082085340975815,-0.00047981023247448476,0.00026789271255588126,4.6060370767385655e-05,2.4026039852085437,0.0013041034265051793
-0.0006469665619037754,-0.00890791055465375,-0.003000022959458084,-0.0005414888711358559,0.06178970306578757,1.5360964481938313,-0.0004971571376281778,-0.003960879347143587,-0.0009113094854997107
0.00029400002225447863,4.637705569299211e-07,-0.047898640145159044,-0.0034801854402258664,1.2374536105577096,1.938051014597284,0.0013026230420862886,0.0022922748946277993,-0.004690495146022447
-0.0028004457439906524,-0.009236971097756279,-1.2906200035509023,0.01387332919301597,0.0004639325955234641,2.8896455758266937,0.0014318607652673565,0.002938224524192236,0.0010989368851944577
0.00168309714736627,0.01598929584254241,2.9473317387777183,0.00015101564310843196,-0.41386633998806666,-0.8266835963665771,0.4020913574190943,-0.000694216754253657,0.006311583619834451
-0.003723215303599701,0.002568960256936181,0.01247044552146211,1.027387458121477,-0.000149818946290306,1.2121656267720562,-0.0025700113637426095,0.00425370625285524,0.006176174470802841
0.0036398905324564936,0.007765491925024515,0.00017551606966604717,-0.003338787528869326,-0.7035845072537222,-0.027592430078335325,0.2375786060025855,-0.002193731309173576,-0.000247362786236118
-0.002484255367836339,-0.003112573669138378,0.006150878423447845,-0.039340752510373445,0.0017632107336285532,0.0007655009745088583,-0.008565019215688493,-0.0037887270368772014,-5.416671797445195
-0.0031357294934655487,-0.004669463612458713,-0.005110698831947338,0.002644626323450554,0.06432210430747812,0.25299761046319563,-0.013641643513563936,0.0027903191749575236,-0.0015556200573202184
0.016210276980673195,-0.029223015687701852,-0.017197070308569373,0.014091022724586469,0.04614094731456131,3.4595731039097446,-0.08827167418772741,-1.8918888568998522,-0.015464783357395328
-0.021398682233758883,-0.002502610298456602,0.007082202165124063,0.007673509800344765,-0.008426171671537114,1.4317026196274156,-0.5744459377998101,0.46464157732853995,0.006634874307440631
-0.0022167021709988332,0.0012013939023324308,0.00791841389158806,0.010897036620943214,0.0007397182188065757,0.0010319067752401392,0.00177739394372347,0.0031379943932989107,0.021887587416115007
0.003710254273551764,-0.003617989117399703,-1.1029879736805206,-0.004076018608087614,1.5089867854243408,0.00030761472075752777,-0.009848972573874418,-0.004858251505121429,-0.08896966313284252
-2.1328260172388847,0.0020158895483976536,6.703013092902114,-1.0536464470475586,-0.0030327336814932535,-0.0008669595503072655,0.000247533622730136,0.008628177730404224,0.002921187473472364
0.0002800105677836229,0.0026255390309125742,-0.0011574346677145075,0.0012125239491962425,-1.3172566720386172,-2.5639938976271566,-0.0007384315212879133,0.005438027391128364,-9.558089468741579e-05
0.00836147626949343,1.2642539445438485,0.13657858030589026,-0.000520366163400183,-0.620624436121028,-0.017154352710910196,0.0031269221210163314,-0.002988072631451569,-0.0001225740693865091
1.7962412689967113,-0.008818498645703998,-0.11745842689387119,0.02550981868989921,1.3310192109225945,3.130385505807194,0.0010683176821741358,-0.006416406580178724,-0.005754217752889014
0.006300153479104606,0.008604108406599448,0.003737378803885069,-0.006591898660524273,-2.5246260554763147,-0.7536130751887029,-0.00010619976744226725,-0.004276438140827579,-0.0035819826481161996
0.001221948536860874,0.004158275208609376,0.006115503444016865,-0.014997274519627395,0.008509082055518542,0.0004818495169547181,-1.890794410731326,-0.003106721115022875,-0.004146556327375157
-0.008811873623697897,-4.290767519500587,-0.0012319707447072184,-0.0059402449236008875,0.0014364274464890164,0.001441717025918332,-0.012641514148102578,0.0027075980153261625,-7.754961039153219
-0.00016277984629248232,-0.0053689232585953095,-0.013006575718493785,0.0060320569192706674,3.1754624532762605,2.548418204645934,0.0014442462624987412,0.0009762999562055175,-0.0007237313087261991
4.441963684214117,-0.0073835320367449265,-0.004605652524166162,-0.013258004497086825,0.003919944537903987,-0.0003923320185922843,-0.0021122188886598947,-0.3529501134568997,-0.016149593035863913
2.584623119571532,0.006065862102815146,0.00152979966881844,-0.03929341947089596,-0.0015424656859837176,-0.004345941289266921,0.00034541407266982724,-0.0033633613349319993,-0.006116885419299133
-0.0031839524039107905,-0.05143290217113894,-0.006118294958853843,0.03593535842701756,3.62892758503587,0.014671485438731313,-0.7631284103063806,0.0029667147771248858,0.0022423885621398743
0.013964325344166872,0.03578511389120699,0.00315236103286858,0.8676720621058694,-1.1369688155836022,-0.0037549403687863955,0.0015721917725151416,-0.0007221148546820641,-0.0006633946091904814
0.00624838382697538,0.0007096201073433089,-0.0018974456467567551,-1.929041258593635,-0.0013792246241374345,-0.010139501184987507,2.1997963231731124,-0.29900714179195953,-0.008102951086069732
0.004843130214093244,0.017944970951330352,-0.013235035093216732,0.003916764038921329,-2.68488558530939,-0.0037784818192472397,0.5693987494498189,0.0008058041008102562,-0.0010914849207160427
0.16416040793347175,2.577170722608587,3.6413779982484566,3.2390080117673943,-0.020003230301459174,-0.6230727560523244,1.6628624265510918,-0.0076588273629632705,0.0015672595448535664
-1.3414252432695974,-0.013594139616465273,-0.0027619449669263885,0.012230965736474197,0.01031603803920017,0.05746561169261244,-6.103860159506869,3.8641170162549354,4.209761774025484
-3.8926092471691653e-05,-10.006620762290765,-1.338863151682233,0.03349620869521641,-0.007376608612554514,-0.003413523866595408,1.0776538883689515,0.007409501365110427,8.122701383427387
-0.004798416296746266,0.007778746535453865,0.006040173776919795,-0.00011606461965978088,1.7271643122979228,1.4234197384583975,0.7297575976313699,0.0017838704784765846,0.01227633812603135
-0.0007657706168659696,-2.390750596296288,-0.03021151502679084,1.055362665551122,0.009177965754020079,0.6818137021512637,-0.29013719057716214,0.0025552397889782984,-0.002949452785226934
-1.8379500402560862,-0.04859308434284107,-0.03748678191917054,-0.0022123433425258856,0.008585017797175146,0.02364140113124949,-1.2835791324557817,0.004675397665293422,-0.004564407120808415
-0.0017260462587776473,-0.004768140621342953,-0.007957654023165952,0.43166039423969704,0.9836428469947331,0.9182598279790981,2.6275969404470176,0.0026374472408441808,0.0063934889560251715
0.0010398107295108427,0.0017374166016558435,0.007641143501844706,0.019622177447965947,-0.5951102335995333,-0.002341013237983699,0.0006006905849113386,0.002529949785806715,2.545153763123722
-0.001318992643926046,-0.011059297333255757,-0.16375018512228828,-0.703613149465762,0.6730453409008482,0.0018402694938651938,-0.0019672753522975246,-3.0038517478352857,-0.08374640531737387
0.001953854878455435,0.008977043276244337,-0.012328782754514538,-0.005798491566005315,-0.008789744208181627,-1.1147035605002065,0.6148664089383629,0.003354984003961517,-0.0012480148780855786
-0.0022095353742177214,-0.010886470836915935,-2.156657631209282,-0.0053409600779055445,1.7044628447916246,0.008237771305529648,-0.16162650320660432,0.0021043880444911005,-1.6355341366021612
0.02604881790802313,0.3055167597747124,2.2495102762442163,-2.092996813109219,-0.00680361242068335,-0.021854787945951304,3.115217541902666,-3.6905385902478387,-0.008194613623450017
0.002667426619211974,0.003912505154188339,-2.4692241624650193,-0.01104391942844564,5.149604668341782,-0.0002996663502300434,-0.002622336700771274,0.0007873976102302262,-1.5250480115406613
0.0024941515019062596,-0.0258564564835711,-3.708727343213198,0.0038500848831767784,-0.009006865841592604,-3.995340392653688,-0.6854431307669877,-0.0008327820517114864,-0.008015903455447115
-0.015297088355473137,-0.03276760298657988,0.0022226345456289112,0.0042346587917970815,-7.307521976104085,0.0028854682476460725,0.010144749368201944,0.0032790190318268755,0.017745234088422546
-0.002488835804527428,0.003914235668994306,0.01580276113013588,0.02000009666884744,-0.968592372242975,-0.00042203587189180124,0.0007094144853109809,1.4758701426222807,0.040497590503691144
-0.14286792367752676,-0.01597111663875555,-0.0037284194430075804,0.15958890584014987,5.833390377664102e-05,0.0013950842009282645,0.0017593266480852446,3.2593746577374336,0.10981900071728173
-1.4001372449651457,-2.844530520769002,-0.005783611512822459,-0.09960057075630976,0.35167248210467283,0.012281747616136152,-3.786715977623773,0.001811325336196077,-0.004293064775942759
0.0016914946537498192,0.0019851170639102965,0.012289638895100867,-0.004356882581607154,-0.03903927376030211,-0.06403540578714985,0.01143826848728742,-2.650166157420986,0.010449645159171711
-0.06977958490587706,-0.008408713905035102,-0.0035769077483416008,2.919648275575164,0.007607144213823851,0.01697054704097364,-0.0010335289898536605,1.62776497690833,0.011066986406572596
0.015244670571477159,-0.0005621649698880349,0.0008789553682560236,0.01226655614154748,-7.764731862311741,-1.8289222753980248,0.0009685071249076402,-0.028593259350714995,-0.001108873109113863
-0.028905731672971696,-0.0061305283831411,0.004108201859418653,0.010016065327627083,-0.0013139145383562756,1.5904528220638852,-0.00301154981210211,2.0403687484765802,2.1579201507258707
-0.0008893145541543201,0.003139774053716026,0.006235020448432771,-4.896461307031145,-0.0006851855385292954,-0.0014538220961828417,0.061189220719061854,-5.645714338306517,1.6229946226730405
-2.925169636476633,-0.009372114422258946,2.5615836410465045,0.0043309588919698385,0.006054035502391281,0.029914439665735496,-0.03213686230121508,-0.0004629162968482776,0.000583272280655564
0.004570437921838319,0.0033025307926547766,-0.004376281033600937,-0.032661767295008845,0.024970593223702098,-2.2395530643667865,0.041907309194652576,-2.2727821180622554,-0.0040971631644967366
-0.0023001187529756778,0.0015892391399639821,0.00207873842998206,0.3683010687506419,-0.0009565302536260578,0.0006194191308498397,0.001833752663119325,0.8864277741607742,0.023113149709439347
-0.1782625429773596,-0.2463161264961016,0.0007815560623960489,0.005598292991401232,0.008889806040181332,0.04912113820110646,-0.33217891483884987,0.003739097113408162,0.0034978384073777588
0.010032345743606846,0.0024857746123291215,-0.0004736393238142858,-0.04307263457435431,-0.0052006936256148995,-1.1001490599265606,-0.005259561129306339,-2.217661301376196,-0.018315298564036978
-0.01608238274180122,-0.0009169454422385259,2.4054976730117605,-0.012942679827546343,-1.8856661671504333,-0.0024008016326512865,0.0018803956718066834,0.0068698318583841345,2.553556694159484
6.483104860648054,-0.03188394413002733,-0.003816831674290271,6.016901636336706,-0.011354755566015992,-0.02225100060534143,-3.2986634589045982,-0.014154050665360372,-0.008475514276239826
3.795604045738031,0.00532771819418093,6.40760027710026,0.08177097539845424,-0.00992148519489569,-0.0062900436855124545,0.012573860861782783,-0.0015588326636095835,0.028673328624324756
0.00013035027079898696,0.03218934654090125,0.028674560359409948,0.006048931317967343,-0.4754397025436278,-0.001789396891945523,1.392893185862797,0.0021794572722313704,0.009710334651370122
-0.030348934830294213,-0.0006360485803980219,0.016897597507079302,2.874147742268411,0.0030597873939912576,0.4316500545275396,-0.0033128719992017476,0.5126343115135612,0.0509870006699879
-0.0011610730546212158,-0.005594596489390841,0.0050140888617565965,0.010279495852922396,-2.362402130739945,-0.000979686389763132,2.141775405290568,-0.00031077401890901475,0.008129573282082664
-3.5347758027344454,-2.6975412053809023,0.0006806651145689624,0.04752576568836682,-0.004527245978626915,-0.00019357858724989283,-0.0020763419026362806,0.003247721982904249,0.006197490893181459
-2.035326111212803,-0.004060676785948764,-0.011664795524926415,-2.847612415650841,-0.002493018508563677,-0.0013450688276814976,1.802626025648803,1.832627364355498,0.0031971310294812982
-0.013597969134093169,-0.003631755333509407,-0.030434318868777822,-0.06419407718237437,0.030143677904303216,0.007371851305182751,-0.0024067889124804007,0.01362947258099923,-0.0013922259637312467
0.005667175417387509,0.016402334768314902,0.0001848242931916204,-0.00813355608764392,-2.5691153264464877,-0.5068751783166623,0.01029326818985405,-0.002866557618836363,-0.002683655041802504
0.0012775934601349792,-0.8939567667995957,1.95247653635134,0.029372321537396225,0.01777061396509566,2.0334265585843947,-0.004770738041829148,-0.1429620097618748,0.0034707389686985043
-3.747698610830092,-0.0032644726280396065,0.004039563160828458,-0.006855844511182046,0.028948561770985926,0.08298775362902852,-0.007046013048071995,-0.0034750983692018716,-0.003912551835096541
-0.012093349162706876,-0.0410018784925386,0.005336437041578565,0.0027600662793862553,0.6715876669904539,0.2661953809366886,-0.009607889194942073,-0.00028555861127821814,0.0032896660491735247
-0.0002617188207993202,0.0027951224652206204,0.009443747821615417,-0.00013723830089198627,-0.025994291174997453,-0.0019173378917328762,0.0010535274497574297,0.010960272163308443,2.312134468918052
0.00419159476483271,-0.0030050342147767144,-0.005456698751209401,-0.0021922754787723937,0.002998426627591275,-2.8631031039429664e-05,-0.0046784637356492,-0.19126738823260395,-0.09207771353624572
1.5764550269502589,0.006655522212121057,0.20357210069103482,0.029796790250269104,-0.0029548055524200034,-1.795055098552435,0.0278190747791896,-0.5028806572021309,0.017013267678624086
0.035084067151948284,0.1850699174213859,0.3790978225795713,-0.0014783353475453266,-0.018767406623161023,-0.10859319915581178,1.9887394496737354,-4.560804654190267,0.0013669958216046413
-0.0021930391506275225,0.00032005063977348647,0.006857053026319443,0.01313831583819793,-0.08402562226720975,-0.0013025793251751367,1.0232749228788638,0.003631520964570186,0.13550402995897398
-0.1448886697223131,-1.2036706663259489,-0.0012494040637274478,-0.12579217443893506,0.004169734860999733,0.003672610207848583,-0.07703610083847778,0.003395470206173765,-0.002102372281012687
0.002479013909588489,0.001199669023902797,-0.00019503579157029952,-0.01149335598571081,0.0008624609906043141,-0.0012831470079902407,0.012898125778411974,-0.4619576988416415,-0.00079836890476507
-1.3086365966752667,-0.019596952572976972,-0.0028884026551409233,-0.11552229034693501,0.397155065988572,0.004117725252419966,-0.0004292248651139429,-0.005277788576103992,-0.0016569647222403616
2.3315018897601836,-0.0012059660795513453,0.0016540597984258639,0.002497066144418869,-0.0030525093770795778,-0.002989567101767303,-0.004729908242309226,-0.007484525466355473,-0.0046328311501245625
0.008193090298752459,3.9719500927428593,0.004797608769309791,-0.005718621730037538,-0.005073723715062317,-2.3277508055657465,-0.013508050589384257,-0.0010494515969266321,-0.005175328127314704
0.05186494806232933,0.006233004372744068,-0.011418185382564412,-6.99895175523044,-0.005628587739717295,-0.17520725711359725,0.015178754513193109,-0.010219784117976192,-0.01367163160448967
-0.015773960786360022,0.05679489230473671,0.011518087650460813,-0.05311836077343904,-0.02487107222700613,-2.5510315327507085,0.19585702819892203,0.029575618832213116,0.00781482193150403
-0.010937150331713913,-0.034035111903274934,0.0019549573754686,6.995118790242595,0.005559421577126206,0.006009198848132664,-0.20252686195529226,0.001274181003258736,0.003183198910340669
0.00546062158146611,-0.0016386797333130115,-3.4499113113824897,-0.006537680313142669,0.2637569669495754,3.8420812218336593,-0.003206857182071976,-0.004151388182364865,-0.014741446544200572
-0.003318965638429934,0.017406271314386323,0.015699693954321317,-0.2379509822938674,-3.447754915415023,0.0011610676058798758,-0.026318417881991456,0.013172466591454178,-0.0012901804698003984
0.002043833239222354,0.0035008784773417,0.029773242706295173,-0.23330278687127148,0.002856673688780226,0.00038686599407006944,-0.0060033281936173535,-0.9500978968174474,-3.0536403314664753
0.7393750116117581,0.009588281568334078,-0.006700849624241684,0.010660154809703148,-2.820114757824261,-0.020461154207620957,2.7066565501617754,-0.0042908333185085745,-0.004321041556044547
-0.05044985382244956,-1.5567748022349486,-0.006062782428945229,-0.0012209206688920838,0.0009474345836651393,0.001616807384281515,0.0003992138016113058,0.0037455687942752796,0.0034853597669149577
-2.5953661904091803,-0.0022172981456877014,-0.00306891262367137,0.012911111502880325,-0.0014053413498805387,0.0010437818478686732,0.001509483003147273,0.024455833820161588,0.0062369341647496995
-0.0777761884078303,0.0014145053114080208,0.0002808915519082189,-0.07950993783031657,4.501243405599247,2.281680326237936,0.007998054723679093,0.034829425698340355,0.004872875823840994
0.005843839809378037,6.530988351458045e-05,-0.0003178922333871139,-0.007274657694333138,1.349508119907468,0.00031449747117115803,-0.026506079885864668,-0.02565457036615159,-0.5755631524364756
-0.0013192088470612077,0.0044273187606337265,0.005918227439737544,-0.003866289597906696,-0.00756765024509884,-0.0018258655253646358,0.19442477289368593,0.003837645146039158,0.7655985228007323
2.3325749957209188,0.004438951381149736,-0.014162665508913432,-0.05131535011374333,0.0023525416921532406,-0.0011579835085617014,0.000821999162561135,-0.0015282603366347357,-0.3086893821834453
1.7452785622533777,0.14533200982165162,1.3829385027299415,-6.482178020568585,-0.0023974734241842405,-0.004218052456533278,0.0014746922996414294,-3.402329282242563,-0.001455918533322137
-0.0010282022864574782,-0.00687418753063912,0.0030562932692280963,2.339078106336586,0.009577766985909925,0.0049013141696335055,-1.8021225272735533,-0.0015656542768302797,0.0017287544968068384
0.6470062843931897,0.0010530290400796883,-0.00020256461316961206,0.019245886719292244,-5.2582171662136565e-05,-0.000684151258308857,-0.7924558857571958,-0.00786169512849064,-0.00803886860908705
-0.026538293819883475,-0.002886849981406114,0.0037487473592222485,0.01219645542070951,0.003078813391558699,0.006723350171991481,-0.0017493819600818345,0.9412667473368241,0.028797753804511918
-0.0016122503393032374,0.0035097337765373597,-0.0038141040141499542,-0.0022886001521538906,1.0411997181229824,0.008555079802615884,-0.005329344107848227,0.004673845689994216,-0.0020828583341519313
-0.0065500988818596026,-0.017192621768375438,-0.06605243413070302,0.0024731002404486664,0.006637296082952632,1.1204553205488565,-0.034458018223655795,2.14211720298374,-0.005456539801403003
-3.250854909911894,-0.0034400759232009817,-1.6592461483519165,-3.714297712646806,0.004550297084008274,0.003758731912035535,-0.0008421205328564378,0.007308053208130314,-0.004556588742517494
0.7801779378564594,-0.00205485972613767,-0.011698900095858661,0.6055194855063619,-0.014786131476700536,-0.006524957993035152,-3.495658132290023,-0.0027422072049250075,-0.0077538983922305
-0.004109423215584884,10.29859827782255,0.012024890676433808,-0.06982027546270608,-0.00012830597073454353,0.0005711466574217366,-0.7698421170741776,0.0026578285451709094,-4.560391432050384
-0.0074744677903760375,-0.0031025506862396093,-0.001389163518487195,0.0914276207944449,0.0017464859538258329,0.002475553049855363,-0.0009015245303184989,0.16937039698363582,1.2621334802648854
-0.007069863079644696,0.0002735293080694326,0.006027522877921923,0.0002867444662815223,-1.934522646747506,-0.0015748846539837547,0.002590782324927909,2.1839022329376236,1.6867279468462062
-0.0002921930266647473,0.008925598530302024,0.015071579518637536,0.0007999012990419435,-0.6298636045045729,-0.0028590008939159695,0.027836924483422076,0.0016377088772969628,0.008950962688470575
1.0725998911425185,0.06437622113454083,0.006553140040216438,-0.0051909749286197385,2.77218915596471,-3.2716104847937966e-05,-1.2117351289853366,-0.00459687339450017,-0.049015636162250964
0.0020613465910218945,0.001950405609823899,-0.003688405955460719,-4.572492744083975,-0.0004025784763852921,-0.0008329483051025683,0.001406982827022626,-0.0008931648523877133,-0.004357548430827599
-0.007675455045241839,-0.05098500511287746,-5.750951173043725,0.0014116161867642023,0.006563319795099961,0.00248701177501349,-0.0018314392282756387,-2.474215518415629,0.004803517056298959
0.04732719951812614,-0.0008099083804986931,-0.013734122263495102,0.005738326598014834,-0.002687586112213425,-1.6912528758503076,0.004569259890343319,-0.020563864520903086,-4.520654904932779
0.0010175535052648968,0.0066303446403888295,-0.0019085169606247246,0.04251370358789744,0.008895513040008657,1.0460794222776384,0.004121475133134753,0.0024919895600593726,0.00224949888753761
0.001756680728344537,-0.001625023670684085,-0.0014605351862849944,-0.0014057207135063543,0.003957401719948607,0.0008407182939617004,-0.002013908328832984,-1.285880107650637,-0.006912732388031674
0.43198819178059117,0.0036734403068107136,-0.00012167334666744354,-5.204415559114902e-05,-0.0002951630296757794,-0.0018608427617129795,0.0004801765759920298,-0.030043637749580625,-0.006800566911654939
-0.0033049374397769726,-0.3958677114772362,0.0016064548924055316,-0.0020358490442012045,1.708688734082596,2.011090689222625,-0.2708434982628187,-0.027746140545324316,-0.0029851972405422235
-0.004155414456519724,-1.0838767640398825,-4.500956201649288,-0.011162367087390854,0.01119427961760735,0.00314832128739064,-0.02684937639946785,-3.2259256793862194,-0.04546845964644791
0.004614471261873458,0.0016618518189298417,0.0006123979023920896,-0.02549184964116867,-0.00012666974219135334,-0.0013278327464447625,0.0001705528837967177,-1.1871837183447493,-0.007708426921359101
-0.01960744753411467,-5.288790292119254,-0.004243705068392861,1.708001712853641,-0.0013602829011201273,0.005905855164163621,-0.009184063051795796,0.045710279961734636,0.004829485748501986
0.010230813748103695,0.01718192950783104,0.0016968223577090368,0.0014674581520286029,3.3785521154876315,-0.00034720297166131175,-0.007765599558282677,-0.0031152250298106567,-0.005792412484377563
0.0012682933766883578,2.536324593101924,1.140410930198772,-0.02891563021377351,-0.005981638491968151,-0.004333972076900016,0.09683025173043852,-0.004258564975147705,4.790567715948921
-0.00935753746424263,-0.03442110018402894,-0.0009301472891666066,-0.00037185782825539804,2.071277007794107,0.8152366609693065,-0.010949193791204508,0.0013804625572179513,0.0006693288032313602
0.000489987809111277,-3.7590125506052416,-0.049247513487794936,-5.500334130553895,1.7587974600891734,0.002555538636927396,-3.5022684587753865,-0.0010732395482219307,-0.01790947310631777
0.019412983486789492,-0.00015007912136981091,-0.033648609917379696,-0.006878799293309888,-0.0013386144708212866,-1.0070794222727775,0.011118461630773846,-0.023859558437666073,-2.579960791696762
-0.0005477308096757252,-0.012757662800054116,-0.010694406284541725,-0.638034606648159,0.012033855419152863,0.0009236692635923009,-0.002177978614291252,-0.22970193382075468,-0.013372311087060674
-0.003657945667047983,0.0012775845993905975,0.0027276922314031617,0.009170360101011587,0.0002215527427245811,0.0010606883700382186,0.002394467582700204,0.02307444829542238,0.39038184887424454
0.010629927554525413,-0.0015740449262967502,0.0067867626365544845,-0.0033114267968242708,0.002264248877054842,-2.208199250992793,-0.00937515745438719,-0.024416714926666604,-0.004353121887209925
4.5136213872426145,0.0035376569796991726,0.010638231363568201,0.0027496412846605145,-0.02717616376315768,-1.870351453455357,-0.04725795069034122,-0.0014572562968636089,-0.0014292655674792987
0.005540024483632763,-0.024017480536437014,-0.00616137975449918,-0.00541606876143904,0.002252989039925213,-3.17231813739829,-0.04052417022258714,-0.030273768115753136,-1.7671513597443789
0.006968475830284533,0.0051992011270013735,0.002062809577232968,-0.002380053543584649,-0.06721752424094209,-0.13331851769662698,0.005003838230979474,-0.004174054787784543,-0.0010136302708995452
0.06373166806179467,0.0018138561234603418,-0.01166292641853807,-0.0025803079874090248,0.052006148256372065,-4.229992744939228,-3.052365192696138e-05,-1.4336208829499173,-0.017287253036300382
-0.0030109685399127965,-0.0005131038610580688,0.12130156643509266,-0.07325423606136461,0.0025903640583109806,0.0007486433748100543,-0.0008384160503574901,-2.4248077387865314,0.0026056425387323903
-0.0039145636141582835,-1.0031959516483882,-0.003411369780906561,0.0033639881587682417,0.0027920448239582302,0.0017901355245416237,-0.0057992391184466495,0.000158275372369152,0.00033812394633348224
0.25820999231394315,0.018883374428765608,-0.012362605618586452,-5.267173386237394,-0.0051117957391880395,-0.016791113023225376,0.3970359192000754,-0.006296555373928109,-0.15239106504336952
0.003283203725376733,0.014248090910850393,0.0056474671638784306,-1.282150081898324,-1.0105595075497864,-0.015537288139566292,0.0009606156321702898,-0.0014470648766548317,-0.00283873594697578
-0.00813206960595221,-0.019844278854822206,-0.021877761911270915,3.8690172528424496,0.01920521975656858,0.25631414339866065,-4.834097895426485,5.018910323412288,0.0017553514667564274
0.004582849688837402,-0.0018957994153587726,-0.004546942030957123,-0.0032976149777795213,0.0010149390900716826,-0.00022171358906316978,-0.0034614812919397833,-1.7958443869946943,-0.06145568119867345
4.57599241838559,-0.0072250683990318365,-0.06148297188370677,0.017678733156730703,0.0004452797717681284,-0.00029495517454203313,3.076363469771418,0.0007041931794140727,-0.002295447281177629
-0.004535342649203104,-0.010057924465867086,-0.03387566609797261,-0.0036419617883112,0.009383294033171652,0.00250321014896752,-0.003253581639115932,0.002288643369369313,-3.193646731132058
0.0037625001751434243,-0.00883381789013505,-0.00227643926313728,-6.812044029120804,-0.0007565608307134788,-0.002148994713452052,-1.5325941287974905,-0.01085670946976704,-0.019118913282344274
0.0026950195000289973,-0.002084137806603048,0.0042101842270447585,0.0038883345331128284,5.6053213324855555,0.0015098983877889216,-0.00210556257643355,-2.673116456922875,-9.258862519535838e-05
-0.00020456035744172076,0.0026451859026998233,0.9581830708465073,-0.018841873221451717,-0.010492176146588664,-0.0018666482744730318,0.00021446671915781014,0.00012243714495814318,0.0006862918307127476
-0.0031663600984057497,-0.0016070218608641093,0.0032226439354839324,0.009618459057696269,1.0340097809486273,0.4401272109648524,-0.0004267764791787334,0.0012461915213684976,0.003808078400724722
-0.001548168660358673,-0.033211975952486594,-0.0010221093560593456,0.01816446842114299,4.1116463853547325,0.006620669092942427,-0.27945747617127614,0.0003121948928442083,0.000982388799211047
-0.0204073093988692,-0.004032725141243837,0.00501208451307391,5.310434374301746,0.004215000309621221,0.021952487499146356,-3.6523514409250915,1.8607636711809086,1.5234148910451308
-0.0012017376773905165,-0.004258591147440241,-2.2317141968584573,-0.010514945176838913,0.006697182462861844,0.0014710151808547808,-0.0036076907515441526,-0.0006090628927287751,-1.4173528819838999
0.003929509618354239,-3.6651963466562805,0.00039500383496153015,0.004928211973014695,-0.003505132268685665,-1.6488539482878513,0.0006285835806532566,-0.012099118343146758,0.00010852629221118001
0.7045966742334675,0.0024942021307257506,-0.007976477461395957,-0.006476895509059152,-7.634915084119356e-05,-0.0024752318197292216,-0.0006783245189943381,-3.0215000936054586,-0.09173870558123892
6.291225939159674,0.0036243354342017156,-3.5198924420701583,0.0019126291452649827,-0.0014920363170822515,-0.005609643144467824,0.5410082227486299,-0.0006482688649751787,0.0036289740717723173
0.00217067633836189,-0.00020601512756681165,0.9323401592349594,0.018010258233765022,-0.013300171705222288,-0.005320145890629165,0.2568308570290622,-0.012342584872921872,0.06429127540864477
-0.0161375792889754,-2.235007440067406,-0.0008450026029234448,-3.0361325871405063,4.896874830225304,0.005286062753402793,-0.004198324466556505,0.0023769153987514696,0.0010733677571976713
-0.00013320844758749263,-0.0020685946316427546,-0.0014069334185101193,-0.005602801595998297,0.0034940509328880653,0.0008830063336916939,-0.006193580485696091,-0.0013130425699405595,-0.0063240854629991365
0.0014452374758975465,0.00271821147626711,-0.003979068541805221,0.0024044119833963925,-0.004584811166285285,-2.726198869150491,0.006175238261946353,0.0012967550042087064,0.000819870571488801
-0.003374865361306983,-0.008388243385426942,-0.02965611647401272,0.18823610322993178,0.0039896728027630085,0.8907817941221896,-0.007275332204729784,1.4257762814603243,-0.0008465371100381917
-0.0019941410118940184,0.007432188980577098,-0.01257203856870423,0.00803239423225377,3.9862819289298455,0.013022696068835882,0.15499920586760293,0.021031935142480584,4.702718843221245
-0.008656401588811502,5.7809930416198485,0.053779284076988815,8.131292911925247,-0.05355461564253122,-0.0018404217000786188,0.006564888350650271,0.016462732305848014,0.03049371941156248
-0.01583846768332453,-0.0021188011007135616,0.005591691301004441,0.11310394288289449,0.004003010835109653,0.4389900313395391,0.0009842016722890652,0.007895568343491591,0.05110425356071084
-0.000624416881074074,0.00010703836165608448,-0.39828586687948503,-0.005509772629999575,0.0005726103220746729,0.0001233758831643002,0.001348051273177015,0.0031051753440784384,-0.002207701459207976
0.0014592970515651463,-0.0015166795226301405,-1.9708326379274275,-0.005659368258002141,1.0983754165282034,0.002187362999112038,-0.04010533209264139,-0.0009078526574126475,-0.06552159668277871
2.8359351723240898,0.0036366638117926228,0.021643356299459224,0.8760090277346054,-0.04266596559676894,-1.4124755888168348,0.0024974360797165307,-0.0050919199456442256,0.008853704976222038
1.4441875615713184,0.006855117128200831,0.17818031019217165,0.010193824315701698,-0.01001109656320185,-0.012362246294564765,0.005644622354202735,-0.6531067684781493,0.008427537141076549
0.0011011764222590885,-0.03678864510557127,-0.0016706221546559097,0.0017935295550324977,0.09418163799779777,1.891140794946925,-0.004280133544283846,-0.016966744664061388,-0.001756935049747171
0.010649294725787508,0.0200363249042887,-0.06327120295607888,-0.009473872551988605,-0.003626856173935159,-0.0031478988325616547,0.012693209755179253,4.020939019067012,-3.984936078666246
0.7768867781640583,6.06662248134409,-3.4264702884890093,-0.0038591673280126935,-0.0009182358240949207,-0.004716822875080637,0.030327541629778576,-0.008972739910364671,-0.007415093325664902
0.007206255051095435,0.0023160516699792383,0.008343463724247525,1.4732708933073755,-0.022535069390345885,-1.6300511415992247,2.2638474601863834,-3.3745742301782187,0.02542214758389924
0.013753369788164809,-1.211860257137769,-0.03901789148619705,0.0030153278776545375,0.0008785860153123215,-1.5347443130605027,-0.005443528391934585,-0.030975243254614943,-0.009774395613803596
1.0447570443808347,0.021161730456647227,0.010761475563960995,-0.0016534132083275814,-0.0008916022596160145,-1.2219669015128143,0.01976064780241857,-1.0737370216318258,0.0016042955052802746
-0.02491701357078266,-0.014633141883954896,-0.0316241826850559,-0.006657439127173027,-0.04691320177865688,-3.8779740564658716,0.005227523262506639,2.8240631661191644,0.0008199288615947792
0.006435745341863324,0.0005006842187816314,-0.001444194651464779,0.0013426156745956679,-0.001164531458514397,-0.0015526507927389756,0.00039077588447072035,-0.014052429987704161,-0.004396880026639978
-0.003853858620285025,0.0009136489434114917,0.002498418323442043,-0.003321289264323453,-0.0005962836577336648,0.0003791766727194845,0.0015321404322135438,0.007775773195573754,0.005311323985888581
-0.0032144180355704356,0.005463060727205114,0.013419773201806115,-0.0006259450033867734,-0.07714411652890617,-0.0017961954494312565,0.7131783573218653,0.007806218184496848,0.3339585737288894
-0.0013751110775053067,2.014669142512844,0.007693019532209133,0.2764135273797287,-0.0032093402178233824,0.0018984106479972805,2.6642625136272393,0.007428169873979747,0.01516618905960445
0.03808227670810116,0.004856615617921247,0.0023731037552182227,-0.0005999739293266104,0.0009231635533595017,-1.4392857342939085,0.002282647648013572,-0.7531649582841234,-0.0023670276717033985
-0.06783270915036402,-0.013232939813350164,-0.001449229953261695,-0.0024525999504197357,-0.0014262252580303225,0.0005356455004489752,-0.0028214954435373737,2.314198412342816,4.0049454131175395
3.382657042470296,0.0057163720431634875,-3.9006676460535976,-1.2968733020588306,0.004748191354347675,-0.001590584328253309,0.006676683641231668,-0.009624342913344231,-0.06511140365659052
-1.8978211854136322,-0.02616579530902715,0.005236569619316761,-0.006269784964811337,-0.0002638109533509847,-1.983191411821212,0.008817288640039667,-0.017730026610338036,0.00711360833865565
-0.35210844968331856,-0.004203407115234448,2.2198224502756583,-0.00038311821527120863,0.005907169431473341,0.011331934794540895,-0.007494469329701598,0.018095128352111092,0.007157175554857193
2.147560181724878e-05,0.0030314788475554535,-0.0010275419543535622,-0.002762550247810686,-1.6005951864122843,-0.0018264620214965832,-0.0017349639777131738,0.0024266556858998003,-0.001177822058115669
0.0037615750483804117,1.7384902629894052,0.013794444511719212,-0.00023467179236943237,-0.00790767969121171,-0.0033118068887663644,0.006421331248942473,-0.0008413816537708968,0.0012039100885068372
0.0032695396278384753,0.03329234256023976,0.09537591186694866,0.05085692466426069,-0.6505887957330518,-0.0020252164447618843,0.0023466843273342785,0.006859956339286502,1.8566553672085626
-0.0034035370875309928,-0.003942478630106244,-1.9591065961428038,0.0037968652454382114,0.007749610545749852,0.7537565907324268,-0.011886003865149805,1.3812525630556827,-0.004031389173201602
0.008304370454944796,-0.2480228808642153,-1.590875974902854,0.0007578017297643,0.14884972328041002,4.718476044138938,-0.0878735823104364,-1.2558756963298672,-0.07562433832138721
-0.00021776041693410454,0.007212124670154084,0.0029395468282258958,1.3385602471288927,-0.006645483188034606,-0.001178828369420902,0.03481019640505348,0.008341993434501666,0.15139124249296865
-0.008257909219360454,-0.004832137485067611,0.13020591880730403,0.0025477418961988643,5.204852957830872,0.010810496130785885,0.0025083351210964254,-4.4402962119156335,0.052811962013823766
0.00796299792535797,0.00026386606899607423,-0.0025568109352131357,2.6847807354940745,-0.0011934975466719663,-0.0012998827234538199,0.0016417216265503104,-1.3817369341544223,-8.306046049016357
-0.06760120116553468,-0.002152435750118902,0.004851989010587535,0.04024987713029448,0.00037939387205131875,0.7129260316594795,0.0009559363992186348,0.030767764897052307,0.3584411099774793
0.11670739899226035,0.06067480090199745,-0.00018370128685959,0.003925717606221319,-3.509238942051805,-0.004426542378203224,-1.9924767343500296,-0.0019394693431832926,-0.012612020051995677
-0.0068847692566397865,-0.011822927010886474,0.004973751420741502,-0.00435786526589358,0.013328146138911416,0.0029076177599185052,-0.003965521131843342,-0.0019022016607486538,0.0016286689169889036
0.006258063698852307,0.007273098990483478,-0.004942152562325498,-0.014539164932336453,-0.004534824921802712,-0.004811334743181352,0.008670053208956092,-0.002273497616203984,-0.0054173835711624095
-0.0002508081727316306,0.014474986530147902,-0.0010729758563654442,-0.009812819610520312,-0.0409966957841818,-0.9047230052282574,0.009910518857608762,0.005795790527608395,0.0006250877946761971
0.0016678815856402465,0.010628178804709863,0.018940510421740324,0.0015590258737168679,-0.04805118233492025,-0.002953233295172264,0.00484877662422822,0.0010335947530754014,0.004779127493511114
-0.0010623504766982816,0.0765036601550797,0.184262383603657,-0.001359086729832884,-7.012166007208373,-0.0008672328581508237,0.03239669089979405,0.003032436144267521,2.1612098450021158
-0.0016726264497397263,-0.016090103953890274,-0.0025107110433835824,-0.0021784302939521563,0.0033109373828587338,0.001223634579119531,-0.5867760442225626,-0.00376737264291864,-2.477307803987883
-0.8908116894539283,0.002288736105903778,0.02021234627169531,0.001451463547055388,-0.001503291570838226,0.0015269732805787122,-0.000279335305131927,0.10422887018933,0.0278263311431736
5.876750759390003,-0.004618272837595194,-9.536793814576594,-0.00806382382922963,-0.007637665075268973,-1.2639856538211447,-0.002117828811856501,-0.010602884027611875,-0.030464874279394705
0.0002832744330765538,0.053357329782299456,0.0032340363032004223,1.6637043468981738,-1.3170991989134053,-0.001832179837858619,1.2549372023720171,1.4979012546045665,0.016938981598480743
0.005653676437739639,0.0013230970386013652,-0.011803357091781427,0.005155908697988026,-0.003782736236760986,-0.002215076221585163,0.002900130278924599,-0.0018580353531392057,-0.0028755217620015034
0.008611425502517318,4.319949164334595,0.01119366048982004,7.321306770874942,-3.1579835769615734,-0.24389653200918548,0.6510891414550062,-0.00841924321549764,0.008372185034872803
0.008647577541643107,-2.260054266789866,-1.0932545863457273,-5.6055905483731605,0.015619808417577541,-1.7982694155793766,0.006984920052863247,-0.14763627397595097,-0.008757521415322975
-0.014016774569768672,-0.07023032055428813,5.395653311996962,0.017347846158271386,3.182259716339786,0.026871361007492545,0.0019646974738531282,0.0003264235258082799,0.12825216119741314
-0.0028023477805532646,-0.005659813274884462,0.0021677791318191982,-0.004910350326722213,0.7570673848712044,1.621734180642814,-0.0022420832441651384,-0.00409299552402638,-0.0004773427843426416
-0.006277697781717051,-0.00827529750775055,-0.00239845836130596,-0.009907213017409149,1.6699788709538441,0.011750586143649766,-1.006294247869341,0.0011661901586382598,-4.419553998767004
0.05080136938814892,0.006591552195497535,0.0021988997737650354,0.0032289912596683516,-0.007005853042573035,-1.1801621401559397,0.0009331612950597978,-1.8168649209530248,-0.002441905116611673
0.0015743435566315921,0.009782106312180433,0.007692947569943088,0.00021483852265353175,-0.007925116615809224,-0.0019293802696631168,0.007999725890521022,0.003800056437667204,1.695693010340263
-0.010334985481074192,-0.002061701877584046,0.001678127919508217,-0.0056186114291268165,-1.9908217213686008,5.213468646749625e-05,-0.004980862830883339,1.1426181331507845,0.001064842522185229
-0.005389478017002555,-0.12878722004347803,-0.04089792098546106,0.00408582448824091,0.8614385402864375,0.02156782244120989,-0.009081156419921839,0.0026405161235797643,0.00011693792416028704
-0.02407024849022173,-1.9433569273455245,0.016193912549507243,1.2255547418521346,-4.1818925853486375,0.006979234129629919,-0.26167467034823527,0.002387799914098013,1.4953138513242092
0.023523213610097238,0.0036437733167126,-2.1063526524302607,-0.01070396273045418,-0.0006336995961556957,-0.9575654235321744,0.024480340349990165,-0.01816171565430537,-2.377675892310529
-0.004160302193572305,-0.008914644151394743,-0.0013488952629719883,0.033406047919984624,0.00027052227537745395,0.002787391655877422,-0.4163211801180025,2.5758355650295064,0.0003265035659041765
0.0033489677216806306,0.005811984655242769,0.03387645052874817,-0.0014852929959711116,-0.003953441455907716,-1.114666931917243,0.00676094583037512,-0.0053986207281235135,0.0021962479233928927
-0.2221342789203351,-3.3753160612347495,0.025534942362748232,0.0016668969877985736,0.0025331510036638305,0.006648326507036538,-0.050619889372411464,0.003403356506130745,0.007083090069595375
0.002676751103707116,0.021676622323184593,0.004319435713453886,-1.1979491192687257,-0.008970157377052472,-0.6429556392273941,0.03333146732625242,-0.0004146551276670308,0.0007895978055665748
-0.008772140532352524,4.806932722198242,0.03471769897269003,0.23846079601294262,0.004025057330171722,0.05978960197277663,-8.734096251352547e-05,3.7503508742779275,0.02126499301093833
-1.8893155851475847,0.00048571655660234204,0.011960934474050666,0.012970617514892424,-0.0005132363158105377,0.0038945654686963886,-0.001928606056344524,0.013702933356363753,0.01792259385815287
-0.001449308298497376,-0.04278272597894739,-1.6580166403903576,0.013380462954067474,5.140503474579802,1.4860408758061077,-0.3435504667115743,0.0030974581422409386,-0.008789785460212543
-0.0030327651682876475,-0.8580794119279251,-0.005377142217285691,0.023506330542779466,0.00048770513818026384,9.885412844718756e-05,0.0007804639962819514,-0.007397562123973037,3.5140322886334006
0.00859249648974402,0.004281157529003158,0.001301478252882508,-1.5508026853389985,-0.006009287626127768,-0.004504903661651631,-0.0019709942893565576,-0.0059271864021024755,-0.0474829544251321
0.0034569800775551157,0.013606703620117755,-7.488276096828114e-05,-0.0046919561232844735,-0.01131514465021307,-0.0025875849076088153,0.001507527626709116,0.0025555700879790286,-0.0030290744407137746
0.013585023244959749,1.697430278725296,-5.596539230075309,-0.00018147914365132653,-5.317629891497186,-0.005650002306219037,-0.00041212761085772376,3.7934172038848213,-0.009164598149480133
0.0006204127948624093,1.577684856696824,0.007862117188830356,0.0019677204714178415,-0.3227079376375377,-1.3071055208325755,0.00775912201645379,0.004637408472962887,0.003763001310898342
3.8759346435077884,0.005570032904520621,0.7674363002512279,-0.0013730519936722926,-0.00723905947148322,-0.026365818064464724,0.003980132282683235,-0.01568875898932153,0.004431121276157038
0.007794839979706077,1.4386094774783915,0.034177190053445064,-0.0027003674580863956,-1.6534135460677062,-0.23527946967282842,0.013217046641398313,-0.005267563729519677,-0.00036094189181211053
0.0014203605080618281,0.01572438400188726,0.7034072787226155,-2.50189308321959,-0.0004392123825074021,-0.00020589699498566743,-0.0011802320385717287,0.0007485938073708207,-0.0020035037126471256
0.00038300529493062556,-0.005084181862871465,-2.1340611383849266,0.006858187828110234,0.021167073464450126,1.024786145887373,-0.014115597949864805,4.76192856236505,-0.010167243453037933
0.01755220901322202,-0.0011102233139236375,-0.0036841336157386467,0.003873699452269959,0.37816983842436436,2.9571483767047937,-0.018287306238282897,-0.0076303145395221345,-2.8683161129042594
-0.012180613053912479,0.004444436660179227,1.0773828298381694,-0.005887941273018541,-1.1539553819537485,-0.0008281065689683259,0.4880859294203102,0.01165012551090043,0.10591357474698886
-0.0030293967241182464,-0.02764758261574844,-0.02704224588493745,0.0019476907164708507,0.003037643433951631,1.7235389076353114,-0.018551865723755667,0.001527929718012438,-0.0029639427359479144
0.005619771665852796,0.004289344700111719,-0.0011028617709328756,2.4780984859305097,0.0057494516082186534,0.001025291450928105,-3.052245779566724,-0.0030385445492903647,-0.004180447245313546
-0.010991429873346819,-0.7392856319865402,-0.016513786752541983,0.0026734551064735482,1.7415281064145085,0.14171180411834383,-0.9331495261714742,0.006761656370531159,0.0016883716830976342
0.001790155897766726,-0.0019995683979783137,-1.940080637834137,-0.0014037415058798944,0.001041440684845842,3.990794695634672e-05,-0.006527446175909366,-0.0014498835884722634,-0.05931595759240411
0.009084617490194775,0.0011813901317152893,-0.0036262279981905156,-0.0029258414313026323,-0.001511037071290982,-0.002758728974947807,0.0022902363712758796,-0.02790115791489378,-0.006641403158313949
0.0023699462898685505,0.004186301583657429,0.0014043271554735534,-1.3304710633286287,-0.0028979575771680777,-0.002242362598747651,0.001839230969200066,-0.0018195607589551962,-0.002401595928965136
-0.00999146165081452,-1.8502916496498625,-0.019071195215832608,0.006833808506101713,-0.0018619302095764234,-0.00044964472626328293,0.002037502088557585,0.0003387213518602217,4.786708007019207
0.4953108102304998,0.027749688441526685,-2.006560363975574,0.0054262721606186705,-0.008934177272609926,-0.004954459323350637,0.00506584317519735,0.0014476722059248253,-0.004912957556239082
-0.000985192047223585,-0.00775090000030742,-0.006968610032594927,-0.008362433591919655,0.008726793903272734,0.0017573517387090198,-0.027096779671476147,-0.0021625999734221696,-0.5350124825838486
-0.00634016236241652,0.002793459565453142,-0.2948069304113824,-0.019545545694529536,0.009030657607517145,1.3812080456720084,-4.314811649427236e-05,0.017258169026016484,-0.0037719302293226058
0.011786973607430654,0.010006238036508158,0.011570695276307233,-0.008646775495592065,0.07334930149293606,3.264531233233148,-0.0056012585305232065,-0.008003205111900738,-0.004848284477753671
-5.1146725619580224e-06,-0.002026033489591196,0.0013324864491195965,-0.010658013610958014,0.004131238409809302,0.0005869545581037037,-0.0012587181165929825,-0.04487175757237766,-4.196787520296241
-0.0008654032854409667,2.9212926108205024,0.0075610282233337794,0.00016229149483988192,-0.08495380750842307,-0.7793355777832083,0.07290818818212441,0.0025427230931624866,0.005448362582771616
4.343898071241463,0.036927502507130616,-0.00866378567445272,-0.004995524143580461,-0.01769125043138764,-0.5800454102289381,2.0906626153542085,0.011104790358366978,-0.004525706944685209
-5.971497429537129e-05,-0.00028969066267821303,0.002689995120451795,-0.0032036211023293193,-8.705519733451867e-05,4.6970449712657554e-05,-0.003523491374452378,-0.0004576225459671932,-0.0018628209139902189
-0.003768439236350049,-0.0006990556740435207,-0.00020670318839056175,0.10183602145814362,-0.0011816460821870124,0.0005462444207207603,0.0017765468170807923,0.5492713323253816,0.6351900397967921
-0.009013797081427546,-0.003582932787919052,0.01663155341654189,0.0072781438516000205,0.007087607053061037,0.006974078041887504,-0.014731000190718262,0.004913052207104043,2.7592233597288662
0.0340653594719913,0.00018347708877095026,-2.069691788968934e-06,0.004420693559886387,-3.9669848571997717,-0.016411814523048712,-1.3906464544395953,-0.29437822133246183,-0.010307561061692882
0.005973497724810782,1.441859181512911,0.012823645103901864,-0.00035035989966822334,-0.02754767614373422,-0.005632241329268943,0.020102464614491902,-0.0005703482299057039,3.6968215695467745
-0.005957685377211497,-4.564322651440958,-0.00657289097481039,-0.0023919305682498335,0.00597434616561518,0.0031869976041778154,-0.0038141891852443155,0.00221520011908364,-0.0006484644235712584
-0.10020565186267424,0.001827253352605019,0.8152527751702383,0.0007603793009351694,-0.006061792092981577,2.37806854889548,0.0025279445988200255,0.014513175975836602,0.6592288918760305
0.00012376382726693447,2.5643312669480824,0.0034188264257267176,0.004620317868690486,-1.7349259372702255,-0.004517256549226273,0.04467457407305983,1.6867910460584938,2.8589559256171855
0.0044004542818687755,0.004264477741455247,-0.00454007410515982,-0.01548503552647392,-0.002281727241467009,-0.002513707560640062,0.0032914412498325813,-0.0025647022957355084,-0.006755812444699895
-0.021393987095431805,-0.0136710617607948,-0.005239450882679351,0.0001375282086582951,0.005757349501366894,0.5700219306661254,-1.450207778589569,0.009086364574252624,0.001038392714018544
-0.005869380826011818,0.006924703010243255,0.002529860628171158,-0.0038102249663558435,-2.644243615847103,0.0012434007809630568,0.0035348008490454245,0.020350842155210203,0.003945546283719096
-0.00016959539057408157,-0.012284546578319816,-0.010947068686514818,0.40864394309592833,3.0563720488866637,0.007008564449513088,-0.008569289254834266,0.001103597067882123,6.145100400961959e-05
-0.0025595394564013885,-0.0181612906758281,-0.004550392997888228,4.217102146477497e-05,1.2866450944414363,0.004870688948511514,-0.007174180228787602,0.00024234691520429175,-0.0006992972323264898
0.00770097203530444,6.960645446762761,0.004968257791841492,2.35762267329806,2.742527828236474,0.004202300039939259,1.4357848368728234,-0.0038390213174599452,4.116054768485759
0.0037186366465946294,0.1900440433941868,0.009886031069032238,0.020496238769038104,-2.258720863750699,-0.0015274947650729537,2.942821082445944,0.0001422024130253753,0.0024354447306734403
-0.0006734951977859609,-0.00038208867615188713,0.0014305534893561725,-0.0024278570896094833,2.512829522131535,0.003011022126964233,-0.01293718507214593,0.00035517407469896727,-0.001760938404585694
0.0595937870951979,0.010715865872258694,-0.0008374671682839481,0.0165819957223732,-0.02653159115529849,-0.34966255669708735,0.07888550475531936,-3.80888110722507,0.0040914335259255585
-0.014225675513541106,0.0017559946442830456,0.002841042890275834,0.014764878183362513,-0.001080003255653439,1.2226079586146512,0.006843694838608534,0.01348496862171491,0.017076802411519265
-0.0069488803616979955,-0.029215268094654356,-0.002699119067454403,0.030362315527832195,5.937776400156093,0.023064301975795343,-0.004318477681310365,0.005654736711315854,0.005785535712538202
0.0014114093274561975,0.009197126936008555,0.0035732385007787608,0.010778144145473742,-0.013855910842275752,-0.002321917956824038,0.650181185857441,0.003173685775863619,1.5062260486928238
-0.0036923348477989194,-0.007963788726548647,-0.003158642568710667,-0.0007180462127999475,0.08251760976156569,0.5764058797261067,-0.005950734146820926,0.00013038909842351724,-0.0012797705756079926
0.011622601977298018,0.004788723466921765,-0.007232599338036896,-0.026441221267393126,0.006073243002537421,-1.821602095536214,0.0010967766919414146,-3.6842573846895554,-0.016740390201800986
0.0038462029683172666,-0.007681131359890413,-0.003773107123272716,0.06577708172147043,-0.07900554195850162,-1.6488587736460762,0.009076485635617887,-0.004712392819876544,4.525266668485619
0.00687964505529251,0.0014607364955260965,-0.005846219134085584,0.0007177003665149381,2.7090534997627116,-0.0014526652975042006,0.0004339025614335876,-0.007046354242091903,-0.004772140690512554
0.004429488539440865,0.00043491782568779553,-0.002991462021632543,-0.0844785369429691,-0.0017985414294278408,-0.004068860297321228,0.0027187381157194376,-0.7925169562994017,-0.007838710896601089
0.002881711251609763,0.10681315223077713,1.7417477770654317,0.0009762012400711045,0.016939264892174954,0.864929885084914,-0.005574812418463276,0.0013505389875239568,-0.001216528444571572
-0.019296585568907423,-0.006133804461020374,-0.0019822329294939753,3.364825243052633,3.7464593299590954e-05,0.8972440665484454,-0.0023366371317377344,0.021089210830679713,0.0051217060107538286
-0.0036227307494984713,2.643468278990362,0.9991100684380749,7.07288285416105,-0.01560630965891581,-0.0014300356721575107,0.008353956753967318,0.013624812926041811,0.0529082883451128
0.014236642986506065,0.023811064921656078,0.0010043204565540647,-0.0006394542306072774,-0.0005001278061137703,-0.003019460106237326,3.4562208221818413,-0.005997176149480907,-0.004054288490825763
-0.009957192985385582,-0.005594540902696149,-0.004032237332295772,-0.001437854953172335,1.8098617038520843,0.027875245360617307,-2.1368513563782856,0.009746823522261631,0.002307113781184752
0.012524954881084488,-0.002349314766769816,1.04525389824365,0.025822914932598032,-0.002821193467243799,-3.121424891801207,-0.003766000822218285,-0.020083983946927148,0.001568714087169406
3.392808611438348,0.006283626795073841,0.003229920149451556,-0.009099492925864672,-0.006688318749668853,-0.3559912531371992,0.005492462386941448,-0.006505313334696683,0.0004701322061339275
-0.0028288212480508156,0.0011191125549619675,0.004086140724415499,-0.026718445409864296,-0.004032456105005408,-0.0007484087709684101,0.000767233128919598,0.004518920914943981,0.0024265636249219172
0.06934979334954663,-0.001185242525788434,-3.5884576424012646,-0.0017595642753229857,-0.0016094234057854595,-1.1858150158621064,-0.00332507296202178,-0.9827148140469979,-0.1743312161101822
0.041257164260234305,0.04183970047610658,0.004926099541771127,0.0002096600781643686,-1.042987850779963,-0.052581270519942575,0.0025445250336639555,-0.004624240277354694,-0.003029825945820383
-0.004306104773237462,-0.00292930898896045,-0.008334186269305415,0.0006087917501337477,-0.0020856632121413936,-0.00031515754464712616,0.019549192817286877,0.00483391083805169,0.010248112537658961
0.004798868507764842,1.1539780902953662,3.491291546967388,-2.442826789058384,-2.791077289488274,-0.053951386796798784,0.4157442706391832,-0.004531258348217617,-0.0007314054641063654
0.004898058961895336,-0.014227458085340802,-2.79398865112843,0.008459159511102609,0.004906761063947357,0.0005255312353049059,-0.43401404667638294,-0.024485699092598727,-0.03645423726493562
-0.7308071105748424,-0.007637625599214774,0.003881798507943273,0.016004177144495747,0.001864608738046611,0.005850458755233232,-0.0036914397632165728,0.005222948442417605,0.012697859840596192
-0.00839633567170496,-1.4040373144572666,-0.0014424838568616108,0.0006274901566935059,0.019329590933466395,0.7129298214888131,-0.0051277740746920805,-0.00020768008437381036,0.00038615639874710773
-0.0019026692732180689,-0.0014318036626692204,-0.004452365233071057,-0.001055814036548905,1.4280898532253268,0.9828045250257622,-0.005041953794427553,0.0022768670299492463,-0.0025446335155199723
0.002224065505796933,-0.003209853225449366,0.0026262563017558672,-0.00024295784781485502,-0.011561588924113658,-2.039505020282882,-1.2950330007441107,-0.002694905076394978,-0.002898759206170838
-8.811287991084384e-05,0.005245594934322643,0.01775981421629212,0.0024719920162916626,-0.7017073392326241,-0.003696134094196722,0.015778244848998476,0.0009607036965242352,1.0815078828218687
-4.070639560805088,-1.3935088062570766e-05,0.003373557718798388,0.03243483197411607,0.005610354832690317,0.4357048186482393,-0.0020458067315447803,0.0162901914221948,0.040143922074248495
-2.9660324844904764,0.0013170103391395155,0.008799685090067857,0.015088980236093584,-0.0013234132198880755,0.00550291223148517,-0.004590021551106244,1.0294148683418478,2.2463550511379724
-3.1415447902624574,-0.006212557360098065,-0.0023614060159650122,-2.6007128473875727e-06,0.011882887184113733,0.008362213556435778,0.0007204720485259226,-0.002863883188238372,0.0017077492107240508
2.043409096459202,0.005771465856464604,0.0005603684705953894,-0.012476171379415636,-0.006198906736368352,-0.20814762323706992,0.004579161049804482,-0.007288113855523992,-0.002958004656368758
-0.002918709470225881,1.5218968852819517,-0.005060089865967886,-0.003109277634892633,0.02498725083464999,0.007853531446475756,0.866893447953744,1.1816349780417055,0.0018950319560415915
0.21804592431009207,1.782614160122094,0.07887053042610803,-0.022357201606579002,4.487082706169321,-0.00407879071981275,-0.05121356363160984,-0.014312701213884288,-0.16403887982407328
0.04109741760148025,1.120949848508569,-0.005085217378150188,-0.10416236144096153,-0.01037015210437655,-0.02280690954814,0.11803277336726042,-0.000663919266999699,-2.7269282948277622
0.8966848865081214,2.9042172039775176,-0.006085967782570674,-0.008309421580065725,3.8303553462253213,-0.0056237318456014845,0.002728737584090035,-0.0066372556313230155,-0.01807137101611181
0.0019781138981702817,0.004071791150720338,0.004492944936186101,-0.0020546897146658184,-0.0008547138740848877,-0.0007412023045765419,0.001200856468633305,-0.00207858348792168,-0.0004248612397460578
-2.0066578583863857,-0.014116117886368254,-0.00941374250042906,-0.0007731061142043898,0.0034273685974924653,0.011555305148822803,-1.573591000198463,2.0061009119423368,-0.0029428882870113915
0.003040717831754033,0.002370837600116948,0.007220267085297229,0.008978780376814842,-0.5210077536494565,-0.004715525355254423,0.0030875476889654237,-0.0022770611444979318,0.002308901473808378
0.005544251569700412,-0.0002853041243672805,-0.006513542397446397,-0.003420174885932395,-6.5454734476733,-0.01318422062261665,0.004085636535351265,-0.006203189800300237,-0.004689488164203344
1.525370322153407,1.5529245762874346,0.037678717817258636,0.01652380139379335,-0.5177129367457796,-0.020537916666359513,5.510099701357536,-0.0044009710084859585,0.004407734696291167
-0.0009903047639665148,-0.004247487257667725,-0.0044361376861414385,-0.005485821280864394,0.02059574372518801,0.0025214397697001004,-0.010414797871184444,-0.0009413973206395666,-0.008726799555487868
0.00326453432181556,-0.007740561538153511,-0.020189230330529946,-0.018355694557850646,-0.012648192014500154,-0.6084535081780288,0.005403614765117186,-0.014706572561489273,-3.974715786491916
-0.0025197197678958555,-0.019664561800702952,-0.010676915930415289,0.011148727617175795,0.29362537872134986,0.03537496715499161,-0.18385276391220107,-5.928532813847718,-0.01169458569278159
0.0019306866221219855,2.6099372770824543,0.007819316220156417,-1.8160216744163211,-0.004258120127368155,-0.004014630030784833,0.012634286716038168,-0.0016644679659837337,0.0006892645043186816
0.008827683273328259,0.012604926478980087,0.004777225665394217,-0.03932085360287972,-0.007750755252161153,-0.04843052536647163,0.2507787355307461,-2.3426115419575586,0.0003354194614260085
-0.0070687927069315246,-0.9240256535254612,-0.020222596499670013,0.0018202934164611938,1.397402533334135,0.010223808703003101,-0.0016630886961677017,0.002431978444859473,0.0014065259055716117
0.0007746783504734195,0.00324830244264858,0.0028528617074359483,0.0007781887014557142,-0.0056128221310665395,-0.0017172375959474786,0.007359432839392077,0.00018582284245514225,0.004214055153810552
-0.062336590353467745,-0.02256058706484827,-0.004468975754831683,-0.036390632480131455,0.0031466141212724077,0.0026596222743209387,-0.04000074538401495,5.268097844013206,-0.014346376853251797
-0.00999255356047788,-0.006678921161554756,-0.030798133599214496,-0.05324614411198121,0.022285986314620875,0.007985075336946368,-0.029630712105054635,0.011406938656752325,-1.3477424965827272
-0.13269900232348197,-0.027769547844091712,0.0035293105938569184,0.026395461888161907,0.004836805539150758,0.013482105493984306,-0.005797200750296241,6.114824729881855,0.014227764710140811
0.038148412272999754,0.0026468426973145463,-1.9689248765561755,-0.005742755872882931,-0.0016063168580077447,-0.9069337647928252,0.0005494329410604473,-0.007177030420556314,-0.04610615651558993
0.015769070103765933,0.005336970578891769,0.006484172348926452,0.007561319189303534,-0.00021682657405577496,3.207231085293385e-05,-0.7685135911000881,-5.457018917739371,-0.015046976198264006
-0.00616474524381534,-0.15909464510279536,-0.015571028489403078,0.008665065750652588,0.9359704764983956,0.382619157764275,-0.002607264045794592,0.0017131938575563957,0.0016840417063102553
-0.0010013668698252032,-0.019313425021068368,-0.7461390142869877,-0.0004714700081890309,0.03747696895634661,1.0199238338040464,-0.008444225968886568,-0.0004496476107212193,-0.005002652808131785
0.12117835385227121,0.006320774586815485,-0.0010838475555466059,-0.0024322123296922305,-0.00666245719289709,-0.009749954562857576,0.002345764761407164,-0.009490862278100401,-0.007568488491164128
-1.2500634475203227,-0.004439243735176727,-0.000505757780314163,0.021798780107856203,0.0022503756002493908,0.013593474993251675,-0.00316528791887887,0.03647882713983759,0.0050527427473676355
0.009101124700838745,0.004913436847210958,-2.303125535858271,0.0021992404509175566,-0.00161952814010808,-0.0007402033301713348,-0.0024238672952052124,5.234166447706814,-0.15562588460447235
0.7889727904160512,0.028272971777440113,0.027375763986076884,-0.0015201621651151664,-0.004473528788378254,-0.00838668150778124,0.010507229590970548,-0.008665972193352287,0.0013494080671866615
0.010238743524754457,0.018183021703872038,0.0005977942125282992,3.0028926193478256,-3.6397939591260595,-1.9615806677255492,0.9908057571317017,-0.0011408052523654844,0.0053320359989412446
-0.008104738333681447,-1.1170131538359005,-0.00333338328261068,-0.011210379870885866,0.01370518860014771,0.0018923319705805453,-0.0020233926231515743,-1.7150601714302975,-0.0032098878633628897
0.0029581932957205674,0.015081582401396898,0.0029071716134077903,-0.0007110731253918683,-0.9115974732805303,-0.006569412554150979,1.4211243693916709,-0.0011598841302144919,2.037058874894849e-05
-0.0011273063676099458,-0.00041142689102614816,0.0002318560785386205,-0.07379793286149375,0.04730666219177879,0.002362150621511159,-0.0022643624720094045,-0.005610845864249876,-2.4710445893706567
0.008180013651999059,0.004002742289416582,0.0008192371613811659,-0.000500620327242518,-0.0019564562653932617,-0.001467718707961352,0.0009697083586898688,-0.008156151664823162,-3.062370459345194
0.07908554782341101,-0.0023188786877074707,-0.016387438221615962,0.010533722459996588,2.816872051599411,-0.000856669223853565,-0.021026362849956123,-1.1816405490088262,-0.04788112875509726
-0.00019531462566244094,0.010268808419459083,0.04764050313651802,-0.001033361865479563,-1.3074396901229088,-0.003526254639422164,0.003595066981877971,0.002810056358908561,2.779306596084257
-1.226880573036427,-0.009730632097598474,-0.006701539645702934,-0.00012142162434042265,-1.7000915837329476,-0.0001277613282580324,-0.00017333316310361505,0.033833801213769076,0.003935525336709898
-0.01002589425269639,-0.00670702080379743,-0.00023817799196296837,1.4081599733925407,0.013231675959057287,0.1896469182303123,-0.0020173468211171454,0.004549387019720511,0.0068233012193935245
-0.0035281134893829693,8.166087536100978,-0.0002698123008182396,-0.006701886392755024,-0.07450364217449756,-0.6617797984317884,0.02034957776994134,0.005224978437653849,0.004198757168173683
4.321600149746748,0.00489760296906977,2.0028320297475264,0.011453448085063383,-2.0674710297502186,-0.0017458946948282206,-1.1944866832543846,-0.00047346363644429346,0.003918160991326025
-0.002860761145330638,-0.11897675867002144,-1.110002002979001,0.001354965598655388,1.3683213060356434,0.004448156201693899,-0.0052910491851631035,0.0007954690303108329,-0.0007603292651364689
0.0060833540629824275,-0.0022648715268547837,0.004483107309876002,0.02490603256592583,-1.0159770277629434,-0.03143473210940195,1.1773360508257562,-0.009997536371170374,0.003629039493780165
0.0006262688139822429,0.018746084662538486,0.01325164507772298,-0.001288824479970683,-0.01491322481691928,-0.0025595485786013743,0.45832802166321673,0.0012205501209192414,0.005714634268100733
0.00025575410176467694,-3.2103683919212322,-4.907444820656465,0.027908106560456947,-0.00021163818520074373,-0.00032014817315195385,0.0017578710868183522,-0.007883760555311814,8.709504766637737
-5.8535615877796525,-0.015948161944036227,5.9455551253855194,7.0438358983769245,-0.000648194224324744,0.0034084764393980116,-2.0608179919436234,-0.0021540480403035855,0.025369962916652167
-0.005753355083697516,4.162175429045297,-0.000492347988767565,-1.3787718142151544,0.0032415999967378983,2.6321945748155993,-0.0183167456400814,0.05509097536112961,-3.401371080938674
-0.003838241784776544,-0.01293211012057356,-0.0118782097781682,0.008072408881053839,0.02470403886047703,0.013058452528066568,-0.037614810663064116,0.0030810415953544923,-0.0014173637679836652
2.8892185277813063,1.0934711907186134,0.003526486348459229,0.023931324139926408,-0.5243420916795563,-0.8790398076824051,0.15405907736180158,0.0042683233591326655,0.012598313688022264
-0.04251893208808752,-0.01228036941245372,3.162895373993284,0.036674413418951335,-0.057910478069899796,1.9521444190666393,-0.03708776644402101,0.014445638706016853,1.4576036647652968
-3.6109998796879954,0.008984355745015035,0.06846074781138928,0.007304912657309072,0.004528910079671489,0.016823375041392752,-0.003439213018698567,4.921037739794368,1.5738617962066037
0.0026899145362561,0.0029679187578106406,0.04345248583817791,-0.0009058511562965652,-1.1841687811227533,-0.014428983547302925,0.006218681099332472,-0.006869301824058496,3.6182733566353558
3.8273019106345805,0.007642966492426351,0.001316330755821769,0.005830686768403492,-0.019354862682179508,-0.016981968051934415,3.574524296501731,0.0009284829895316038,0.0027845027656694943
-0.0003157496012561045,0.18522593173691448,0.0025066750069688316,-0.07790807426798085,-3.4039050881409354,-0.0015522593283181507,-0.0005600796166199979,0.052405582760950864,-6.102717850243762
-0.007761292759310837,-0.001876240235122921,-0.0037127690423506138,0.011530735688273397,-0.007949985002910887,2.775667912787529,0.0013872784531189786,0.8611227901701501,0.0039213048374628495
0.0010805341043599107,0.0035093207620823658,0.008789034764915979,2.998782802274448,-2.817056095847854,-0.0010759362442518544,-0.0022564062615548926,9.810521740653052e-05,0.0019543779016569472
-0.0008812100450733616,-0.015879544624134885,-0.017614579266560213,0.0020844099057849824,0.011958046078626418,0.0022347536224270256,-0.014293732074111741,-0.005541141994874321,-1.0500280673728668
5.197637663793421,0.005076117980781506,-0.002835144120301527,-1.0745500570212212,0.0015786214533683174,-0.0005081863135031388,0.0001104369468126129,-0.0006322314860293675,-0.011218287853978742
0.003776520350516982,0.004738019485133527,-0.002313806368625843,-0.020719112916546205,-2.889549979977807,-0.0366282141786759,0.008126125430946443,-0.004440793390157648,-0.0041763934993909214
-0.0006706450533219228,0.01471837470694945,-0.004477708969858163,0.001560712151788438,0.0013844571721026988,1.6613242687150969,0.0007216723237562089,0.013809086973888551,-0.0002922010817722892
-0.6497948056676337,-0.05973917510160333,-0.04010101610839266,0.009751399303648545,0.0014272555575317175,1.2084912717963279,-0.0014556760747010539,0.005692750288332458,0.002011812334653841
0.002687248525547614,0.0034682927183397774,6.721500813801714e-05,-0.004107064158685024,-0.0010016658038744923,-0.0005662170630156599,-0.00041727841926761123,5.1448467194053354e-05,-2.755294029195908
0.0024682019661525917,0.0003491246122572511,0.005211627828472062,-0.43296248229292844,-4.414389098648381,-0.0067215655235769445,-0.015134560406332931,-0.004756537798255359,-0.007693805088746989
0.0010287891956446867,0.005730628222716527,-0.007104316704974157,-0.005787172455996945,-2.4790149928620893,-0.005626158704613637,0.5005417838270806,0.0005386195885178843,-0.0010925351311704906
0.02027490709719556,0.16604568291001875,3.973374259738729,-2.3975453477414814,-0.08498069854948742,-1.268697863737585,-0.007202000428095379,-0.000897923559135462,-0.022770585073805603
-0.0020691954520513298,-1.6754764516700646,0.0062605160858921136,-0.002910340479680153,2.6616408323906393,0.0010268621912799258,-4.3115607071183355,-0.0040871579233029785,0.0007165131619209543
3.0739746426923418,3.668542496638315,-0.04361653171749369,-0.010746161987138403,-0.024724616684211886,-0.24638620730882366,2.2459323920162078,0.010467597182458876,-5.357326456054018
-0.003062190505975104,-0.0003325143145914318,-0.002917662751071394,3.092548854211749,0.0022048789815746137,0.0015068144893905684,0.004840636390098373,3.0115877298535834,1.861324287989163
-0.3449345268867243,-0.00039063713112057717,4.926194855937113,-0.0013321692169660057,-0.00048151522735637164,1.4055216677167481,-0.0021330997668897525,0.022677149271365604,0.006413209588163604
-0.002460324968798812,0.003473619968058894,0.0029467705277885763,-0.23487961014282707,0.022002010978131085,0.0025236061407079846,2.6881252640039692,-4.144250582118149,-0.0010460302655760367
-0.006112749490918799,0.003698780261313539,0.00400122993502707,0.005962768515503128,-3.3242438600095108,0.003253552320221176,0.007482073497559183,0.017303879987703833,0.012044391160837716
-0.0014531009467433269,-0.009865386002205007,0.0021284575941441517,-0.002884299978989668,0.001346584256389279,9.67656250732445e-06,-0.0004013829791586473,-0.010803015575499257,0.001108781097833816
-0.005386404552703165,0.00023206830076433205,-0.0017512608728555564,-0.002330989032079135,-1.7908539331322237,-0.0036147531342881623,1.0989310898150726,1.9338132077119417,0.006192468082475852
0.0060900495505516045,0.9475968655047549,0.002212748271569795,1.6362420537023343,0.0010337585047644118,0.002534878352826467,3.0558197222379544,2.939058665707705,0.005980968071886805
-0.004616454122520097,0.005244736409941109,1.8646887569341595,0.0026678010330970572,-2.564406861171553,0.0009548700403604893,2.5139315707921623,0.005747633996367869,0.03128185339258596
0.0037998449172606304,-0.0007784062492482932,0.0006531333744874065,-0.007514780048903939,-0.0009357154383078641,-0.0011450251293749609,-0.003517162682680674,-0.8534298748506314,-1.0478757062411526
0.0024910211137310484,0.004062572227582134,-0.006363949284619551,-0.0056063021416850965,-2.3047938958922276,-0.010045346805568997,0.012932270553886911,-0.0012170830352399688,-0.002202200263101779
-2.93749198464055,0.0037139813821142342,0.0026866695996308892,0.0006365958568113799,-0.006025382919510252,-0.0007632896206767742,2.849533148739232,0.046918910240110176,0.07989911653099913
0.0008491041964979896,6.2454875476328215,0.00223297557210881,-0.005479064916961578,-0.00023411785532451157,-0.0015987562519287832,0.9401914730653633,-0.0015833408162478748,0.0007017513951471396
0.7990972141289733,0.0183888008500815,0.0031204159979418764,-0.002282195799863828,-0.0038941741832779625,-0.00592579270468181,0.005126012033435139,-0.003857501413805378,-0.0010449859405353128
-0.006957131521172957,-0.032383120426053985,-0.003229379584075375,-0.014367761075814674,0.8332130412361147,1.0661574077190012,-0.02106386598570857,-0.0008183251365503699,-0.003806608771219763
-0.00040504884284048,0.011586704924711946,0.00581783069052054,-0.0009222553069150067,-0.23385939573690306,-0.8236915113193778,0.029160967262243598,0.00226091553886963,0.0046689443912906504
-0.0064707317641087,0.007024402333537488,0.01729911504207917,0.004714699061241326,-1.8625058938105856,0.0005631816012013555,0.007437113777823994,1.102376725449991,0.20445344554177391
-0.005737850615252536,-0.0035247910695340584,-0.0016396165727003054,0.017161288723327377,-1.730460342669992,0.001278531607680565,0.5663999193065821,0.01275416981019972,0.023828877323302564
-0.0031722690891761293,-1.2580135009974596,-0.015260292624468916,0.015366524326840865,0.007694030406802919,0.0024335657199876107,0.001345003642041571,-0.00010940050329121649,0.002680448602863263
0.028435895339057434,0.008762206187565319,-0.0037253786854273057,-0.005389982014312064,-0.004183390524403377,-0.401647514750364,1.8268651782821115,-0.009031000804877714,-0.00768281057415039
-0.08823375491043042,-0.00591625666929432,0.0047481641831500915,0.0038684103200996404,0.002398027143661524,0.9267766100046769,-0.003074886523484255,1.7770869899410466,0.009650839055367927
0.005121506576722102,0.011023206062723001,0.004154596895180565,-0.1358834797552677,-3.6146269545171137,-0.558254875586436,0.0001260931749642695,-0.005357864433395254,-0.005899732950999343
-2.622073046533692,-0.022899697478773805,-0.0076855029287038355,-0.0010500230707115987,-1.2833614149642434,-0.012920154658366661,0.006016241765179877,0.0007391189273587458,0.005625204193773908
-0.007478623236315741,0.0016855536392266042,0.02174020479077951,-0.0013107471209977788,-0.035534420760614305,-2.469540586927854,-0.0005073468842247963,0.002280441383279851,0.004155300603599237
0.058857930027808106,0.0033479520973753035,-0.00031997749793807526,1.6392230233453848,-0.010191835118743331,-1.5465980409466704,-0.0013837026845245418,-0.0032034975908625633,-0.0021103763143460116
-0.02460895673459801,0.0006717857499359998,0.017623565346007952,0.0031208726916569507,-0.006657151243741777,1.6499228365167011,-0.012885922645499148,0.6659915014213418,3.7134939176729302
-0.003670925598597853,0.0077464770699630795,-0.0012942386832238504,2.227323746933189,0.007762853739795253,0.6732460254231581,0.004691532942670919,0.013466794577323297,0.005433146019985048
0.008355082749102469,4.028019603832564,-0.0038191525023398565,-0.0021851199182690256,0.0014144551232922534,-0.0010803608597667006,0.0023252939111373383,-0.0019275407345301495,-0.003807662338691031
0.005091522381118027,0.014241478581963896,2.9199618729278685,0.01595033449434463,-1.3487980287332206,-1.5902285680206392,0.014255918245843768,-0.0013519820923135473,0.012953121006031638
-0.0020822068461603567,0.0011608879090773822,-0.007309679739916929,3.8895944086622043,0.011240311649201548,0.016788129724169126,-2.5055815009826867,0.009773198820274253,-0.0006576898477641336
-0.0008303884446916217,-0.35245576574454374,-0.006427212830922813,-0.10357664720202606,2.145388587980496,-0.00017878600920499116,-0.00892734010880965,-0.026010408236369693,-1.626871970143816
-0.0013108804415128232,-0.014420064196176002,-0.01714664859654917,-0.0012480003711494402,0.832963954089095,0.0037208637400910904,-1.6080303492425145,0.0005940706771547233,-0.003053460593287226
0.00017944583257370125,-0.004591707102225581,-0.01918222611573036,0.027863870403277105,0.001607796819944704,0.0008922892702998768,-0.002942548427184147,0.0016271835066995685,-3.671460834734276
0.006148560248099011,-0.01322030888311293,-0.003948767471422216,0.0011288879221366815,0.9849691064850159,2.421350073400834,-0.07796927729216019,-0.018859009917656544,-0.01078510315531414
0.0015171293598390655,0.11059728889171272,0.0463008397252947,0.01598729264292947,-1.3946003663387008,-0.0018773923121707184,0.013011220449486952,0.004055828943782612,1.2234811282629299
0.001612328960509635,0.00021734759101194978,-0.004566964065457521,0.0054979971479338415,-0.401554742854912,-0.008911395108071103,0.006638244509036511,5.768986883448145,0.006666779603799494
-2.1674427164291417,-0.0020716579214493033,0.009901310962857414,0.0003383634186965344,0.0025973145568784946,0.011102992536545564,-0.4699205192654625,0.003288236498653641,0.0009636444363320361
0.0009344047638916511,0.00815337064898028,0.00011151752148649916,-1.7597651920852926,-2.6337091360790392,-0.02368901089058595,0.021509380914000436,-0.0003144820221103635,-0.00031275956373458627
-1.0163887043465056,-0.011214070476353626,0.009202069856976181,0.0016727784591955913,0.0038501381525694878,0.004871409962214779,-0.005196975663532848,-0.0009877884406100895,0.004717559388473486
0.010693683777745322,0.014920359899695977,0.7665024954544627,-0.0047877358902699025,-0.01064443445959043,-0.6491329260028326,0.0002613304901295868,-0.004634904985688466,-0.0014983758198417983
-8.95408736982517e-06,-0.00972724519596864,-0.0018387975753586128,-0.04997286654420274,0.005439924950368826,0.00045836529957805905,-1.9525726298618962,-1.2541401834134764,-1.8490695135261612
0.004163495722013645,1.9395786044545382,0.012080206481715091,0.006058730767270218,-0.0021414981669003776,-0.0003418385194706423,0.00017691969742626365,0.00030921220972138745,0.0008372682858321627
0.013005272267469265,0.008341887105507,-7.818410423028258e-05,-0.08697942037628359,-0.002609725756716719,-0.005320416673893131,0.0032744948839366107,-3.126492229347804,-0.0077460550640196316
-0.43674259129359577,-0.01264206235280528,0.0006583111732086537,0.0030530670960762364,0.002313123916276671,0.004345068204004624,-0.008048035932840498,0.005985250943296316,0.0031129710443384886
-0.003908450970928678,-0.002706159355278268,-0.0006987350957391924,-0.0013000880560931996,0.004118229208451848,0.001623154783730774,0.0005175931951713949,0.0017447812452149201,0.002937500146394062
-1.2745313327844343e-05,-0.006914742638742557,-0.013429532058443633,0.009142173639665418,0.4013323784071272,0.004106135156222299,-0.004497070438623351,-0.006563644954069289,-3.230054691862143
-0.475169107790167,-1.7882310555221075,-0.009347754240700445,0.007063428694549693,0.004441026170558401,0.04017968087606144,-2.07109192722284,0.01525391413050022,0.004889027072528552
-0.0007272841329419785,7.684614048348144e-05,-0.002691956276136904,0.039020491430938886,-0.0011004291289651983,0.00013253435284276294,0.0010312703613450408,0.01724651423805003,3.4100053390491554
0.01245949506776377,0.0023312757712934955,-0.0030478425894601953,-0.008692677891345174,-0.0016075621477313106,-0.003989295388735721,0.0037787250692160376,-0.24124684469069946,-0.008453971317665135
-0.023275841073214565,-0.0037071365214678548,3.074779579599978,0.0009916584424884967,0.004602387014086107,1.6024067275297096,-0.006916144623293541,0.0066624940277434375,4.460029796509629
0.0009607752743099225,0.013348314244540832,0.0034719464224550363,-2.919985481876958,0.008528438457286486,1.6644284392336692,-0.008914415997425554,0.0023331620583280826,-0.004302540900520055
-0.0001250086049126178,0.00015634070202250522,0.0005394136922721034,-0.01779089816103011,0.0006309209914127642,-0.00019812974990894791,0.00014466038010826915,-0.0014388653222380662,-0.001604492811652875
1.5720965628307233,0.003296261359536058,-0.007064924803999799,-0.003351020244716192,-0.0008005823094163166,-0.0035412455986201983,0.004590493980178037,-0.003476860098952889,-0.004331913543543529
-2.8618278236753127,-0.01135872741950951,7.498312691282159,0.0870011677438084,0.0030490785072918303,0.15226504267340296,-0.029236699019676682,0.01390717695821278,1.3843350490793878
0.0003707153915463333,-0.006537538033071014,-1.9954343353336708,0.0005326865839787621,0.006178673066510015,0.001536793564217289,-0.008232001689476662,-0.0026280361370854405,-1.131835833355765
3.3381618579632177,0.0019711638903333467,-0.01646076814097629,-0.004598641498075629,-8.92982229313069e-05,-0.006382070901004372,0.8063686415015945,-0.0028388680110019333,-0.004181902103294659
2.954886388484487,-0.0015842427522067492,-0.0023623912195742305,-0.001701398897218815,-0.001210218625325464,-0.0055036537509860865,0.003200427239572829,-0.01956340744862864,-0.0013120969052271836
6.234511654709048,0.012298313780249509,0.024923750015434953,-0.005900712450548187,-0.009571637178677539,-0.29133328682640663,0.008828481343478897,-0.007059613736285214,0.006802064866164512
-6.155593702924511,0.010805768595650564,0.016456793929065867,-0.002687717079041734,0.0011117831392923605,0.011566129196180136,-1.1549818475061588,0.01008900912386615,3.406439292040486e-05
7.59611120189985e-05,3.169809098314988,0.8118497721675524,-0.0012512439221331682,-0.1046156549533847,-0.004161087585298311,0.0050817936715849,0.0008788768789013929,0.0032997371274418063
6.322437844506236e-05,-0.02126625937707252,-3.745801888575448,-0.00727637411983087,0.7961443604123093,0.002317244770056584,-0.008757084500988692,-1.6826145618954937,-0.034040363693742665
2.077154220253492,0.005734057932736736,0.01567783987552305,0.012256484729582972,-0.012066481949756971,-0.026792894893164165,2.8229984825413013,-0.008673377684591164,0.006087181679315526
0.040458143886094367,0.007386307266552719,-3.9060378521411594,-0.0024425496504903743,-0.010484649797154508,-0.6352516637783878,0.0038388705531900956,-2.976535650876005,-0.01797637536677338
-2.780494591971854,-0.030588494256609033,0.0564751806392787,-0.001407056033860904,6.00957489458405,0.017386090009833044,-0.9593280183769579,-0.00918552043711418,0.0053149568167896975
-0.34891227434785427,-0.0033823302754692228,0.009916563546083716,-0.015354622514089158,0.012404329392937646,1.3266744546728106,0.0008051180080327763,-0.00014796353243850873,0.003561083578042124
0.8384691006780045,0.02386061857284354,1.537513552983431,-2.1380311506502885,-0.00594473564447192,-0.013930353109241178,7.067442521937334e-05,-0.009914463928261112,-0.008746998246086057
-0.0014752991515296736,-0.0010867936080413906,-1.8524805495313625,0.1349301002354687,0.004893317679656319,0.004410184273648901,-0.008899519347798064,0.028241168246676357,-4.258724471262514
-0.06850290213063953,-0.007087500130185711,0.0022396713369337157,0.002697185887469849,-0.01291651223705631,2.243435629566214,-0.014931579749898172,0.019546710619920134,0.0028666876309580286
0.008288603013065488,0.05129279857908603,0.016196255056320025,-0.0029324023331621495,-2.202929125405147,-0.2894733618185281,0.308295901503066,-0.006243509611851182,-0.00028603063278691623
0.007567742656432314,0.02401522527375305,-0.00551078655095846,-0.009117204641652055,-0.007290078224040505,-0.005637050376236033,2.3750827243176853,0.006458918388889692,-4.322919569481717
-1.990215087035909,-0.004273531211731879,0.0027774483208488424,-1.943095316160901,0.06338542688005512,0.0053493202216772055,2.2808516542207022,-0.0026129952891494872,0.00529506598820511
2.940788140826383,0.0061321113906026015,-2.335949464014128,-0.014405056814306663,-0.00013686475164664813,-1.0754705507886193,2.9579641927090066,-0.003100655600477828,-0.16105799260823273
0.0039945477056395826,-1.8608753128939792,-0.5475726508986465,-0.022408295699072413,3.230824967576919,-0.005154517473288378,-0.0022981710646477332,-0.025174682759616693,-0.6159119249780068
-0.003755962569502287,0.01218991932966687,0.006326581570574632,0.0016573751803769313,-2.363104449411602,-0.0020656697744154823,0.3848770419569099,2.5853562775375276,0.022652285665125588
-0.013892706297303888,-0.005584845305611773,-0.003364951904918645,0.014030981219568694,0.001624356107273044,0.002276664903380172,-0.0015654263907405506,0.15133890139911338,1.7975313533535546
-0.002915560622540856,-0.003985277504442317,-2.2320349932510375,-0.01073975443652595,0.12577547675354553,0.004716344764576172,-0.005227107798084775,0.0017904163234384613,-1.5022207593572634
0.0030100051705172605,0.0021418825267114365,0.0024262401584537545,0.008426614567940324,-0.0031467189822405265,-0.0011205225919795475,0.00046998360602338923,-0.001834759879473525,0.00013868644976893567
-0.0007194619483991095,-0.01594445100827237,0.004862907099583702,0.01650105692753893,-0.003262872094583702,-3.907199147911081,0.0020204907436621178,-0.006113397756651848,0.005220404143058903
7.353065381654825e-05,-0.013568427864434008,-0.22455531970514603,-0.004364532917951735,0.004180614336001695,0.000897435875357371,-0.29494382170422045,-0.001563138390801654,-0.2533795918764643
0.0020475329495128203,0.0017408264679779628,-0.003792704042898283,-0.005239393092718314,2.691071286846043,1.6498163506389645,-0.043273610953638963,0.0032625772966316524,-0.15328170942725952
-0.021726743188798223,-0.005008621138047775,0.0014232336334243948,2.4025358269126688e-05,0.0013616403483217325,0.0024456979939166735,-0.0044524067080307,2.689437087446878,0.0026083824711278306
-0.0030864566899157604,-1.41699182403421,-0.029390929838039204,-0.005584956353406779,0.051589120854318285,0.00410451711606034,-1.310711921201849,0.0004974037250588862,-0.004205141411745304
1.3480463117648478,0.05753650766972984,6.040322224275652,-4.544895385883508,-0.02066853457989276,-0.24148348872313563,-0.00022413105791560528,-5.445972573922102,-0.03269342538384057
0.002079750626619091,2.529754063246639,0.008092885721904069,-0.00841916587560784,0.006947482789601889,0.0006298918672343328,0.001009785818309232,-0.001871184580104448,-0.001315054852278723
-4.423057529366145,0.0384031889355943,0.03324487627115669,-0.005122459696886156,0.004778006404795365,0.007187700197356664,0.0018183699286159205,0.022738792334274532,3.3470416271371928
-0.001292946955762396,-8.416438313106724,-0.006406831978798586,-0.0019833554345707535,0.8767597164826242,0.0068066365800796835,-2.015435833106249,0.000599911438205588,-0.0024297636376861206
-4.246052176108815,-0.006515706465248378,-0.003119356775162405,-3.713242563015863,-0.0012332645057951397,0.0002486884954221308,-2.4729202543642392,0.0041366532828033195,-0.01115198320354803
0.0016438889140786065,-0.0041751645823365525,-0.0064209363169963115,-0.004909879845301032,0.004150978078256675,0.0004591517927987438,-0.008022058149448483,-0.008617087565286152,-0.08863480827651495
0.00020795500348669177,0.002301392006054382,0.005976992477121543,5.214150565889031,-0.002681546361721329,-0.0005226276095106908,-0.0004660515456034898,0.002240307033984448,0.0030115401962157277
-0.044698824133729866,-0.014303874036134673,-0.00845689161404593,1.7566886977654046,0.015438336005338671,0.3885260332817729,0.001112816425705685,2.3145248398465648,0.013236176648790912
-0.003324061871712681,-0.03608262115631991,-0.00907813993865407,0.002146008628085701,1.6184833564817374,0.00668513046940173,-0.006420312089689962,0.0012103955605059823,4.9252088334312584e-05
0.0006133833926517673,0.019613874743037357,0.017900775351412906,0.03555548736528194,0.002964511841849038,1.2881486159871764,-0.006619806081044788,0.023229746523638795,5.68186464362072
0.006437284360600919,0.0182734013061277,-0.0032758716301420285,-0.013426505264134282,-3.750347197158945,-0.4230755051716182,0.765181611359855,-0.003605914014943326,-0.005086553065786557
1.0846682271031691,0.011020755910290964,-0.001044283033278342,1.6511554067506644,-0.012982693255724764,-1.24863614424399,0.012735182927465671,-0.0005415750071803194,0.0018661193715439998
-0.005700943022040936,-0.011272128734089363,-0.0025807589744776937,0.0018018552713500251,0.00876264323535921,0.004307926449091227,-0.007772836081060585,-3.596749033419714,-0.0043010283853546286
0.014181989341411337,0.0012891570440635549,-0.003061178032801877,0.0007138374706292318,0.0007092588436507508,-1.3856028497434543,0.018469830468550635,-1.3580320329886968,-0.0009181571962089546
-0.008700741609218798,-0.004518470725816792,0.0012820057011136976,-0.006537261025051977,4.9390184259456476,2.140318289897177,-0.00404337870672692,0.00330196182092668,0.0002941436674838323
0.0110587246348101,0.003575652021793066,-0.001501519887100186,-0.012943315672973034,2.657292258016856,-0.004845068682816922,-0.002015945593935477,-0.06580669065070763,-0.015900336202002572
-0.002181175018225283,-0.006030215693346235,-0.009563130698104194,0.5826034128080722,-0.00033506910975102805,0.00026671140427953106,0.0009890822859298818,0.0029243412137772637,3.201793179048672
-0.0048700024094217725,-0.010425469866511654,-0.0015115136337418684,-0.003039333434445249,0.006824779492740598,0.0030596252899243678,-0.5615919005207882,0.0005074491775345011,-4.311065616254467
-0.005182358868420188,0.008817809618972881,0.05571352923992823,0.009545283469524164,0.006294801644418396,1.22626144434444,0.004738030487085695,0.003364375856161946,1.1912848963359508
-0.0028126657159516753,-1.8594638366114289,-0.0038716844017059222,-0.0057759383233728055,0.011060578342255462,0.002472944914049453,-0.04186135216962976,-0.006539096338909062,-2.4015837336645443
-0.006559746594183215,1.1217951323356325,0.006859415353339258,-2.687913493443978,4.059612085826344,0.009716828106283458,3.006857145588375,0.01902159240066487,0.005369505016140579
0.011728662002856707,0.0010576782544505009,-0.9762951440403811,-0.8330330006391349,0.0035983946911935516,-1.3032623950525466,0.0020504685453824195,-0.007386493377373977,-0.0623097588374642
-1.6898281360159282,-0.005612218984149482,-0.0006664193001323857,0.016915056691694182,0.0003072205604068047,0.002581875164183118,4.488848097508949e-05,0.00598805331060523,0.008597505655638462
0.4641129556780087,0.009435582796930207,-0.0013814605109568976,-0.0064093930496382095,-0.0037171223250345546,-0.006265018715231045,0.01119393596289664,-0.02646302279694515,-3.197681697018864
0.013006439013967782,0.007036767682562274,0.02367409327143694,-0.0013977672995818698,-0.014769826035335124,-0.01205317529387005,0.0016643961796571384,-2.18491444652404,-0.00022178775190908814
2.9190039475449163,0.010592400791437473,-0.0020875135227601295,-0.024185281576343847,1.52728929309648,-0.0024411882776926436,3.116918938879395,-0.013252789473091164,-0.029730118865036848
0.001529378354743205,-0.0023503425152489044,0.013534811366448405,0.3310082231766602,-0.3310016017508531,-0.004140162044692988,5.05266507863142,-0.002571452653097628,0.007477774020380704
-0.003083921920112774,0.0014835812412566096,-0.0026817985389374663,0.01055348116479025,-0.6190239344808227,9.304473329015822e-05,1.9362351696094233,0.024183023081952325,0.0077166161116032535
-0.030020828823114132,-0.0038247216016690944,0.01725716002507713,0.008927118002547224,0.00014875519511703406,1.322314373878152,-0.0027463265567837236,0.005401173520897976,1.4213386670160653
0.0004994427471022717,-0.00590636926450408,3.239305695154279e-05,-0.0062546191073820645,3.511440277377243,0.0028969390695409714,-0.015511184033335585,-3.984875241947911,-0.008255279511894045
-0.002465453570593842,4.950167046770804,0.021331682966373625,3.238293976933567,-0.021818661034674725,-0.0026379878476307144,0.018877994525700492,0.0034614633076208564,0.03949120765131003
-0.02110038193728303,-0.020510829760075063,-0.000259669223539212,0.004171746950223954,-0.0013518025345661266,2.7745158914125225,6.978802567234044e-05,0.0017703559572373525,0.0041797607440913764
-1.806998780280486,-0.06735884554070132,0.0002063258449396619,-0.03883660198473495,1.582756319432126,0.005823966850126011,-0.009781038532069358,-0.0056303435868636925,-0.00439227538022385
0.0071804393044175895,0.007027118992183997,-0.001002602053278213,-0.003476026006383817,-0.008913901970240602,-0.011520646347958787,0.4012973039570182,-0.004646724684077702,-0.0016037587238875272
0.001328715944819485,1.0218000380305607,0.0019316285864982505,-1.260834955839563,-0.00304500683607882,-0.0023998591669968164,0.834651797247308,0.0008264791854494636,-0.00022701838582029764
-0.010350914899511872,-0.0036431533850506377,0.01651847222010644,1.332827045528605,-0.02403347996749261,2.1616530362867956,-0.007505942600428084,5.490511122491794,0.01819819203941514
-0.006884933252200304,-0.005818094249158021,2.1445069659135068,0.023375831233633772,0.001145741546570267,0.8817585592681361,-0.0313697848883349,0.0037423443591603927,0.006122831175347707
0.030342889019292003,0.005214557811581336,-0.005808423995396977,-0.00917965876466996,0.001384287912746026,-0.0005878534409928686,-0.0011584759871016877,-5.568996005031753,-0.02898678975397012
-1.2813653610034965,-0.0027083596789570126,-0.0024266578007544615,-0.017090162889680082,-0.009349993291653425,-2.3920933477809676,0.006999459156413063,0.004579929191538079,0.0018819879699993117
-0.03310164780886979,-0.005767769207798451,8.605874309857585,-0.004165100483096136,-2.803998201144285,-0.0021312080465281658,0.01083960259114453,3.175587803865833,0.1217067634592981
1.4727246651485595,0.004183384928907061,0.00022903041645121018,8.236613190670498,-0.0015888539785428694,-0.003299778142941745,-2.1557909933386536,-0.006018772226768641,-0.014218673400608558
-0.044317763745441406,-9.17037551129053,0.014608257764364196,-0.006136880804312529,-0.00973593378078147,0.0014633957985305999,-0.03658191082270862,0.008661238079354821,0.0014977811374126005
0.11055944881180643,0.0974855878130173,0.0099831425360686,-0.0019406259391351877,-0.002177134179852619,-0.006068379069014657,1.0851326378267296,-0.012829871877543104,-0.002837253453846393
-0.12380060008380807,-2.933709243290887,0.0015129813545859128,0.0002003699759477119,0.01396215091961911,0.4242168245926239,-0.043640042424224756,5.499308728011318,-0.0008432177749938125
0.0011081480317721077,0.006166511770319669,-0.0013472679853859166,0.03145668060486683,-0.0007958472202879871,-9.085397518147091e-05,0.008705644868223991,0.0030684806379998107,0.00423045101481178
-0.023931557743867488,-0.014998098915902458,-0.0007363563527807097,0.0063279653823443026,0.013547367027102464,0.5381203737147959,-0.004565859710654277,3.8620601355976363,0.004687702939177071
-0.001085779267603286,-0.0027159280833898326,-0.3665531024109222,-0.8607005802367567,0.005085731531306408,0.0009085484099777756,-0.000549540682242119,0.0004803165990116398,-0.008810800591733973
0.011692488743627518,0.004428857611695352,2.0194454982598806,0.0032154675490221954,-0.0017455506265118964,-1.19952108609721,0.007659668270183412,-0.02061087721083385,0.00209842788329641
-0.013471452465498357,-0.2645844924266423,-1.0497571166115787,0.010998192456348976,4.021251996519133,0.6639873479451186,-0.0003871558863406503,0.007175072919040404,0.005022662189339908
5.159480085848477,0.0007315466272688103,-0.0028895954946758576,-0.00391934619508888,-0.009497867085620754,-0.7055929812685213,0.0022711543893071257,-0.0017115461536261576,-0.0037592959334886156
0.0035478135357918314,-4.2879260545264195,-0.0030533865998974077,-2.087836141980244,-0.003472273510925661,-0.006394985474997769,-2.8521362829668444,-3.7026390621476524,-0.01634500342087658
-0.0021654334136298487,-2.061254205582605,-0.1350381306493218,0.010507342428022311,0.017156945471459045,0.006593085636602741,-3.3432679977965867,0.0024842053671022164,0.0002163819928382854
-0.0019795493548264496,0.002255654443254966,0.006677905874985739,-0.000639429247158351,0.0001882530150385185,0.0008622275909646237,-0.0018090749378906197,0.005799792543260013,0.0020442498911230514
-0.015512384558449823,-0.0047966858779349905,1.2813813556340747,0.0017141890985041012,-0.003044197767839929,3.0406834131820886,-0.002255085957718367,0.0016618925994729156,0.006884751189791788
0.024609495175858975,7.306114629862526e-05,-2.4161237595018874,0.00750015821290323,5.390911093430335,-0.0038453923049882044,0.002604453229194414,-0.014699166750826317,-3.4680773551419195
0.002430295888459902,0.00202085499963095,0.0019814798068957407,-0.07718270578051234,-3.6643117231431424,-0.07884864047674078,0.6751940525777014,-0.00803726403689788,-0.0027909417169506255
0.003699707510099669,0.011979485392285195,0.06029290692081441,0.008688920945382301,-0.04536505150485995,-0.005102051667169205,1.150791941211874,-0.00249078238704705,0.00475544103210647
-0.0005113221711160959,-0.01788374266583228,-0.031427107246610894,0.0034481617576392885,0.06433000747341538,0.004129436708204058,-0.7955398510465214,-0.0005414503969974761,-0.004419805238139898
-0.002878660220288237,-0.004474363116011321,-0.0866736282983826,-0.001962534474228922,1.6778005080071097,0.09570359470064593,-0.004756598259195451,6.309768901261489,-3.1922992409624156
0.9973482449058936,0.004130647150590829,-0.004974297752811474,-2.8941159768957836,-0.0012892675008462032,-0.006936175927762569,0.004328681633036159,-0.009167359015880526,-0.01352599006413182
-0.009978782711501386,-6.7064537865711715,-0.05521738966966777,0.7398435389693604,0.010233793940315178,0.057879680135933954,-0.0011769330414267143,0.018381542721901643,0.0037370230758505905
-0.002305333092201675,0.029122432141176186,1.3800047016738544,-0.0013018532012326986,-0.8439537119054284,-0.002075763059716282,0.022036094638159004,0.056290701990669295,1.0076670271022374
0.002882077713108234,0.0014363918118078206,0.0048262989724099006,0.002651524091333,-0.012767947114300255,-0.00498697495128648,0.007367466905347695,-0.005432126194801638,0.003167868129236257
0.006232728932324409,-4.404141463378567,0.001892000888622486,0.006896115086586118,-0.584537600969517,-0.020202108964864733,3.2539024069857563,-0.011913384299970568,-0.0007699618493024647
1.0055909525752873,3.1176605006412066,0.002610543161213466,0.004683760895061568,-0.4764655057908933,-0.033400361244994625,0.003702927775017739,-0.0030699932564806237,-0.00037764544721350345
-0.004657393397252796,-0.6584254289976668,-0.0034666361689645285,-0.007493834607865846,0.003490143113708634,0.0007805787135169002,-0.006950188910085111,-0.9567347410793934,-4.961980598243466
-0.001074407331902616,-0.08084453921535584,-0.007158081742290195,-0.0077485498644533045,6.228360155758847,-0.0026543545825655768,-1.942643485220928,-3.117447019783835,-0.009689995364888182
-0.0003248284389781846,0.01697569514868865,0.006872497555080964,0.012361111420991713,-0.02330929957618324,-0.0015791904106802644,0.021757360625716902,0.28715498522875377,0.14240767405267638
0.0021382504751875364,-0.004541366323108309,-0.0033036611895843546,0.04167311126844503,2.4957262717628126,0.9687581022659817,-1.388766982254967,0.001380606307759047,-0.0011852601340507848
-0.024385031581811562,-2.8586246120942036,0.0005716744104629183,-2.6859539587645784,-0.004804574802862914,-0.0004454557562774131,4.156004149642323,0.003551939287582259,0.005932899802268032
-0.8610065727811951,-0.04461936588686585,5.499464219402304,-0.007796239397832723,3.2519527995075155,0.003802774936481512,0.0015121822759861197,-0.0033438645093704124,0.009509945334011206
0.0017681454094983535,-5.127446204092217,-0.01320557595980211,0.015841735286716705,-0.0036395313894672238,-0.001246606560894425,0.0021504350520669124,-0.0007862178893424446,-0.0002324453585675827
-0.005593552927638132,0.00036563142316546274,0.005052837964162781,0.003472272660734266,-0.0008387012867296356,0.0004174124070638564,0.001214610628533501,4.375914730835993,0.011367546232367187
0.022539735722642867,0.00760488713324467,0.0035366524658358434,0.03383730101196536,-0.0017104855326099677,-2.3767502134593945,1.795328832618372,-0.006136996975516146,0.0025518680255518095
-2.1240850681481387,-0.00735263172628076,3.4316568724096306,-0.031147616357826324,0.9095235739927139,0.005565257331400092,-0.00047677716306610343,-0.006264169979273745,0.00045729841541454486
0.00038118915024825707,-0.0038616269133008516,0.002828740717743753,0.00217128107171326,0.17502103078632492,1.3537197706971875,-0.00032596870254772425,-0.005855174268800278,0.0004645941424559902
0.8399355124632412,0.004168330004773623,-0.011961052432301514,-0.010700465085720087,0.00011340198336350776,-0.0037631318969915313,0.002022753475303507,-3.790917497830047,-0.038152707131035635
2.1718326178849354,0.0032141100508655818,0.0014599201825539693,1.4956507034557458,-0.007633590367737711,-0.017212664321946264,1.828015928477008,-0.004484578911203116,0.005213287898265322
-0.002849857681510217,0.0016759579749254933,1.368896560006615,0.00299376394366905,-0.004673100702353296,-7.777995006752448e-05,0.0015194672478797894,0.00945579375993342,0.5114032496518467
-2.4114118570922867,-9.124986920411413,-0.007594360790924015,-2.5343784158162223e-05,0.008843147329441747,0.009474692317580845,-0.0015856624268537067,0.010580954836684135,0.0007700466853044624
0.02387327133138384,0.006005339037977377,-0.006331018683165886,5.510580907325935,-2.1087994559822416,-0.011157622639020509,0.003026189884866458,0.0003633593144362207,-7.490318981124883
-0.0012993923104118441,0.0024662011832752477,0.009880463465455368,0.019336819239528482,-0.0033501870317200577,2.1872605202027985e-06,0.0012675111751106344,0.0065562658522327994,0.01798783602957546
0.4988909692016634,0.01663277254857538,0.00258499959979569,-0.12738037757795692,-0.007624700630921806,-0.13883142534295978,0.0033855965999014907,-1.7978134300498194,-0.011776073771746692
-0.0019413610551008362,0.00945645715007135,0.0054253710575753455,0.003545124786936057,-0.04989623575449176,-1.6093065537588243,0.013604805686350807,0.004142254622356196,0.006362817600053201
0.1901202070861096,0.01461176424030948,-0.007694194983680134,0.0063658931268604805,-0.04318288276867214,-0.027203232562176563,1.8814605134973865,6.276055758762758,-0.0031373790725798545
0.892963886183666,0.0034969773922631396,-0.0058535263929963225,-0.004862231371992437,0.0018283765027507053,-0.0008240737772773818,-0.00042740143598852826,-0.008225287031445979,-0.32295752565009006
0.027038868169621085,0.04244711595633771,8.212894964361581,-7.8370748825432,-0.008115566961703808,-0.007668198421015661,0.0005087886543635785,-0.010362525531622207,-0.04612718579561248
4.824586353174988,0.0040605622726466225,-0.010174265455020204,-0.027834466544865346,0.015578179956644761,0.0043379935636305355,-0.0014245286147376301,2.923029761893372e-05,-0.10235819018976244
0.01004314080274453,-0.00798659051217724,-1.795919414148177,0.002845795790998911,-0.0018490275775337045,-1.4101723510253514,0.0010908034055795018,-0.007388309215233353,-0.0038303109180600273
-0.00858763234126908,-0.2936724533879964,0.00796139836947568,0.013078533128603326,5.320716521260417,0.00510519554745803,0.0027137925310724304,-0.0005657532952998666,0.026520177252543083
-0.010247614632223795,-3.008401527393147,-0.12351960677812357,0.05823635328569942,0.0005097206351678818,0.0022968717007381136,0.005691082629855317,0.006504849920180757,0.009421760608547203
-0.17835216078985558,-4.039351894360032,-0.00531522225749078,2.3435405093402464,-0.002047944947995789,0.002728936940223992,0.007431041917677406,0.016266879711856683,0.037602429705540646
-0.013725571317270105,-0.0011441245493869073,0.001115538435933247,0.006539649172805098,-0.0006134282061655005,2.1590232094002233,0.003592520315844311,0.013271655731508722,2.332911294950644
-4.343763874198734,0.015097489076987864,0.061865666168469946,0.012487079055768522,0.0009742282340147179,0.6442304750654723,-0.004036266527176868,0.2916561596035473,0.02986340325255593
1.9308009873545458,0.007070394303404899,2.6511795894931276,-0.012928694866411832,-0.004618897243686103,-0.0176284909055529,0.0006942501772948251,-0.0226323255246996,-0.004911161253473455
-5.598961965153317,-2.4197069140511442,-0.0004110100969135916,5.193467240485611,0.014584971582164818,0.030658811433504095,-0.019017074863665162,-0.005083488999948217,-0.0019031574769201032
-0.02861063079602852,-0.017325371793294853,-0.3885640460438515,-0.00021616071161993482,0.0013555216362061608,0.004602706421207595,-3.459063338071185,0.599363464562573,0.0006953417624240253
0.001774364388724734,0.005142165552611301,0.005360769618568123,1.6055946830642078,-0.015011828658210059,-0.004703340559264506,0.015093436533225415,4.034003934977704,0.12016993057633785
0.007410886606044664,-0.0017948743116646126,0.001515782457681707,-0.002093526543613009,3.2797231475474153,-0.0015895954492781972,-0.03522049096190359,-0.65801160120028,-0.011140290908334575
-0.0015281849735742647,0.0024146333594634722,0.01287307315878997,0.0016286299634792282,-1.1661248754951754,-0.0019671592600257644,0.011318911054709942,0.0013668575471540278,0.00878732109098866
1.7704336912975382,0.007238190341268747,-0.002924832362125435,0.004038682742754644,-0.009726975786707906,-0.010806744035354494,0.00658776456040594,0.0016220004494094755,0.0010740876381603384
0.005914898702243274,-0.0004664293421545035,-0.04023941791337882,-0.002097870867167567,1.4700741232444174,0.0006739098969340274,0.0006500561504001827,-0.00572059434229071,-1.514598386605115
0.0016280117419821827,0.31059354155030494,0.017715217948781004,-0.009829493652917798,-3.0800426624216684,-2.053193589010956,0.006388490970451716,0.005714836760863706,0.0022755704505385624
0.023930135118762182,-0.0015359138210573556,-0.003119916006328244,-0.005474170167498591,0.0050967938528605206,-2.453348561445668,-0.012295202648646836,-0.015273796629063871,-0.016576533402740644
-0.001479548468103397,-0.03027474756677534,-1.9659144954013192,-0.004010870336283256,0.8868799875824365,0.0027396667905932245,-1.490454973953755,-0.0002511373973446583,-0.006017888276276195
-0.004315432511938841,-0.005796223450963589,-5.4814347886165775,0.002435684366293977,0.01071868612564581,0.004070457311401468,-0.0053776636179741185,0.004284624883936284,0.0005859987720397558
0.002480887746965599,-0.009512351866908988,-0.016665359062392138,-0.002442315347110695,0.01845975056025323,1.5691293031128912,-0.09060831552408577,-0.0016722381435563902,-0.011519005168732952
-0.007335714259942325,-0.011662215371507134,-0.0015232455006107173,2.232414290927112,-1.0525756824436847,-1.5569172782079619,0.05977563116876666,0.0002550754733248589,0.06697757758056377
-1.9048710940912075,-0.005062719905118808,2.354156772675265,0.001174063258994968,-0.004710371732583166,0.00036518671383773847,-0.0069988850017730295,2.9788213174553886,0.007269870658926314
-0.005458418101270512,-0.0025953812840973367,0.0035953081141167284,-0.0009591404660692117,-0.01261314741174513,-1.5799141814236703,0.775644758464682,0.00011297841768161815,0.008272407209795775
-0.006752031506643901,-1.3519766740315395,-1.9615140034687397,3.6063997564206676,-0.006834237191541276,-0.0016642175204224742,0.023208864586753045,0.0026948165627888763,0.05755708030641074
2.508965752971545,-0.011201333031854218,-1.0903194628775787,0.008521069265210355,-0.003660787679372876,-0.01193238659514627,0.008407690497927695,-0.42935397619243415,-0.00047948419408338355
-0.0022660950555896085,-0.004193039168037066,-0.002014198187755127,0.009664188016504425,-0.17831476533602453,-0.0010754144874236121,2.4806656907558686,0.005031163787893988,0.0066809593150455
0.0016994268057786044,-0.010713368139766486,-0.004327951217098121,2.1210058252183717,0.022360850696656942,1.2219341686894307,-0.007260151884010663,-0.0034739224403274064,-0.002174848495102428
-0.0105515407446104,0.009767480205820966,4.722800313272984,-0.004035653232435044,-3.2232524040920794,-5.932691574406562,0.016970328539711366,5.176839276871675,0.03920236540356789
-0.005078656405778474,-0.0012903548649148082,0.008097108446971361,0.13216569069438727,-0.006207212962622669,-0.0017586661924979409,0.0027363600077059055,5.639442016882817,0.04732943640295212
0.5201286759130467,0.01545699884843608,0.003620002324453985,-0.00538883789023781,-0.0009357953426376714,-1.1109343377657075,0.0021403211092413457,-0.005783083877722222,-0.0031886481639344655
0.004271270649920639,0.007799782535903965,0.0094450602396265,-1.3025196582427767,-0.004339106589208559,-0.016302229650904332,6.616992292677944,-2.1763719535841135,-0.0033305328875950684
-0.0033737386220658956,-2.270323876879104,-0.9794450093669416,-0.000987121077710736,0.009879032164026635,0.0034391966582880684,-2.0436505952623527,0.0022353607305780994,-0.0018267871358940146
8.696484704484838,-0.004497950445682811,-6.064942536114481,-0.013061735262772538,0.014171842923620837,-3.025105677497401,0.0026985680938922396,-2.8253424423610003,-0.01604413746582778
0.012760420690036606,0.008122311344262598,0.0013485283337983504,0.02837759721269395,0.0256988548288532,1.1639685125631534,-2.444654462513041,-0.0022489430421953616,-0.0022285111365548628
0.05070523655547721,-0.01391648312095728,-0.05970814430516738,0.05442029891266753,1.2110284833103293,2.198580139423358,-1.626388898312653,-0.012099593922805907,-0.02050237315160713
-0.0018300878341616315,0.012999562507101915,5.26557398690651,0.0018655483254168392,0.0008149424439402959,0.0010824770718038095,0.006719572633775127,1.6113686091017236,0.034380792085572764
-1.206316524587708,-0.01892802469129107,-0.008597464755465477,0.006769612381942826,0.0030816164614497887,0.001990233820434326,0.008190188583243614,0.0006153470214667625,0.020809264043840196
0.00035231761379544285,4.2012245221272115,0.0024322507899751378,-0.012094237808316165,-0.002857486485317043,-0.0008071123847332926,-0.0017645373124264493,3.0614299271232013,-6.653989259201092
-0.068746635284063,-0.001296528055787144,3.459367159602902,-0.0057836248319222405,-0.0008284595587622068,2.445486774638159,-0.004096125438058429,2.424028178568939,4.465767067206869
0.024792263287475677,0.003973449258886638,-0.007443714421733695,0.005287264650297663,-0.003495044648369465,-0.006781520281754473,1.097696241452068,-3.957227006452633,-0.003134330443135963
-0.0009307341376850963,-0.0001583646069673629,-1.8349041199474612,-0.0026616980457850204,0.01080368025968192,0.005660672262899079,-0.009595214125183946,2.1572304611932234,-0.034890661047207075
-0.0011744549973214235,0.009156810350959728,1.2918767694192264,4.297418725219739,-0.0031842757437320736,0.0017163297695459469,-1.3476469989210904,0.008380616076851078,0.004147412824354442
-2.315521276264477,-1.6744916826050182,-0.0056152920662699765,0.0026408961311114583,-0.0034722721411392515,-0.0028332580256624647,0.008385715310748096,-0.0007817728309539671,0.008606262081805593
-0.0005488791903665879,-0.030871449562203265,1.373173878676693,0.008276826743766213,0.49145867396341936,0.004821573005808445,-0.018955066493881765,-0.6163120633027084,0.0006949997352089009
0.010260752931872813,0.008445003068148507,0.00109849696214946,-0.013872050168600616,-0.23397402891399338,-0.12147127246248302,0.006812027930358164,-0.003908769346120222,-5.510507010282734
0.003412101917732918,0.03543763787568399,0.004547424046726885,0.10224429775013155,-1.7693443617461675,-0.0012129937470081176,3.8921430194128597,2.7294662058928596,0.009650197407154476
-0.005664971159917626,-0.03203606148738351,-0.0036110044720612158,0.004390692622230907,0.05947051636373431,0.2522978683927346,-0.03517238040730689,0.0008376012432699327,-0.0005547802258121042
-0.0022631799575096464,0.0003340542316543535,-0.0009665408651475297,1.302774644573428,0.002200850836947356,0.0018804942548389584,0.0028861056761791725,4.4911036525530275,0.010337314987221555
0.00021310729661874056,-0.016453039040775524,-1.0329378565067329,-0.0007611296548181226,0.07040900076492838,0.002293828005672509,-1.4360683267461016,-0.0017637381494410072,-0.009274649553059126
-0.01864821338644825,-0.01407598040730908,0.00028967294382972134,0.027969244460354033,0.004472691874027239,0.3333747620488171,-0.010849645231933613,0.005802453885392805,0.004167253952580499
0.0018053979533133452,0.03825819437175093,0.0064496894589604805,-0.02589581913662002,1.6715685399021658,0.02019673322196197,-0.006117769919000069,3.593056529287735,-2.4650529548577906
0.04992806036291782,0.01140936462313086,0.0025519634961093758,-0.6014365771920969,-0.009299752793421111,-0.015736606022218526,5.0100630510015697e-05,-3.0659221603946674,-0.033383923639742186
-0.04957207164153879,-0.4215954912205553,-3.0591289914219066,-0.007609066589326393,2.257150818008479,0.003375666379234636,0.020161622519328688,0.0027704023765789875,0.006371778539588091
-0.007469325319590749,-0.44482389700095837,-0.003307979914060814,-3.618655654030398e-05,0.7764517811901299,0.0076162369982279154,-3.2696978479791214,0.0018910196572411641,0.0020203046392674433
1.0863860998346362,1.1639251513951963,-0.006709576816231971,-2.9014338665769968,0.004384245630317699,0.000685447881166285,-1.4465432466140987e-05,0.0002627751617266228,-0.03236847359327205
-0.0042647795237624846,0.0021330400456152938,-0.0016845261371406066,-0.0095687978023037,0.0018497848312127873,0.0007277943950650175,0.006347750011307522,0.022360148712280287,3.382141815091664
-0.006943587443512544,-0.0010139820872151293,-0.00027669706362941105,-0.0007388409408571645,0.5600205573307184,0.03241539966342826,-0.0019908717892202893,0.006734100467876461,0.001967753687328189
-1.157578826639747,-0.0032445277186936594,0.0022640014822286757,4.992386518690962,0.0020881031143127927,0.01075126069879179,-0.0033544837200345685,0.015324849262489365,0.007679123156012629
-4.606829379268241,-0.004591568786855571,-0.12777876404580768,-0.0036266477348544934,-0.01813099538320828,-4.5903365540682906,2.544412126964687,0.037241235877251144,-0.0027409352669506976
-0.005579784640833597,0.003270291017389854,-0.0013080506597455098,0.004018669105383501,0.0053540583007616604,0.5211728415923504,-0.0005335829366440725,0.027652731689748147,0.0021647512074778564
0.00028969014417570393,0.0024334258812678303,-0.005177862269901332,0.01230702874089415,0.006826570062004225,1.0975142853818283,0.0007177648495308442,0.003083555587443079,0.00034421710783566657
-1.2906734533361635,0.0006216042923346907,0.011295206683822256,0.006186297164937515,0.0007213345739177715,0.004875927859886402,-0.001519743712057632,0.028599092231420035,0.9626224879638481
-0.02846929338396622,-0.0018585601305742979,0.0017776666443744295,0.027925654778244748,-0.0009053371145142236,1.0603059722184485,0.0037047391191225437,0.6570584107209876,0.03307253075092406
-0.015530710425323512,-0.0025258119829273777,0.005870151195307365,0.06669048792353756,0.0016957959567937275,0.957839648294804,0.0013104866729741135,1.9830144034745532,0.06942715348308892
0.01972995488987078,0.005894538478032775,0.0007792199545740529,-0.0037875866045513386,-2.585386542918247e-05,-0.001230088174111969,0.0017992052048465788,-0.9779473957402067,-2.1233494690983057
-0.01989604199585354,-0.001635976430459582,0.006621196149483352,-0.11412787397174767,0.007773238422571355,0.0016989150327421376,0.8663079572187815,-7.445489239626708,1.8593701681481924
0.006251828013362782,0.0010754446553795784,-0.004725263017791032,0.007205578704030814,-0.01477477434442694,-0.0038743533075537625,0.000985274458976375,-0.002265570020278389,-0.003021589669857877
-0.002459654533219185,-0.8613590386033461,-2.6388163247699308,-0.7168890130131602,0.006273770829164062,0.0012726879741286126,-0.012524707009680443,-0.004896921449361923,-0.6162558602285403
1.6966860374726846,0.02002927191303744,3.1430980683400174,0.004031015602035458,-0.05389642575423137,-0.43631581338963366,0.0029915289872107925,-3.9096362141830197,0.0025892617337495705
-0.004365576452759895,-0.6621287187322142,-0.006939089084623831,0.020020238547221014,3.5071735914218003,0.8871308763310619,-1.4301616314563899,0.0027231691738013875,0.0016809235400222014
0.01727250109202781,0.01447589128947277,-0.0426978104499348,0.00043340272404581966,-0.006389818410599138,-0.004922772302327856,1.7393163043847113,3.5790696637370543,-0.007872157781403544
0.0023252193576080702,0.009797260934222458,4.182349787386913,-0.04373981172369514,-0.0028899265853414746,-0.0019687911838423364,0.002080738107903869,-0.002163593667622303,-0.0033272976862271826
0.010308746306472577,-0.0036986056792512323,-0.006345622838006152,-0.00323960190435189,2.372775258504583,-0.0038257183146566676,-3.4876893982046515,-0.22848821042766249,-0.019574613770303756
0.0018218642574353953,0.014424446313186921,-2.0897184563275433,-0.00826564107765126,-1.0744182386121506,-0.015588578700720106,0.19166560874744645,0.0023064429103927973,-0.0019772370156710592
-0.0013611789920329707,0.29574430459320444,0.006154250580314111,8.133741863443763,-0.026938326348099687,-0.0009010214550531637,4.479933656442098,0.015224903698441131,0.008137473685479873
-0.0012292176251601711,0.013948145766177915,3.3571620491613086,-0.1351424863581417,0.3963050739494879,0.0019962593914229073,0.009167605370844467,-0.001665505238904733,-0.0003102211299538353
-0.00546016993858194,6.901478272092348,0.00046854700626429435,0.004044632674990398,0.003297779815396456,0.6098601997309414,-1.6964690624552259,0.0324788234173478,0.0016002642536107653
-0.0039518194001210635,-0.005364176923507907,-0.1469610905995999,-0.003914767513441185,0.014091618855840649,1.4055878359568261,-3.751792897399156,2.3529773422196616,-0.010923084428494573
-0.0019561269175017715,0.2514627027149534,0.6153211103770698,-6.734006489817618e-05,-2.0356096317995656,-0.0034967119688542325,1.1842004604610539,2.8398586335064815,0.8498938935776907
-1.8209806523638958,-0.012329060378713272,-3.117583217131747,-0.08898303798975277,0.13324211850505296,2.1337096737849777,-0.002895649699927616,5.378341541317918,-0.009607707458930775
-0.00927396628118371,-2.288042659950314,-0.06055669027581341,2.2731823353887233,2.0506941754090926,0.0731469511890388,0.004931103466984582,0.00713851285473999,0.006432061318871146
4.2636005013248907e-05,-1.3552863875318142,-0.011385305396345875,-0.001267767718878949,3.1278304833311266,0.0014574165214387425,-0.07456517970348295,-0.0013671093246321138,-0.004580064925951521
0.0035977462002505863,1.925563400861166,0.004172373077042189,-0.09037086443022278,0.0014718142078241764,-0.0005115270402669305,-0.001621029947817279,-0.0013648605329933496,-0.005622102776159495
0.016034798114997882,-0.004442729275317083,-0.006958119634587423,0.0026060143005469313,0.11996649554824668,2.3346520757401947,-0.007056855454323552,-0.009253163598787296,-0.007313610315350036
-0.006824333450837227,-0.02319882915376144,-0.0007299851865101951,1.5727172443754736,0.0050423196487692085,0.6959283655952044,-0.4853553794367773,0.0017837328652506104,0.001718312404462765
0.7603213683653781,0.0014828910161533045,-0.00440301469749849,-0.010814640737135516,-0.0012087366030709267,-0.007124803274464054,0.0019488217845340756,-0.18417711417861216,-0.016404711741579925
-1.7718520902337578,-0.011272373960280808,0.021040372694742168,0.00034023058795273973,0.010230740374968468,0.03487422694924199,-0.32051047802585175,-0.0034170590686006764,0.0013736722052264394
-5.068416348676625,-3.852225379872637,-0.016290926206828732,-0.055163280352607064,0.00962725354021704,-3.9714537873752898,0.0004112241483747031,-0.007786751269830379,-0.010967502918067244
1.08760008815945,0.016376622128520407,0.019422802593690905,-0.015519726461497612,-0.002118771332422581,-1.354859596606099,-0.0032284274491300308,-0.00800145890088497,-0.00522424291446448
-0.005476670746300741,-2.6767690840957545,-0.013450330147898149,0.09242193239351104,0.0060686348450478544,1.018264020619993,0.002938053774414473,0.0027257498954379273,0.0037866119405672045
0.0004140677554252746,0.33123853125506486,-6.927910855292225,-2.8732679270160664,-0.0023332236323633676,-0.0007804341333919659,0.010066915969155377,0.0070877480921537365,-0.0007665575577116973
-1.6647296310349573,0.0013247884125059278,0.008718108926206412,0.0024988160957808564,-0.0001731743594294323,0.0018954624162276456,0.0011820438766441885,0.007200230182777312,0.02229519384220178
-0.005220813272934812,-0.01759041218207539,-2.8445281802418423,1.2004515415788282,-0.002637787749704067,0.0011176537576043349,-0.0026436180713661633,0.007478466552315921,0.005114358979261522
-0.015810757036305773,-0.005462692411760278,0.014296064537051349,0.019304744809226823,-0.41817118198926906,3.0671794023186507,-0.005334987176016215,2.9576923775329345,0.020053250153657637
0.0021458208120593326,0.022842423303265275,0.0003251190107697137,-0.03061546892908243,-1.5218776278933976,-0.5546946033881088,1.1569953131650303,0.00015301300020156144,-0.002204771984362061
0.7926933523681401,-0.0013543149516986278,-0.0041041357159177,0.008100335674450699,-0.0057008301148986085,-0.0037837218866098128,-0.002621473429054423,-2.9553042258773403,-0.010090779118079568
0.8336823118343355,0.02095754254431209,-0.00047921044672758146,0.024501659653471588,-0.0001059234295015584,-0.0019097968421448452,2.3163675647598403,-0.0038552300534632957,-0.0013867559866698573
-3.5863458048648496,-0.01731606031289004,-0.005271583849651753,-4.217569181567873,0.017877803754943557,0.0046494421363389715,5.72090028462845,-0.0036619272958811552,-0.0009625249863215446
0.0048317073539698,0.0019501578538753117,-0.03285877435280257,-3.6410403282873918,-0.011269952200120462,-0.5049213600335576,2.4436830219202887,-0.0007560490932160199,-0.015581911823831958
4.993589971653984,-0.09481079259933789,-0.021733744529960797,0.004106236693401123,0.0032606050718092805,0.0008329333551537983,-0.005210753816712786,-0.06893405171343617,-0.01390797307886904
-0.0019577227535846208,-0.02971281238562809,-0.17149133735810418,0.005708058117638091,0.001547498201932035,1.8758601849850076,-0.02916330746745549,0.002494024386065015,-0.003440318294645403
5.704087626789921,0.01599765887216814,3.392042753119302,0.00020924362503153306,-0.006568510453972304,-0.01979275738467645,1.3992758262887666,-0.0027848990443156,0.007620774719082346
0.005375847063273901,0.0022345222284717164,-0.0021490241807567046,-0.005953189141234647,-0.0001669408380068897,-0.0014063733506601353,-1.6166698092323888,-0.004023438651976631,-0.9058988355016413
-0.00339067500618466,-0.00685043153995667,-0.0882492441899835,0.008047218752297162,0.007440949998256185,0.008107278341581522,-0.010965962964281066,2.3275414912768873,-0.006573121942293224
-0.7049408027851679,-0.026130788644525837,-0.006164010496167524,0.002185367408108399,-0.006484386459786957,-0.0001110678543440758,1.5659168976099445,0.008337074652025094,0.02590081671812826
-0.0025801410666442103,0.01908248627020645,0.007333491828759483,3.8456598246404132,-2.7174163363193234e-06,0.0013237276065346647,1.0102347221549242,0.008717227083380137,0.07431190231995854
-0.0015948887574251606,-0.02944870092406069,-0.006226143115902832,0.05476333662252769,0.0066248926855436985,1.557623316966788,-0.0008925754221543042,-0.0014161009372553523,0.0011438274861293608
0.02051094990049096,0.049712264717337806,0.038923466998095596,0.001272227383959061,-0.004428048626504484,-0.005312051905636311,0.4379562759633731,-3.7754249249623517,0.0070083714779930195
-2.6829045649169894,-0.015810223579772017,2.2931242940521654,0.0028723588384001885,0.010113515333035561,2.0642741275640435,-0.0010234247808509067,-0.006214783283153538,0.01991909408337933
-1.5917850515298084,-0.0013590869926277662,-0.0002828242340548752,-2.9706760020879095,0.007272905823456539,0.0026341022767393273,0.7243366569699272,0.0015499502213391029,0.009164512253082083
-0.0060838356601603805,-0.0007853755636627094,-0.0017124638464364175,0.010040417563113122,0.010950435889594538,0.007152419209477893,-0.0007509636664088945,0.2875249274685474,2.6507950783462233
-0.0019266222933823005,-0.005509176497466642,0.000452358325636192,-4.549948144156063,-0.002127705543193685,-0.0015019368255027449,2.6806491563529824,-0.001013056839547726,0.0026710066013547543
-0.007947855342512172,-0.006405109549214779,-0.006774819936668314,-0.0013296531699739226,-0.0007381386707773774,2.711873194989379,-0.0029013844396383326,0.005130716369793406,-0.0002949261267175332
4.846387375689019e-05,0.0003939063625111471,0.003258716918007624,-0.005361078521980222,0.04172164360361487,0.002797234959756646,-0.01298435843876501,-0.0019661044221849686,-0.0061414215703609
0.0069951008369625485,0.005449103219277718,-0.0029334631569587124,-0.006695717124870492,2.0595212526523823,9.333243885750742e-05,-0.00824861799038845,-0.004397264929816125,-0.7939958421862325
0.020709104019679417,0.009526652236226917,0.0030539976153566685,-2.3323209101459406,-0.01495535562018574,-0.0600127740485347,0.0026690228894538457,-2.59470217420574,-0.006580227571563124
-0.04205053830791777,-0.03152967040402818,-0.0002992410040202481,0.01671555587143192,-0.003309253480810903,2.1342707342730924,-0.014534219689208205,0.0027650074179778744,4.014615449743026
-0.0083602748510331,6.325112699550726,0.009632734996442766,0.004428987977130299,-3.088014718664116,0.0019035550892811948,0.0028348362539650923,2.356839755745358,0.010015566757274871
0.15547641117175143,0.10941001388954985,0.8598825799159587,0.0017207456676721403,-0.008852282952952678,-0.5311280286781888,0.02223759805868329,-0.005031304790969261,0.0020881168525391535
-0.003482695433901409,-0.2344145330475964,-0.01120508661799161,-0.17643056322672032,-0.003727714202032023,-0.0016043040511853346,-4.97764175656383,0.00019627001016047935,-0.0029490243203072197
-0.002922914829931585,0.006628454988791688,0.001674231618026302,0.08162125562727622,-0.007509122836620141,2.0847708549699204,0.0005395882204787955,0.9994635014277546,0.00567475762605666
-0.00332551723136383,-0.0012865077932228566,-0.0013804890493559932,0.0011588130779581775,0.002016751816224324,0.001511528057424708,-0.0001408409548405966,0.005345284984472598,0.0025415723013846553
-1.3776917282876127,-1.9192425226917456,0.0009593822660795455,0.004289517023791353,0.0023438207059542013,0.005788951031879543,-0.005550311033812351,0.00245325925248711,0.003004980698760946
6.809087380868495e-05,-0.010409308281950191,0.0013445306972030297,0.4977791792588684,5.997347902228808,0.0057112829257677244,-0.6085414652084831,-0.00026801122527093935,0.001006276450965033
-0.002607798870251476,-8.369385426195561e-05,0.00014007545410009103,-0.03114728344431324,0.0005047703927077392,0.0002771583591963929,0.0001421851761125449,0.00240541688491015,0.0002169760620965298
-1.4793484736745726,-0.03150174607119813,0.0017501666008424809,2.055522647660213,-0.005034139053015016,-0.0004723862226755335,-0.0007657396385402707,4.681173730979695,0.011473378557343011
0.03367237234993947,-0.020992267076235582,-0.04717679877179315,0.01034101561118006,1.7447651778082829,3.620417564731021,-0.03677328926658119,-0.8707869335848635,-0.07227852689582925
0.006951657731724888,0.004069228368931685,0.008798540352575775,-0.07617548817707186,0.0013636349489787314,-1.560025724843225,-0.0035788466306666267,-0.00966973226722517,-0.00449695658714919
0.004723038259641989,0.004336815711292184,-0.004935566392014325,0.0015431961618299313,-0.54716264281434,-0.006360576637710433,0.003014024548005736,-0.00040452993177304743,-0.0019018238714109078
0.018730421947989802,0.02313983272236672,0.0013061696516035665,0.017681724647142183,0.0004759243244906366,0.0021209587447246075,-1.0873800150937536,3.006656322080578,-0.0076134146811764405
0.0040201806346552476,-0.003019438505722668,-0.0036206892715413244,0.00126329203687828,-0.0033365412572223694,-0.004605809737963528,0.9051721127250891,-0.011941147843029845,-0.0009134470750793676
3.42953372102703,0.010816187899374712,2.0228317170395,0.0033994119971187432,0.0036994336369824583,0.002758186463703688,-1.939814482229336,-0.005221544541602172,-0.0027563793728509617
-0.010336087387175029,-0.005469109541973181,-0.0030607629685185994,0.7804390200772937,0.01967608437370397,0.028519035375489082,-0.003134890563669281,0.018552281528524145,2.497730444855223
3.331577620488809,0.002618507248950519,0.029299676742567678,-0.016103909980410145,0.0038803404348390635,0.0011504843480803308,-0.3446217219741462,-0.0572422581138216,-0.02576121392492725
3.181369082030833,0.0012368666764345942,-0.0024411307963849768,0.8228230905255445,-0.005964309652741022,-0.0034454875910849016,0.0022307154845974918,0.0016197008189329316,0.002207561700680101
-0.0022738404572954195,-0.0327867625440465,0.002263968308223517,-0.01525543413849136,0.3157193755706611,0.0019278167629405082,-2.540380229104657,-0.0048530298053030396,-0.000993156612950177
0.001569876506165843,0.1845931760320006,0.0018329082918582833,-0.011670040126382966,-0.0042317772777252655,-0.0013211009067394914,0.004301074242444144,0.6382794757963428,0.0005598066646473922
0.0032078174311074292,0.006227228515890908,-0.0009580413119745662,-4.269716062674766,-0.010449058293404962,-0.01026393776612157,1.1784705979603491,-0.0019145905664497808,-0.0014485690329008906
0.7385958336266673,0.004392952105084682,-0.008121353256513359,-0.001709107183942153,-0.004915767875528811,-0.35055692457281484,0.011867840020528278,-0.004625008535605683,-0.0029673349893747855
-0.00926993472938287,-0.008588744592450433,-0.0004955928016248876,3.7450801763643913,-0.0011570242135039988,2.8759793079572216,0.004483305570733204,0.002560133403317785,0.00811709543715361
-0.004799057561247927,5.293647096236206,0.022841493283841732,-0.0033871398848658476,-0.009778416168107457,-0.0009967383227000633,0.008366078358301651,0.003375395937314378,0.006243933738852223
2.9252371466523615,0.024793938670538536,0.00486839477640893,-3.0081462583195724,-0.0018022304744895537,-0.0014383673192644214,-0.0016914547857406863,0.003153060232738428,-0.0061058421697070125
-0.21070756642277416,-0.06333680868440264,-0.029615702393478313,3.5207117911423516,0.0018300998965140383,0.6272170972724623,-0.11896725064941727,0.0361364477136404,0.00032103965716431815
-0.008319715117026893,-0.006286075946051725,-0.004060172157576782,0.043926704819894635,0.011822494857496556,0.10824183205696802,-2.4922924232383266,0.008665444213240725,6.725259312314171
3.9044676923523793,0.010695198678936445,1.6966315772093594,-0.008716073292398825,0.00242602242296925,0.001974458991804047,-0.07486202792140922,-0.00180502159224054,-0.03258540635294388
-0.005550238139718017,-0.01174483876035533,-1.9494984647585387,0.0025567056558895677,0.014910525014211452,0.00628555795641039,-0.007035064742901544,0.0047058462111770425,0.0004438950203690759
-0.0010565471255080915,-0.0024257028189184765,0.0025285887718628193,0.6986799580602582,-1.3883169465996619,-0.0003230718063094752,-0.0007075953545661255,0.0027491779037045086,0.005035072284110347
-1.0884458146062548,-0.0042233924816805855,0.009434855195182158,1.8431102877976835,5.3219799026262005e-05,0.004615331548656116,-0.0042679314225485335,0.007296451382126719,0.03429286968580694
-0.011229273166228581,-0.013339040735223344,-0.0034389350876112054,0.0066436806919301815,1.0394922780508729,0.019608282749012773,0.0022772660790486778,0.0037006842085123845,0.008148592285394067
0.0889596526376131,0.0089455391935445,0.014118228503084002,0.002123465080595633,0.001106817875074148,-1.2970627725348325,0.007721834221063484,-0.025701234113793877,0.00013802196112250656
0.002246019231081184,-0.013661408005219366,-0.00769215740784783,-9.855753639688315,-0.0009012894955973474,-0.004383189014094235,4.073244648291524,-2.124158611028617,-0.005285989105953737
-0.005150703131806424,-4.186792950475397,-0.021195623729060004,1.439952983415817,0.005202847867572774,0.7393177474630879,-0.002694985617198581,0.006917926985203998,0.0013995487561354394
-0.0067106575308195264,-0.009689406742598834,0.01999148940312766,2.126463901364957,-2.6640908814543733,0.0027627211608932337,-2.403175709821006,0.0027288126652876906,0.11727144998333905
0.0005963977540445016,0.002344208866695739,-0.002728886565202771,-0.002227970485530484,0.20825011583713876,0.00543316205269254,-0.019416650143561674,0.0021403752543136946,-0.7561383244881549
-0.0025733746437249516,-0.04219905586635936,-0.10620471396619452,-2.367248710691962,0.007351063587979949,-0.0008675809693077796,3.784325725583376,-0.024748211898804495,-4.428884184726301
-0.0005115250879016847,0.007302963903676518,-0.14613444105720552,1.1209832574801282,1.006280852258107,0.006542464148509546,0.056529686084126014,0.006210702656400693,0.003159406546168155
-0.021361605435504638,-5.846819836343799,0.0022016009968508637,-0.9049233305654569,-2.488851138953721,-0.0041931569833773275,-1.0488912067641785,0.003132820112709628,-6.383365263554789
-0.00016864563992278548,-2.366040761599436,-0.032928345229548406,0.007001387641954011,0.13182055762604156,0.007907671040163626,-0.015908533962589268,-0.00037094880211536617,-0.002966108669682126
0.001405900420577846,-0.0026394021084623232,-0.004583768292779923,-4.817530936261731,0.5599043701110747,0.002293062528214829,-0.0023677175179096267,-1.5119200497798182,-0.016656167294950633
2.5530060853806584,0.01719944435853782,-3.1537509111271267,0.0046300920264919256,-0.0351395311278041,-0.9999638884569712,0.007232414681763999,0.006906811944704022,0.00041995063850305825
0.00452016325100783,-2.1631375659090444,-0.007077357300503927,0.00104626275766972,0.0022143484194717955,-0.0006389340089817079,-0.019026868196654625,-0.0109304500527003,-0.007936234132715707
0.001734330754075114,0.0010729557464970868,2.081266703968544,-0.00379667792098623,-1.8095774279811714,-1.500731918739378,-0.003929545481203979,-0.003633322070720063,-0.0007147516719050399
-0.0011989689395238215,0.0021993484403706404,0.036546981461673234,-0.03799196727394616,0.0026263181770480627,0.0013841436959638178,-0.024141131711302336,0.0010607949909465716,-3.695789720735054
-0.0014345883201200803,-0.07591781774236703,-0.015326868659035268,0.00837141038896792,0.021361135503970487,0.004484814144279241,-0.6361726628362669,-0.025527251523041056,-3.2024641599301313
-5.091151048633589,-0.03154963977323799,-3.5406444175167375,0.009548608363677765,2.451003105328642,0.021136013717803825,0.02909245862849673,-0.0021085997179338123,0.020004819932294998
0.0068100446743559655,0.00306140568745987,0.002016185810613273,0.0006986189446300355,-1.1113948998179493,-0.49569597467583426,0.0009474098422200573,-0.003956487471362308,-0.0015177817891394553
-0.001285031366851281,0.0017181700059660313,-3.541431876403522,0.007217429767780739,0.0022564931357122783,0.0014669191886189717,0.002762938796202929,2.0892073984758452,0.0034522429543454095
0.009317545730776401,0.004670875515439446,-6.655273384527581,-0.003185924305052604,0.0009379443496776736,-0.001639735407487252,0.008445815099152966,-2.857343874108923,-0.005532978252030557
-0.15945784551579667,-0.021609155541065017,0.0029727396287759743,-6.809621812977921,-1.0509926729554797,-0.00036595992946841793,6.877009827602134,0.01029965471512204,0.026169003617887487
0.009651799727782013,0.007652499024803319,0.002510251668487818,-0.007286474363028945,-0.012119002703531426,-0.027891393431093783,0.008920896047872127,-0.007757505092293989,-0.002029059638112236
0.0070520744036072225,0.003415163708726021,-0.0075560333767885415,3.7797619978608976,2.252902973595072,0.0013391943813525764,-4.389138252074955,-0.0029335238824300773,-0.00851438955698957
-0.003022694598373187,0.014183519277188765,0.20759486040479347,-0.0007018979891761697,0.0026030980308836688,1.322813530689981,-0.0032174076294232135,0.002602035263164404,0.002285722296776902
1.5560346218308077,0.0056490855731422835,0.03837831572201672,3.955076013542582,-0.011397460319802332,-0.004916171558525317,-0.006129260774786129,-0.003558965649688018,-0.0010060191958461194
-0.013977405032135081,-1.6398057746680248,-0.007343834937120458,0.023345437986084894,-0.0012354795834624288,1.5872247103572887,0.000595288132211505,0.004279398333717782,0.004042349800759255
-0.0004823879027029288,1.4724642184373655,0.00967841326709765,0.054433211278241175,-0.02113125188070987,-0.00034606676124911834,1.56927468366848,0.006969074136424908,0.024574795291796472
-0.005354383057737701,0.000645180437258655,0.012337393849828357,0.0031125907850228394,-1.8437414858559649,0.0007166053166508708,0.0036159528751297746,0.006278269148749554,0.012563307874647753
4.414838031165465,-0.012085177928983365,-4.506221237115637,-0.007834135627777312,-0.005539913338693941,-0.25675336560482953,0.00448683726530439,-0.17085125882862107,-0.007800550459905908
-0.0021976167788459256,0.002586099986013819,0.001329329606000675,0.004290080096084148,-0.46500707750491704,-0.002074418855658703,0.01154781631620118,0.05234275482671444,0.9435835904300625
-0.0027004965761901617,-0.002051079449867888,0.0012688475546850314,-0.32428839425425504,0.0024347176680357854,0.0010371861219941264,-0.006509284110187346,0.0014114249952888389,-3.081757087245575
0.004796059447795604,0.007546453014897155,0.008540508097684144,0.007446648595485085,-0.0035151258270338655,-0.001326871881707916,0.0014508739174786186,-0.0016335556235133823,0.0007115876331811644
-0.0005060509128901672,0.006242926071948596,-0.007524460724532908,0.010520464065164705,-3.6448811967034516,0.0025055005455775076,-0.004337652447858131,0.010213607448594968,0.000565940735035509
-0.002969501542015149,0.0019356876281246549,0.0027679545859135186,0.036122776694496934,3.074407946064315,0.29355519882032155,-0.0025288112324749253,0.006388068293216691,0.005049407112361649
-0.0014118648809382742,0.08621096923386246,0.02120198671071933,7.068917259263456,-2.488961058761668,0.0025383307765740326,-3.7817372548731893,0.012214627507539,0.005435126723797833
-0.02499353238232569,-4.176544147339319,0.0006307653032276844,4.027490715936778,0.01418192260350326,0.8145100838318791,0.010332759704708622,0.0034166343712390594,0.023231920755470786
0.006544378588662771,0.04645223796149531,0.02436735306204856,0.0005264979981127902,-1.0268314777312717,-0.017744394410851044,0.44708850062196254,-0.0034716854171604325,0.0008738589993773894
-5.0037052336360155,-0.001713195141099133,-3.293768246857763,0.01192147412113875,0.006976077645730994,0.21990580785747582,-0.0041338221306682355,0.24777357012076567,-0.0008239843779016681
0.0015620216398105555,-1.7275443483391064,-0.03987861429451482,-0.00046239432271936434,-2.4398684273467315,-0.004613141822834989,0.0004174737491867038,-0.0022300037484595304,-0.002541863043438811
-0.001333685332474804,0.006640018690346846,0.02550559016646067,-0.008750370640639382,-0.0006800549992750408,-2.1822882032527212e-05,0.0015185299302752212,0.010095704928967233,2.74038516775987
-0.05346156986864295,-0.038291585067020475,-0.007100546458284407,0.015343004459093534,0.011288211117741361,0.012281521232360218,-0.012938507742978191,0.009159683049104667,5.610670042029241
0.0027178791520878487,-0.0019298547262949772,-0.006245976243098771,0.023601915828105537,4.123837972276985,0.0036833729892839784,-0.38902431161204454,0.00037336555940389524,-0.0027619355244381267
-0.014382734720528695,-0.01632642995928701,-0.04842360351809276,0.0031949166714416682,0.01493517773748431,0.3394411618331901,-0.00853729364464409,2.107167199209109,-0.0025334861226219037
-0.013560087339780591,-0.09687914724024393,-0.008007913496563074,1.3919851450590208,4.947789928027412,1.5033740237935618,0.0037928381957215637,0.0021279924717663157,0.010840027198339403
0.023390656026008684,0.00951021920380657,-0.010260710639232727,0.007438880530277175,-1.7747378678069543,-0.24855179184106202,0.22569237453318267,-0.0037337579653821586,-0.0027914599622563888
-0.018918411135594896,-0.13305948237906687,-3.468115974457742,0.0017914850049328482,-1.9062922916330307,-0.003945976265717813,0.010435260562087764,0.0007512856471792659,2.7361952835745895
-0.007149492324079902,0.0004558913029992749,0.021691159125662274,0.0030933668005744333,0.01494370247304555,1.1459589747149241,-0.002039409933210501,0.0008209915369211812,3.140182881055131
-0.00440203489946556,-0.016146508603047338,-0.0028251296796957745,0.008622042943025432,2.3633969272831106,0.5045694700026955,-0.9732296602352253,0.003891647777074972,0.0014224187393629016
0.006072168120141943,-0.0058892561957586045,0.002833337320066791,-0.007987515313263104,-0.00025415715687951423,-1.9960840617547544,-0.2514022551674462,-0.013917632027995987,-0.0074663368185756
-0.18402344605511342,-0.007153354373479658,0.0040471566059912005,-1.8963308068675675,0.0023926695983173428,0.006056635410201107,-1.448485615423284,0.007658560615602698,0.0037300061594717944
-0.023928541194393818,-0.004014589445408301,-0.023154655914006856,-0.004117564284822166,0.007190942314686855,0.4483245430850834,-0.0064746114196612935,0.04354470550658725,-0.0010929787519828346
-0.0003327170522156816,0.0037319490862845845,0.0018328958917054917,2.765225636802549,0.000460006574865085,1.488036375748858,-0.014948506856876986,0.005349955868396851,-0.00010792219235360515
-0.0017526402037179735,0.0059485829290899205,0.004754490052269945,0.003968658091719676,-0.0027110030787940343,1.5919050707805845e-05,0.0025895987481188293,0.31352384945265616,0.010870853375278202
0.01742589442421738,0.010529763404922371,0.0042335769539341515,-0.0038022646688796666,0.8651906833405589,-0.000549982382691272,-2.7424679568105748,-0.4977232557224266,-0.015008328004882686
0.00111887565764181,-0.008891263969992149,-0.003969700494824794,-0.002472532173651853,0.020143734225593984,0.001833109178087779,-0.020770766096085237,-0.4060872577607913,-0.027750085529210378
0.004452278709457697,-0.024583740368968276,0.005534736979802483,0.006232266092507493,-1.9435844019543624,-0.013226568960189207,-1.8718495071736725,-0.4828929458026129,-0.001301332891109461
0.14968792646577245,2.755612396279089,-0.009284205172467253,0.005231556846707635,0.0007471952083605293,-0.002851780525272199,0.13177794061842696,-9.014397849623439,-0.0011948293127776177
0.012525916020216243,0.013374824205243746,-0.006515583265181842,-0.004086548949909188,3.3682321495353205,-0.0005182888182903023,0.0020871255939260615,-0.001188320916474684,-2.188502483319898
-0.003007186743617022,-0.0032449836769353493,-0.012258746789992959,-0.0871660574923929,0.004417353137229117,0.0009202405453444773,0.00037040927673268466,0.0011202015927874232,-0.0019118673067986583
1.695534140650083,0.11696132293516595,-0.0016913723036652635,0.011365690683268327,-0.030792660532286215,-0.007002453766715857,0.010319582859529604,0.02404453230972298,0.003165904943774202
0.0011358586966134867,-0.0051167309719935454,-0.0003093993591741557,0.005580575645685319,0.001679664481005984,0.0006581623354212422,-0.006819120908772854,-1.388514256023676,-0.005476003913283723
-0.004374432912076988,-0.09215914654819128,-0.036407552134690546,0.0010534924284074053,0.14216410483038344,0.43090373726783027,-0.018199837077160212,0.0006011464278626699,-0.0028267939384700983
-0.005665130837085922,-0.0025786047669551343,-0.0025643136311213205,0.02978968246292031,0.000828416502687532,0.002131397680642634,-0.0008606318371098985,0.37774094166599964,0.005929436729634186
-0.002182796674761812,-1.2894166990659701,-0.005106142424062536,-0.0022057673839294234,0.18581819239343317,0.00765851820323794,-0.04795216201004136,-2.4357530787213326,-0.011320902514927046
2.043658771149861,0.009433949732944397,2.229108553565906,0.01136041831862087,-0.01192359299875545,-1.909244624478566,0.005471633322687214,-1.9608664707086276,0.007388257502751058
-0.0003056473601371207,0.015119520548696863,0.0012583185570619545,0.0041797961031006525,-4.257077335705101,0.0010200633237233553,0.0011651346417810272,0.0045554478180636244,0.001690690730182529
-0.0013478978165993756,-0.0087923379406438,-0.003195494472831085,0.0016850881790413039,0.0011387731239179716,0.00048011437895048885,-0.004404404716946175,-0.006470422623135075,-4.648429159441176
0.0005911793031005306,0.028069787592099757,0.006090962521133224,0.018578619920753128,-0.43502805116251864,-0.002078269378261292,0.014599927149411319,0.9682475081829813,0.03120459706821705
-6.025285841189387e-05,-0.027522888787637367,-1.179280442758791,-2.232082377060363,0.02608635588541297,-2.2272960593359867,0.8449916608750847,-2.8645204172213106,-0.005330389609638414
0.004943777539250319,-0.005443169914461234,0.004871216447832574,1.130427228211336,-0.011336825992021377,-0.698448512222515,0.006175511959499683,-0.02521343750801389,0.004964054018434429
0.0029094551446594615,0.09888936362470016,0.0078051010895461926,-0.005134704731273368,-0.011590781255950951,-0.00311002225930712,0.006748074850695034,0.0014153816228795486,0.0009920885548951046
-4.234461358064127,-0.003339348316787616,1.020119611191646,-0.06365358623622115,4.53225508076104,-0.0006072215013886995,-0.004260523960131345,-0.009353581191035215,-0.0023347819568980133
0.0016401596576074776,0.0002293839798127135,0.000369361520551027,0.005021535986394057,0.0009325279432921014,0.0004602596700134581,-0.003975364132080659,-0.0008622896759872822,-3.180422278261309
0.0019023095488750561,0.018117821899254,0.03204395891006545,0.0006780059948973127,-0.39249307429260355,-0.0029443558094559576,0.002561089445200638,0.015911334667404506,3.1506159617053755
-4.568284615377654,-0.009199155068886189,-0.0029498592344407715,-0.001205572401408471,-0.008491935750432611,-0.005317805896515752,0.015122237084826129,-0.0006563564701533714,2.9855850057175157
-0.0076924936821416885,0.0008158777429379815,0.34373171604796815,-0.0015107364258807425,-0.04250533265310716,-0.0007404590793962107,2.812649406579842,0.005388375300329418,0.08579831032581098
-0.003688526971411578,-0.0022163323878016416,-0.005015595146573449,0.0040226688425477495,0.007136534191005545,0.9496858069364532,-0.008132089634556791,1.87098095936225,-0.001697149779632437
-0.018186471873818034,-0.06827705184115329,0.007851989244521414,0.008503997903326564,0.3192146533269708,0.008803521229603976,-0.0008825740366793531,-0.0018254561838652488,0.1530222714824564
7.585218851764199e-05,0.0213456088625133,-0.0025892377903699113,1.6801654821470382,0.00616301751249166,0.003544611181226027,1.8585694883338246,0.005524209607553681,0.003143879076723241
0.00590517542344924,-0.007041396289936136,-0.004865611950722916,-0.010556803611072682,-0.0037506410870519202,-1.2535243383440429,-0.0007667479151042267,-0.04955169559239414,-2.945386378067119
-2.8026587467107555,-0.00255042215851059,-1.2093485585897181,-0.5721336642563901,0.0282710111557416,0.14371308945015748,-4.542913915438865,0.008641716937721103,-0.02814754307067155
-0.011012533556011644,-0.00490015165373911,-0.00013891553066967474,0.024090874198187784,0.006413073199223093,0.024415273654109948,-2.17682761427055,0.009681764354140449,5.189828338821242
0.006965995037883978,0.0022793400408410865,-0.00048410516062451356,-0.024409121473721946,0.0025357570731712226,-4.947156718776931e-06,-0.0018666522013802845,-1.1654511318824738,-0.09266523015428632
-0.009005781012128074,-0.004420280678020476,-0.007207271443779715,0.5193479877232869,0.022605580764812658,0.024446523479435038,-0.0020562527051673227,0.07364095074976021,2.9160596280361717
0.016076974901057417,1.4921970237023352,0.0029211307552284016,0.0025302188014462157,-6.503164519543525,-2.0923906969773824,1.7742142797510008,-0.004085180903679708,0.0005770557845371036
0.000959177694651113,0.008791214631449388,0.01583056862125002,-0.012878058029541943,0.005747113460126249,0.002022384626448857,-0.011259888213700628,0.0019184493635218437,-1.9795815980739944
0.000410289747440137,0.002335994549047274,0.0036248176235514438,-0.02142337371631982,0.0007752899539725872,0.00047419300178209306,-0.7138797626966957,0.0007756458821838071,-2.0424434657804245
0.003724967018792332,-0.0004033961143404168,0.041766232973376935,-0.0018347509981661262,-0.19429613691927253,-0.04752048294565572,-0.00033086729620681243,-0.975601622686053,0.0005049230000848531
-0.0015487286437038342,-0.004880739794387413,0.0026932737480414846,-0.01650125666493489,0.008210151035889863,0.0015769569929924283,-0.009197476674852115,-0.03797188012769584,-3.025886282693091
0.0033759422082356473,1.8028277398531607,0.0072982897996855985,1.278493247915556,-0.02276161976148848,-0.0027702592266680313,0.012159042154021398,0.006330846009796096,1.8280076904930607
-0.006406936920916399,-0.004494677147851196,-0.005599460898749445,-1.007827199703207,-2.8057625903649854,-0.00477440259294119,-3.0972859898374354,3.1643712121668104,-0.009989897392792602
0.00214457055405348,2.7636973213057177,0.007074080315203058,-0.0033772023243693904,-0.0179887484467246,-0.007443043967919811,0.017612910004525667,-0.0006159044265770819,0.0014485502315160674
-0.018754136946008887,-0.39019382112371326,-0.005525594299202579,-3.583777607053042,-0.07135724559629056,-2.7736236059150223,-7.116836534353695,0.0067603854374435335,0.0014379104589217206
0.0026866889170302152,0.05048996990099486,-0.0033488573665832033,1.8975704818613646,-3.1359360425408496,0.0020300177940315856,-0.9208067951185311,0.029011025630568343,-0.0028330869892539516
0.6073997246709564,0.00908235048077456,1.4729018757148007,7.16585531924871e-05,-0.004775134557044416,-0.006916607352698608,0.002215873526449366,-0.09727479552281301,-0.0015299688369356415
-0.004765259317217576,2.1533462387848736,0.01100966038394944,-0.014464250827823447,2.839798565159087,0.019469248678210288,-0.1893082840914574,0.009702980468017704,-0.0001367680873848743
0.009036490815764686,4.14184186588032,-0.01880469471460071,-0.0024478675670116905,-2.0007750577130565,-0.0035222440745361905,-0.009320326790698094,0.00954472043558989,-1.1443923397791262
0.0025741425207937,0.0006279577159875782,0.008750042945822331,0.0016234494810773404,0.00097588722239444,6.038199006692587e-05,-0.0009363875485127696,-1.5403819644214944,-0.0009809969441080882
-3.740575003963256,0.022434846406575157,0.011162837396598319,-0.09901907846382696,-4.435641302040498,-0.005914309873585211,0.03852359400527283,0.8829254042257624,0.023418841733596818
0.0025376367140269055,0.005236165480916079,0.01410955723364307,0.011423370309169165,-0.006419240676146722,-0.0016542668916667217,0.003141618734275422,-0.0011523678976827663,1.8533752255254121
-0.012522445958839699,-0.0030529336309917496,0.010922139279306992,0.0070504797999224695,0.004149592249753591,0.007045388004086735,-0.005148512741180451,0.007667148359809201,0.011025520648228622
-0.0031101193178398813,0.0015208634230385529,0.002186576845531068,0.011043363833612957,-0.6473016883504988,-9.617582257602248e-05,0.00024646697464086507,0.08239745727921968,0.0068052021272032425
2.1588921042251927,2.605700965590116,0.0033044019111601076,4.6573177738771685,-0.9755414855369802,-0.01723444729174045,0.0045330185912920845,-0.00015260292403675678,0.0031674388612676694
1.5954169326203531,-0.00364381373012482,-0.004436579718111085,2.9365624259684666,-0.0003974015248502834,-0.002023643667350884,0.0006352746927832621,-0.037555035934813914,-0.003211478416547015
0.001610995975900073,0.0005484312379490514,0.008202807761667876,0.0016143106526060385,3.764013044286031,0.011120051576791246,-0.008301707766600757,-5.694224148442602,-0.0018028429102967258
-0.0017001141118261898,0.011568557646264549,0.004204308390712147,-0.0021941358722710608,-1.7010510712945752,-2.0174761629191114,0.012625083617011923,0.006306751412305023,0.005382199141413774
-0.000390187329027401,0.00936973496875175,2.4641726445282677,-0.002901445095724259,-0.002952603237200666,-0.0010863898053019914,0.011400140867629785,0.002246870527058447,1.3863375475538637
0.0021741585501433083,-0.0038837785435067718,-0.011596469204997833,0.3274955773175907,-2.4417485020560084,-0.002329515415912975,1.8563325872120364,-6.916589367086251e-05,0.0012207516246906178
0.0020768199545252537,0.023502792430952518,0.013394424077189956,-0.029207652091600846,-0.09989763109923672,-0.38734603038847126,2.7711017188355513,-0.0016682512548709255,-0.0007734427125361716
0.0004920093453814611,-0.00634291215053493,-3.162596025520126,-0.03424255593461372,-0.0045923841740360865,-0.006348625108088861,0.8443711390292106,-0.005701192593294654,-0.0019175930618951544
-0.02273611207005361,-0.15394183274713927,-0.003916608492647338,0.0028267433388768594,0.001721922824583503,0.0006962999846648484,0.0019457890171072651,-2.074273289822355,0.5018205954527102
0.005442347810386716,0.2580105323182056,0.00867988517683789,0.010533315693954381,-1.583104117753237,-5.679460433910332,0.002217187453351893,0.012633276528714155,0.003482373477989978
-0.0035040875092428054,-0.012215413220000228,-0.0012949198087245128,-2.6654638768101706,1.3873449327012142,0.004265312255063297,-0.005058791973296109,-0.0007903707505349604,-0.0021140126400584804
-0.0002898618339792253,-0.009267470379447439,-2.9595463846088115,-0.02642010801305813,0.0022887895995868145,-5.0265187299153476e-05,-0.002843616894983206,-1.8338262244657915,-0.22981312606022364
2.033067087389192,0.002622706792741623,0.002690789881992944,-0.02551340930472991,-0.002206074073515963,-0.01266273251421692,0.0008691578050787699,-0.08191796309321911,-0.005754032932203099
0.0018964574122810585,-0.006796548664972874,-0.005892614435720148,-0.014094753297745935,0.0015167576484803255,-0.000375275683830001,-0.004469686525157022,-0.5173129617740017,-0.10783296588613778
-0.010399883436388008,-0.016432070891413852,-3.6307091773249396,-0.09729488369914992,1.1874747163376589,0.006904265457236873,-0.014282694572273037,0.004336308265571643,-0.0022730372162087127
-0.002021337378384086,0.010742795220455098,2.973210846543719,0.0025375697846297257,3.247862650957775,0.01143291469666452,9.405174272069923e-05,0.0038276237467866035,0.003733002392744498
0.0079426798125769,0.0023813999694988547,0.0013534728417887703,0.16366234138920585,-0.004240912866837179,-0.0012250000190556318,-0.0023269778275978575,-0.0022759302561772086,-0.002330506600376791
-0.004697937120072458,0.014410178811070207,0.002120236370950597,-0.016674229916985528,-0.3055020428560882,-0.0024174622189911676,4.8466348068147465,0.507299939907482,0.0025107323590474323
4.8438397784357035,3.4187447916781166,1.4274382083971906,-6.473472558308574,0.02174005692613623,3.6505723602059224,-0.04051380335636662,-0.00429726530228793,-0.024991637569711733
0.00478312398352092,0.009793887167945022,-0.0014420406798190538,-0.0069298965465955445,-0.0025781109622788206,-1.4961124764571208,0.004224657958440334,-0.00028769298487629086,-0.0017315614864080384
-0.02142409388294509,0.0011428482290071242,5.380547647180299,0.003976913764447458,-0.002080687922585367,1.9109693914473032,0.005899138412317331,1.4859868628721014,0.07165759826764007
0.0034099920676213882,-0.009764173664541131,-1.3636993224432399,3.2107212613599856,3.4086664739698205,0.0020421207594271407,-0.011261365555821582,-0.002484641709379771,-0.012317769428661248
-0.0025100054861373067,-1.081933202342606,-0.005712149642913663,0.0005566058595114429,0.0023426802865037077,0.00081851629511608,-0.009221240788849908,-0.009493165843118406,-4.514700310321553
0.003415181714207266,0.007307175248499886,-0.0009415531398639882,-0.023230426380442627,-2.2889723285922816,-0.016570062784658113,0.002107799865094021,-0.002653339437808323,-0.004486404021829339
-0.000553317708027995,3.669761769104477,0.007080114680902236,-7.273345767480662,-0.13857239871261395,-1.6469887452213143,0.0012079278186414022,0.005716209594487511,0.0017640306125255023
-1.5922000550676036,-0.004708279983435974,0.0008007686148328473,0.02062926668875203,-0.0006800048654621704,0.001899603047618895,-2.8908780796393918e-05,0.008162911518682238,0.011788324543750124
-0.38115590138474864,0.0027688301197879087,0.004211212975024192,-0.0021665642646064073,-0.08017168450894019,-2.8597594309788334,0.049960031606014255,0.015338652801979394,0.014844369199382985
-0.012090503996797862,-0.0009925097263136962,0.00040327961185902296,-0.009025234024221649,0.001032377759296781,0.0011223146202260295,0.00020310918180053636,0.38280865013522747,2.8938665666553014
0.004431579045221529,0.0038435477826814315,-0.0022012689112832166,-0.004421676302524731,-0.0034385509224664876,-0.0025512280986175044,0.002537587928952731,-0.0023655341481448686,-0.003719971432946344
0.03555041711575448,0.004106801253379489,-0.00624976079493586,-3.0842096142750397,-0.0046646418117043745,-0.4563015997630871,0.00016341109894445205,-0.008480886484863706,-0.037668113326115596
-0.004419164537902184,-0.0007910800109743113,0.020436187572075524,0.022084476907350103,-0.008272933923580996,0.0009253170034181114,-1.6622707903294194,0.008372455601413642,1.8050788354494431
0.0014918390003361812,-0.0016119784137943417,0.01875948162479521,-0.01811485209296125,-0.0030111673133979555,-1.9587018356081305,-0.004886608874827086,-1.4339470221004371,-0.0015269485027584948
0.0011253221427485244,-0.006446443828208501,-0.004021516474341202,-0.00950699151784155,0.0020175254701931635,-0.00034369721616559504,-0.0012268511431205854,-0.23492732458298096,-0.007159945480785471
-0.0011077598766488358,0.012725170317178063,4.752363369830869,-0.004770491038194865,-0.09065603236372244,-0.0030726676896473803,0.019206963776553364,0.02424907573797503,0.016438528324367194
-0.0027681110413747363,-5.463661395334077,-2.8001001006756456,0.0009238448255857448,-5.758008282500853,-0.0008598436750162086,0.02274448918729463,0.0015623712555524517,0.002726038236786292
2.2366079037048365,0.01668710830511648,-3.3029532822582364,0.0018585707628597401,-0.006480872070212328,-0.009719882572784763,0.7567839585472798,0.001878150335813328,-0.0004129592319742706
-2.8080881237019186,-0.009275994894007142,0.05262313327722484,0.021138985393124077,-0.007737557156577757,3.0993942127558434,-0.006285685297790944,-0.000987829694348282,0.05879123087653093
-0.024302477346553514,-0.009316974243831731,-0.00030099317449079263,0.46509890671830606,0.0020006678172050305,0.004697487822201696,-0.003173650086851593,2.1052868929554585,0.009894381415800867
-0.3803402951373036,-0.001893109876366423,0.01160595808114266,6.278715800507549,0.0005257837847582256,0.004004481716064517,-0.001851059544709547,0.028364368087453577,0.2959328275162314
0.002339714111923564,0.0019473982984238025,-0.009105141986120242,-3.6823700221605917,0.00019876430558659567,-0.0022189777384037865,2.112812646278149,-0.0022699876939771975,-0.005819623123117183
0.000987358593843811,0.0010465240709289704,0.005900037104501369,-1.7402971746268123,0.0010749178442751592,-0.0006233977229462852,0.0035460832464861347,-0.7342240509420662,0.0009586141515647226
-0.011055521318368209,-2.5021448735386804,-0.0035380012891289975,1.9234237712626143,0.005165165091704116,0.8866711207861142,0.0006673998786465296,0.00361776263717541,0.005509525207154909
-0.007883877904486056,-0.004272596006157359,-0.003923084926255906,2.3587941373623202,0.0019214165993483683,0.002169809406064451,-0.00022283634809843605,1.4902347138637881,2.463771388496264
-0.005160467318137497,-0.007555115752006972,-0.001530737188726191,0.01764804537780484,0.01104523242212764,0.1519652939628251,-1.0675407678888311,3.6430090667800767,0.0013078723394468195
-0.027833210776706196,0.008836607433000854,0.03477864072153325,-0.009709619347248552,6.13473137824432,0.02457640691063201,0.0071261716915339,3.9069788905442575,1.9581704980474557
0.00258024753888894,0.3949584302632978,0.0501556090976929,-0.780045804266877,-0.007390715065133116,-0.0035632785848404287,0.00462539890816719,-0.0003272653279162262,0.0005563559921395469
0.004565776045804463,1.8660867368130507,2.193648322315391,-4.113982171504296,-0.041571425994073014,-0.024924116168334676,1.8359525998445427,-0.0034033023196059498,-0.0006638277101627139
-0.0009073847408919387,-0.012956951137036963,-0.00407003473231754,0.005729524404566255,-0.019618153467368726,-1.9528242073856743,0.021581488555217243,-4.227606066751532,4.089342598302242
-0.0025640088771700775,-0.011850837625822563,-0.027653561926358847,0.0016132351933398948,0.11532405535278052,0.008195510255305143,-0.04728116770428723,0.001645776907064916,-0.0045535119070470595
-0.010736002673138009,-3.247421829846754,0.0014897867267826478,-0.0004051724345120779,-0.0017593069482865417,0.0017673184963546522,-1.304202322361962,0.0039555132523710216,0.001776385672005203
-0.0018139252866543297,-0.0013349940431045086,-0.5797638844626368,-0.0023163877919567567,0.025257736232998457,1.6854059973856745,2.350670020373431,0.003560623954427928,-0.0020285472844948985
0.0019969875261000164,0.000120497815244225,0.004739207835494204,0.016722573173364563,0.00906392837526894,0.0024696255489516693,-0.007655587053656554,-0.01148938609329725,-5.529666574655543
-1.3208692766695187,-0.3028228208971987,-0.0022653999252036975,-0.09127559786885595,1.0368804114031867,0.007223735823890888,-0.15841984623224772,-3.4017051041674007,-0.024771999700685526
-0.0012465899454984029,-0.01621468898840603,0.348838514104023,5.9640401557153,-0.9657797342130177,-0.006399812646938468,0.00010927192944958563,-0.009564546142047933,0.01280663980481156
0.01197916148203803,2.2739134408981934,0.12328917177763193,-0.0007319995663649266,-0.06855139423857476,-0.01143261167586591,-0.000713358326110785,-0.002828833557906682,-0.0015215698141766917
-0.016292569976692695,-0.010424956585138492,-0.061036064268701284,0.00487478996557919,-0.004555987324992294,3.195557344545754,0.004475065234912617,1.1047201016710537,0.003144281880251683
0.00012106925765001386,0.028548165912106793,1.582789823087433,0.0042602944564367855,0.003518858098807351,1.0531541650409952,-1.108931625950281,0.005544166783939604,0.000696346880587494
-0.0026857893023997936,-0.8075819046343042,-0.0040374317490694325,0.010857404358923295,1.9744917601770489,2.1093881194006006,0.00038196054004888125,-0.0121965242730937,0.0021784352258960304
-0.003567416943309736,-0.03545361614197979,0.5967042011800001,0.00024173542115719145,-0.0033129965850287324,-2.060522943257743,-0.0005937279507184368,-0.013805862571109755,0.004258762344589294
-0.0008179479705955576,-0.012056426486979318,-0.006609543677257247,-0.0026239637584036155,0.027613541775531887,0.0022276832834242995,-0.010366089375956644,-0.004570531085991214,-0.008001844537487911
0.007804750206319419,3.983594493411744,1.2913531493144181,0.0005526475206324814,-0.013699651480486338,-0.014993480820381426,0.20823238171899394,-0.0060087698279623816,0.0023796040356211176
0.03548987542830295,0.04711429465257205,6.255141919107107,-0.3172679711010109,-0.0034003991457770347,-0.0038545727236661137,0.018712360350828183,-0.0009695046829532872,-8.063277519194832
-0.0005882286556659572,0.004876037896147312,-0.0002408331278047853,0.02583442288380845,-0.0034273552298834794,-0.00031566251381851245,0.8786559900346033,0.009299534998974332,1.4697775590612148
0.0018797333785680692,3.8916475694635677,-0.019421687697280185,-0.08200371154540835,-0.0059395020665772985,-0.003594663048903133,0.003876898082602706,0.002083659808955007,-0.006446456991023388
0.0013799647211791312,2.971407740219906,0.005171256810072744,0.04184033469558639,-0.040160683126210905,-0.0013570197237860807,3.9926876051177658,0.0026888536540978867,0.004629707355649791
0.0038225460705283787,0.00129497691464189,0.002405450041796972,-0.3881742784134107,-0.003029362464229538,-0.003067668307818017,-0.0007484286178717245,-0.011649488092371273,-0.00802057871976461
-1.3878035653060592,-0.00646869219450764,0.002593935080122553,4.086019972749614e-05,0.004001022954153971,0.8852069151164847,-0.009092983528377258,0.0027797844306381445,0.0009004310734123527
0.02687264888797321,3.600115701239418,0.002284770494979417,-0.03518032858975001,0.0015943812765306792,-0.001454188335346269,-0.012085447983151386,-0.005496829707561922,-0.3316218241796937
-0.009188637410007763,-0.5186063334370923,0.00042042952716407535,0.004957627868121315,3.7542662082509355,0.014206947890774091,-0.008544062276750516,0.0028589869314247576,0.0037372505418065824
-0.005773218888117798,0.03567401856117436,0.18269660537918664,0.0021452593790291866,-0.003452614434813689,0.0020268137201937264,4.22715326162887,1.2458444676598401,0.0719887512374709
0.00808489077055946,0.0002881583321834298,-0.004605626724294272,-0.004907425735874773,0.0006053400307389489,-1.6699191913501559,-0.00037940158423148407,-0.004095699307260065,-0.004815064218637945
0.005136723238111238,0.02341567611291631,0.0018368997213181176,0.007628751359129,-0.6311268618347521,-1.176410765626462,0.00930277227535263,0.002338318988600749,0.002460267810593277
-5.312865731855716,0.002241450105125154,-2.8318589604761982e-05,0.0018944669547703774,-0.00933461601114046,-0.0037388774439833204,1.382141827474796,0.019536733656699307,0.04164808921901153
-0.0003351336928280775,0.03819237705328116,0.005232335518372773,-0.00640028320395802,-0.007659344505706045,-1.8095056197063852,0.015336107811745076,0.003058481640560263,0.0022390115307274194
0.0010764068790037832,-0.003218468844311182,3.671972077494366,0.010744677021887524,0.00818459784253171,0.0011842461850838709,0.0004591835823355207,-1.2369447701390353,0.0033766616293465267
-0.0184176703694732,-0.04320422004806148,-0.012877968221958816,-0.0018154779267060134,-0.016598254062750062,-1.9372736402274078,0.023509675375634476,-0.0032721044616360467,6.678441368275604
0.05578649529532946,0.013089574697968696,-0.0054802142608680006,-0.0035908074740822527,-0.002577241690946602,-0.0073833262151739056,1.0745800215979768,-0.007556368904234973,-0.007848302878988567
-0.0014976972346547116,1.6841362964033104,0.018752876655244333,0.008410253758166994,0.004435197758385976,0.00436475764270422,-0.0004819378666187802,0.5594670768311611,4.648453832934911
0.004434350641402324,0.2851732162192966,-0.0009074831779533124,0.0014080473996228582,-0.018530813754638165,-1.6057248514231381,1.048897088413332,0.005998626264443363,0.001132940098646798
-1.6853757405933185,0.008773276631601157,0.003819489964076305,-0.003892006087893096,-0.00043264286151219883,0.0006392373549105163,0.02414583311656358,0.03938597847022628,0.030572606802177285
0.02355207871457045,3.7864941731623087,-0.0030924618383325816,2.8529286187282246,-0.0006622017887117151,-0.0013876067004940616,-4.391356695303193,-0.002253155869696673,-0.006797352333918861
-0.3101603457786479,-0.0008612195077623453,0.010421217353592513,-0.0036862589396939225,0.0028261820395943504,0.005020873656879371,-0.004198371379038366,1.658131328279992,0.006238661963090093
0.0033052733895239687,0.03487819496196369,0.007692545211157243,-0.007231067933342692,-0.040093457079261735,-0.3748194067509788,0.6778561337384541,-0.0009268313244760427,0.0008009124553076165
0.011415531043457284,0.005927767804367016,-0.012973168354810879,-0.0045783244828034335,-0.0047819695811228274,-1.032848343239923,0.0007089993090243565,-9.797299793690156e-05,-0.007169197039188063
-0.007353779722101397,0.001076666331792724,-0.00025183344621424646,3.0910359577956243,0.009519913152705693,0.00833347261447155,0.005259490382000827,0.915502953224234,0.12711089318294244
-0.0022087267131452593,0.002395394803135803,5.585207912385854,-0.08661972133772483,-0.0025226769774464586,-1.6578808470339865,0.8654226636854405,-0.002657662982892023,0.0035141440296623406
-0.004913171751758276,0.0015011490086485322,0.0012101232322346647,-4.226834351951719,-0.00261082164210022,-0.001241840958702591,0.008654615500013101,3.0347542745133955,0.014544629042242897
0.017304481384416155,1.8224541883229661,0.0158554314629682,-0.003930186744982923,-0.02948087156719878,-0.5297090370691232,-0.0032741057690939684,-0.0024915911835478744,-0.003661560163595058
-4.197563265409685,0.0024767655921844917,0.007461017812724621,-0.004181413861731953,-0.007763562712715846,-0.004572329669790248,0.0025748330066634045,0.0027385815157047037,0.007175750697891309
0.033614667594465825,0.046208270073895975,0.006818514226249542,-0.01579881289821776,-0.0024747905353471786,-0.002725729436229834,0.00764009985715016,-0.009282132556896555,-4.386294934141386
0.0016521104596837989,4.0995516723630105,0.007379910960000943,-0.13072478750976524,-0.018007654168511578,-1.31734806746243,-0.00808036415091895,0.0007829844670797473,-0.004080544097242615
1.8476628147136638,0.003609025910630426,-0.008326447654286641,-0.07015286014307746,-0.0014701841234884619,-0.0309424992315179,0.1407855331272857,-0.19319418960462104,-0.02899063519295189
0.11832224901586669,0.036738785206057334,0.000373817177294571,0.004586770730586713,1.9413949773058174,-0.00014933108242960735,-2.207047853480484,-0.005527358595811737,-0.009701931160479318
0.0034728619287773643,-0.0015360567645210173,-0.002559147069307336,0.005512407191997491,0.000982860317799577,-0.000136603405829347,0.0003731727454238964,-1.5541336932546697,-0.0020696782802694415
0.005103756617693722,0.0012813503229149401,0.00519199136037925,-0.010676838236115465,-0.004256731097462935,-0.003131563334143863,-0.5929548166671549,-0.008421220048088466,-0.015803892975898515
0.012248031005389088,0.010573708401538488,0.02244734939324126,-0.0038845506079666515,-0.013349690291660825,-0.21264956281487885,0.005138479527467934,-0.008620745286668036,-0.0006813194400424874
-0.0013478985307819671,-0.4584591016424435,-0.06161261887998154,-0.01677492006953063,-0.003052611935396632,-2.2797464078041347,-0.007041105846812223,-0.007247753216673536,-2.451396206787504
-0.05450296394768475,-0.02941607509277811,-0.0025437549674294587,1.9156789005434254,0.006699758229958762,0.016812020748437493,-0.005559163513893522,0.0060132506664577765,0.005847456231153507
5.407072235428731e-05,-0.003506567364055524,-0.08108955456864331,0.0015356019962570952,-0.0026059282264006,3.212938785266083,-0.2051861044522969,0.0102263833611968,-0.007482488178337757
0.8904726603662758,-0.004452710482820987,-0.003738975494460593,0.0349146651245454,0.0008715381900647862,-0.00020775365245201145,-0.8153290299974238,-0.01312167929894546,-0.010067707717446708
0.001994316843929613,-0.003438467403760633,-3.799884267325875,0.002959474151663946,0.009254829300204173,0.002130968580314852,-0.0492853584088671,-0.0025142069709922664,-0.20462662408029564
0.0006232444166988712,-0.0005158780430052183,0.0034975873976207062,5.6941548453421156e-05,0.0016752940226856371,0.0007225845633645255,-0.0017813033624720599,-4.7571273937847565,-0.0023420650895325107
0.012996468075631422,5.2016989042472485e-05,-0.00474725600021416,-0.0005548396577732104,-0.0012132133950212287,-1.6472567611556261,-0.0027979702998474493,-0.0037797732988372594,-0.00569263570802175
0.012423888764444432,-0.0060591004915497015,-0.0032994416320819165,0.004869151235360397,2.7091795683333117,6.864771638241673e-05,-0.006217105555444998,-0.11490015914477203,-2.8172809244416435
-0.017258359648107506,-0.0357989574381622,-0.00812768604501225,0.025230203963356276,0.012514004946772794,0.3222487959238657,-0.012637812838793533,3.6391946451407207,0.0010664286866559416
-0.00021838440768814568,-0.00698854017831185,-0.009659087261217105,-0.001709513004685314,0.003582610600502143,0.000597207499713769,-0.0017503322230384651,-0.022578714391262744,-2.464769340230905
-0.005253472738963634,-0.006222780854122329,0.0027982646577396145,-1.3363510813490815,-0.007150118857697674,-2.0409504907731724,0.0012321858838321154,-3.9302562306290882,-0.00024203817517888526
2.8215840518091984,0.0077292349291686905,0.018315942531298594,-2.815104230553714,0.000657635194259272,-0.0013200641429950782,-0.00040983776206604886,-0.013044529551569777,-0.00203378833428082
-0.08206599445045143,-0.014516405427060605,-0.012395003469117243,-0.004566677801320488,-0.009004005850728929,0.00011179534916557973,-1.83145253506336,0.6695812261416169,9.532785487926187e-05
-0.0021542368363503895,-0.006539487048159565,0.0037648112527146217,-0.002075363262714984,0.5097547201619268,0.004157789194928073,-0.010835126982497214,-0.0019463240974824355,-0.0007971742528346357
-0.00543164237856414,-0.012103279041892722,-0.6649273483270035,0.22539132499736395,0.2796082207899212,0.07528436298109102,-0.001044351541991732,0.004628057650092643,0.003344393109360587
4.871426977274719,0.002050625706895806,-0.023945419428202996,-0.021468470219342797,-0.010476854927755574,-0.15369676190783982,0.00401283541848238,0.001218635018480893,-0.991144553854272
0.00696701554987076,-0.07944287801738503,-2.6448587979573364,0.00539247007561745,0.06341900488376358,0.0007060123436043869,-3.295041575882806,-0.23070933778306307,-0.013593244437111254
0.013529893015503508,0.09257053801924997,0.00024842501802147844,-0.0030215664714847903,-0.0493093593127768,-0.21188289923187642,1.516396427892296,-0.00230412913983503,-0.0030903160627713854
0.01009413375982208,0.01156126361134849,-0.0042331960634687665,-0.0024872291280161004,-0.005838463447213352,-0.002752078511391451,0.0025293596228170255,2.81788027791772,-2.1750451055377584
-0.0069716014836905815,-0.0008846084935017554,1.0314081441076692,-0.006857168576247792,1.2341931427701722,0.004330187419598465,0.006406016428675051,-3.3388976579509473,0.01585760885843028
-0.005215716365134451,-0.015872279818373435,-1.6051322984947085,-3.740927730919728,0.004592316861565742,0.001889019933065198,-0.001756648693091628,0.0012307538459154811,-0.0010075099674711659
0.007220540572449835,0.009097055487344768,0.005997649205724313,-3.187227914666892,1.8795377770954265,-0.000932470548160258,-0.003173089570558232,-0.013125196053897996,-0.011349954884305201
-0.0032444022373425844,-0.002295159572432262,0.027870742484131482,0.005785486752923794,0.0007908389759418565,0.0008111108855193676,-0.0005368582036414123,-0.0008077864940210077,0.8183060185694996
0.01717358476921178,0.0012016484623654023,-0.004222344628310532,-0.0032775929797098156,-0.0015232546974055274,-0.002862915117234164,0.0003670757441573745,-0.08652933763962685,-0.02218393549761006
1.3721120743773008,0.01965843691064806,2.3002262813342194,-4.698763876054615,0.012675392073881589,0.0013145765379919778,-0.0011490876124721078,-1.1226792261088445,-0.01306253310445682
0.0004971957161595663,-0.006043660126604409,-0.005617226860163208,-0.07300383142823494,0.00846628202395436,0.0006862137263447429,-0.0029475057142831955,-0.47476969901241095,-0.023212354702891527
-1.7334879724223498,-0.035528046862882585,-0.890859025754592,1.7127482791365964,0.007509619076737889,0.18320459299325953,-0.003922989032704979,0.7787926857720905,0.00047315122203498566
-0.03812611915808389,0.0051827519233364,0.009491834032129609,0.0005781913131098562,-0.22268371581111523,-3.5424130660964805,0.01672409265871483,0.01412980800488188,0.020102795631836444
0.0018728059567192784,-0.008646807968010872,-0.6087278431062451,0.0052656956939545405,3.2997864507298136,0.0016189679209245439,-1.801932199396324,-0.0004512332128559435,-0.004720767801468812
1.6173197161226986,0.01025449012518231,0.0054850355261017465,-2.655166655801236,-0.007249502223812591,-0.07321712866767216,0.003846017514977755,-0.00981069606102749,-0.0012597912947640358
-0.002238256597933058,-0.0449658720726899,-8.553643584613885,5.626941652142045,0.003509156247993264,0.0016953295472105813,-0.010847446807317505,-1.5319367270188837,-0.011726228849100753
-0.0008996582071361678,-0.004968387647336401,0.001803734734228988,-0.004096324130144151,0.21781094422944114,1.2367987304793173,-0.005650249675173295,-0.00397177475293148,-0.0019202696404392976
-2.7690285751961,-0.008578052559147467,-0.016780486717296924,2.6577631648110716,-0.0010896366711133643,0.00044550884059439103,0.0017792420530741773,0.007948140761276763,0.0037217980245041193
-0.004147735063344024,3.027667179054717,0.0006468467114507104,-1.224574404280864,-0.010936581377086696,-2.047304975774619,0.7344820171749884,0.008542561219386735,0.0025868487960440875
0.021701237704744438,3.391786290912412,-0.0035002814485664696,-6.401857546166027,-0.005283338861043152,-0.014906195860141719,1.6861739305187928,-0.0058853570408066765,-0.011024986242627342
-1.0669227829815102,-1.339743580155277,-0.02039958656278551,-0.2986909269839543,-0.0052081486791150725,-0.0009588250915034541,-3.2424650392945464,0.007628038887766392,-0.0045354184191427616
-0.005152893308242193,0.0005570082448508023,2.0917521435152966,0.0025518721062013673,0.0005077013808463008,0.0014471515019490525,-0.0014577150669071394,0.02368804803721071,1.7937822539200439
-0.0068401558041149835,-2.7372153925846163,0.0027029556563965603,0.00048490638763191984,0.9538328937137752,0.9833883695885657,-2.881031314451329,-0.0016622781770254669,0.0018898459466519949
-0.009259735422640296,0.007902942935052532,0.009842060083826654,-0.0023933130086194465,0.001370928893175416,1.7617950767290185,0.003477025120288524,0.005076592827938026,0.004891942760033147
-0.0008064789987943799,-0.013823224693583103,-0.005810635955722204,4.767460961863492,4.428553416480656,0.006935996319676341,-1.279890741021025,0.0007452274333325359,-0.0024377379680315353
0.006473552288771264,-0.004534172696648249,-0.0035660217417275847,-0.003527242999061847,-0.03655534592875459,-0.41568749358013823,0.004113034929342604,-0.5169913322925819,-8.129893935769843
-4.703272750497483,-0.019086972565850215,-0.002429042525350346,0.023425864550442946,0.011829409369063348,0.30382258296792186,-0.0063785692361496005,-0.003622973794951636,-0.0006171950308923313
0.0027249853876793045,2.224427263491204,0.00811889918820486,-0.001685189868603977,-0.026197666110136686,-0.004775039326158426,0.023737433706633324,0.0052893832037660266,3.844111769202804
3.0635594728825293,-0.0013958710360794588,-2.3971211624477804,0.002031021759919712,-0.003340085380607566,-1.172181638249529,0.01481686102441318,-0.006576154598218286,0.00011173036678503723
-1.1615556444384172,-0.024414581239136868,-0.018776622767645055,-0.001477571090534791,0.010363898986730694,0.030385782310368536,-3.092757348087194,2.6709294305003977,-0.0016108088225207026
0.001970458692831873,-0.050196704492175476,-0.018803004458889546,-0.0028705054765615734,1.1362656342106745,0.0010793338291950928,-0.03396014592883545,-0.023628818902618726,-0.6790955577395575
0.01501456966995523,2.9698695743855117,0.0035044273602091586,-0.021292104235040805,0.0002400163646084641,-3.174978312173128,-0.03185904184575572,-0.002819993516595601,-0.012832128848952573
0.003854520241900486,-0.006751885032140845,-0.016197319408099046,0.001599782093163405,1.5025397280231994,0.0013135702658470597,0.0004121564384015402,-0.6406678232807912,-3.8126559305098553
-4.934746862489362,-0.0035111000562675484,0.0052886794775027085,-0.005485529770768067,0.054511519118781715,0.06229832240814682,-0.004487268340265596,-0.006622013539911617,-0.0033266404838964148
-0.026240271640843797,-0.020640909506392677,-0.002360049497255365,0.0007820944594502761,0.0030496777023008986,1.3276108212906716,-0.0017419782313299603,0.0019821951353706595,0.0019388744437413234
-0.001448301847095615,0.018119920209788892,-7.29388135933106e-05,-0.006080257162323299,-0.01656333273213112,-2.1351796495541615,1.9984924597524092,0.009168842927009202,0.0013265738814185052
0.03862153906857574,0.018462399840006104,-0.0033101632187291256,-0.020306127754580718,-0.014337675033763278,-0.09394719758631762,0.00732542827866418,-5.899375219096419,-0.011523585161539202
-2.4621674604546318,-0.001080681387467114,5.553006052538677,0.014900516951172255,0.0006069945531200771,0.7038589298054287,-0.025233975904465966,0.15149637352882483,3.6546957551885058
-0.008362425988076794,-0.01739285686508956,-0.01704052821314328,0.0054018828898214095,0.011995856129954616,0.013295240574800124,-0.0108777489311572,6.968871554139885,-0.0027480366469116724
0.020509837920026974,-0.0013830762864315282,-0.09251715114884584,-5.540136166487798,-0.005382880711267052,-0.07089041704484045,0.9298923913399406,-0.7575007605988056,-5.454049382085749
0.005042696428972482,-0.0009111251559711375,-0.009566687497791049,1.9908170516753287,7.601988411613007,1.963966074179723,-0.002986522463363464,0.00989911722802539,-0.002294439007945511
0.9730028434678926,-0.0003188092209317956,-0.0007571075101036355,-0.003926349680622049,-0.0026726915159840763,-0.0045635727745665326,-0.0054004160517305885,-0.9607433941352636,-0.08972063284960541
-0.029580167116637295,-3.5241150043453437,-0.10175696547653357,-0.00992423605544881,-0.0023667065398959297,-0.0004073648760954628,0.004259402626531815,0.0049980566436944734,0.0015032594252344215
0.015519788855842738,0.03486852041227735,-0.004714046521379493,-0.0053800140911352025,-0.002806674581019658,-1.0788079803817938,0.4989334881040781,-0.00015713268613045013,-0.002680251619676959
0.0019335587306458374,0.002491395765931756,0.0031761455769624717,-0.008725789070291902,0.3688325291681121,0.0025892380052814222,-0.004007543568151096,-0.009401166533106374,-2.0014810368324167
0.0007350180480446056,0.005074808614917296,-0.010141768019660588,-0.003399292678770624,-0.005485533482985242,-0.0014407147790948388,0.004853437445338574,0.007203913162953808,-0.000552801259477925
0.0038682652292002778,0.03597838960801193,4.42360520661473,-0.026103854846719468,-0.021753770284638742,-0.006358355404074194,0.004660395812176171,2.6687241784798688,4.224795675129844e-05
0.0025820171795324963,0.0052285464150922546,0.0021644092410029805,-0.0017403456167987582,-0.00539803278616806,-0.003504081476255999,0.6009716443912999,-0.002641693470315893,0.0008701920963477771
6.260606286521697,-0.006610499658012231,-0.0051867084485660055,0.011286083209033836,-0.011349623964252847,-0.01039683541692109,0.0018279949326541062,0.000857660066719222,0.0022918141520430063
0.004668716234463786,-0.0006074528628781072,0.001991784056279427,-0.022106402546152218,-0.00954275544537563,-0.005455983882298208,-0.0026241312378006056,-1.112362744995569,-1.3795379359521778
0.011977482909721476,0.0020995399282073097,-0.00731775552571782,-0.0027573772681715597,-0.02287533124683713,-0.036222571310656926,0.0136390662006477,-0.058593443066511375,-6.556126550176328
-6.066934280827332,0.013794984600364754,9.963513567196483,0.019425320391931764,-0.005646109386844844,1.741063164052224,0.0023057186553367137,0.9875959601929336,0.05832637751705172
-0.004480745332201913,0.002679529620754434,1.8556804373275284,0.022641472035581534,3.6020341305958503,0.9016821185380355,0.005299519477116127,0.0024321606121302797,0.031820705606342925
0.005154244760572258,0.0035268444559933957,0.008410652605696874,-0.12762725341651712,-0.005031944562163264,-0.4350186556378189,0.0020974335698673314,-0.010775064945564903,-0.002300236920137731
0.002016766208395521,0.00095854897128717,0.008414182849203684,-0.06666174991301377,-0.000788742733010298,-0.0006838756145031019,-0.0096621281345359,-0.008153439879680785,-1.4033616409637986
-0.0025458475952327073,-0.9250373723495993,-0.005217989722327355,-1.0623490799909883,0.0020570812496691114,-0.0003183666354424214,-1.343931176569169,-2.669455564024528,-0.02864843972603673
0.004337682238923111,-0.0018162729624973256,0.0004619918042771024,-0.0005746166092896144,0.002012397602667762,-0.0009969197738730236,-1.7205512768507205,-0.01378707929131422,-0.006226162869161668
0.0007219873635924186,0.001372552880803471,0.8471533258178264,-0.0058997569455725325,-1.4144308748241925,-0.007685025975455166,0.004184965017032687,-0.003487422805578219,0.0014578359009480082
-0.0008247155838496112,-0.0038633084270893736,-0.006037741252696785,0.31190974867876897,0.3182383214149313,0.011108943328434762,-8.73376315389038,0.002725129231485733,0.0030018688215701084
-0.01015774929246437,-0.002163190934570192,-0.0019102720396810755,-0.003649044251228438,0.004329292747245778,1.278138024586203,-0.0008215103166471713,0.004448331431934728,0.0005950093257362059
-9.596156791576854e-05,1.6938457988174473,0.002718646634313155,4.686195772855617,-0.0015237680249322253,-1.0328703903655185e-05,0.03387076697156182,0.020487227422163717,1.4427516776649632
0.01616185130740358,3.42984155445349,0.042173438402715924,-0.015423493345118361,-0.005824706980796929,-1.818716125925087,-1.0186449778904567,-0.002534582591857959,-0.006526823873818623
-0.012623476472540026,-0.01309514305318747,0.0010916220693407488,0.016787790378702136,-0.002092688872849524,1.7873651361202532,-0.002021716941698559,0.0029657415124065374,0.004691272178215723
-2.1139620920792943,-0.0006434648796197004,0.00010502817277521174,0.023425852114301707,-0.001428386857782838,0.0012706829290399986,0.0031915287545128852,0.02109082261627022,0.027047165020812405
0.009386076711182016,0.0035601336309746406,0.0019754678625307706,0.0892593372929914,0.00702996613409404,1.3855149032570562,-0.7457718063674115,-0.0015767897449482683,-0.0021782683367406186
-0.0021143932197978926,-0.15832175042347507,-3.0154721914315017,-9.011141142230804e-05,0.019923884080498777,0.0025831061778487582,-1.1343256671476165,-0.0008092096651536105,-0.0036974577964162154
-0.01704939084807358,-3.055124897046973,-0.004572380012777003,0.005869661967044165,0.005419532046497921,2.638364103205281,1.3277469826310373,0.00032704708286401124,0.008962174840880868
-0.016600089316993215,-0.0025448029885314838,0.0002955023449855927,-0.009482098249428625,0.00446483858552531,0.0025848811218385265,-0.00018263076250583826,0.007217475680432459,0.0037746170163577637
-0.00806810312586139,-0.004744454720700925,3.7822272976824,0.0024362006021973626,-0.0041456009419275006,0.0010967381760182623,2.5417044446671926,0.005918673192658276,0.10769113701836297
-7.2368811465772716,0.23003497935472117,4.434743250674965,-7.701394783176358,-0.02328546198106627,-0.00848710957959703,6.301514711350217,0.090639995181719,0.30033298881180315
0.0026485496311181855,0.016005267121185884,-0.001598446862361767,-0.0021249109680465256,-0.006883991782055288,-2.2316185387544722,2.038840960881572,0.0033952261265804418,-0.00036612813652954143
-0.002728460165903503,-0.0011036348855883481,0.011163502148205879,0.0038287728327238094,-0.0011056882397916408,8.975066689084971e-05,0.001955221643728424,0.000780554635592933,0.03324245808218163
-2.954123651999285,0.025797156230367848,0.005641014582267626,-0.011421356457184726,-0.006850673261188711,-0.0037170350418365737,0.045714290917177006,0.3744298766352409,0.014473709334646062
0.0035541628557062346,-0.00037482462657356837,-0.0044994545312692785,0.009141016808501408,0.021577164574363206,0.7540834425075185,-0.21786931517427144,-0.00016835323199005433,-0.0049092404698989674
0.0035863338882018425,0.0029227885981003643,0.017578903226625326,-0.1130045719223357,-0.0026215405052706243,-0.0022073490203606367,0.0006412557926222823,-0.29510774615275803,-6.218664014633169
-0.014380409615656176,-0.004283271469114613,-0.0006578966864067927,0.0032627535681151506,-4.339079472923406,0.0024157303703908894,0.5973506095397884,1.7379945631834117,0.03032346439458153
-0.0007392824831855271,-0.012818140248920806,0.005514105284462379,0.04798678376021573,1.2430727750665014,0.7526950817986897,-1.6051498277878964,-0.004587058133874,0.0037662007943036688
-1.8279244989079197,-0.029967043843547148,-0.008522025727521344,0.705105548627088,0.002699090973518059,0.004889037726837696,-0.0012829452839618928,0.0016907861090660846,0.0031396202677988656
0.0003193917073323598,-0.0011135528888867527,0.0017077648513533416,2.7888477164030308,0.004730147982460827,0.003003778318225795,-1.0675197429070447,-0.00022554956517767573,-0.001314649741820495
0.005941759473093243,4.176178847243641,-0.004171107313234106,-3.2388023626935127,0.013528763383371657,0.0015305223174019306,-3.7455969433138496,-0.00277655947774289,-0.062088947636151415
0.019357240913082954,0.0502254693728231,-0.0086344508439327,0.0053203442671704414,-1.5540002877899508,-0.00922438791985486,0.02400554440396627,2.2408121038461704,-0.00019270270389060845
-0.0027661989499379452,-0.002496605338765688,0.004210458827148024,-0.006422056097890483,0.3578675099606281,2.711849047233962,0.007869712282402602,-0.006675294906076143,0.002063351454221589
0.012925947221200607,0.7603386981655325,0.010410820976861412,2.2050489206060213,-0.010021271181091862,-2.8826659792026437,2.5635596492852777,-0.0004540425002631243,0.005607086395584529
1.2925441890907197,0.0032401414824490015,0.007255621828371832,0.0010299104050198482,-0.001384621286760009,-0.0021844862032393024,-0.001701861878855071,-0.01408491733822952,-0.0029949007638737906
-0.009540642097982888,-5.631178304198899,0.006018277670443717,0.013900257622698503,0.06688661554391362,0.6415640464321706,-0.008205193549154943,-0.003316106772433547,6.833492781457172
1.6643935530320597,-0.005661281655256589,-0.05666715092690844,0.00411487675759975,1.9770667914271058,4.674044698865387,-0.005309797841156455,-0.0047724362683777555,-0.06411967826506798
-2.813463603370969,-2.0894288973813193,-0.01757991826306808,0.896301612781003,-0.0020370131747173142,0.0005479421976618093,0.0021993087537034092,0.005087167777746239,0.007267576506191531
-0.0065113726183081075,0.009873894560599103,0.003037162971804161,0.017002542000724263,0.005574595789684639,0.9083345946389385,0.006760532530645971,0.30936298752146996,1.3421207726878124
0.013689212167889667,0.10674565462403285,0.010994003253659599,0.220936018242881,-0.7690591036003118,-1.29666956316765,1.5606974750559033,-0.0011686462198668285,0.008016063355620256
-0.0039417404392830995,-0.002275326758234452,0.0107101867519747,-0.0012940993368317907,0.0005751896419610009,0.0002698858217557003,0.0038903055360899382,-0.000983099559912345,0.030027864744046916
-2.224933525096303,0.012134826752643386,4.461625537019556,-0.036647390283503695,0.00300761347126325,0.000639349756582152,0.021722280106472026,0.003167159288815386,0.030575809197941284
0.011196318966685631,0.0004916630436859609,-0.008103093174159581,0.012617805868521403,-1.5667369647786362,-1.6485387294243807,-0.0022421138621644895,0.0005247895245030221,-0.003476565968972653
-0.0026742549506143243,-0.007634127235776514,-0.0011897516426351371,-0.010494257785640643,0.9450118018470821,2.5230306684826154,-0.0019384975484674771,-0.004503678097800473,-0.0021798621511007026
-0.0006230984324057246,0.02386154759675278,0.6731679275202953,-0.00047540906033369923,-0.012512632956785202,-0.0013922335887527856,0.03174848338160777,0.006510920751599495,0.05251707132209947
-2.2087966983106515,-0.015706099621622394,2.1596581936057655,-0.2612271597048028,-5.277398431781377e-05,-0.001257304123045297,-3.6300052034767303,-0.005140076479557214,0.0018913732209524976
-0.002465807020733731,-0.010517127163767265,-0.071921367330398,0.0039500434935994975,0.009857092594434125,3.3769621328060095,-0.0007427697407627054,5.707490357222918,-0.0023179128453859332
-0.011479368054658795,-0.014126740007440772,-0.006608604775762111,1.5613600282656395,0.012120909838083116,0.6649410030418742,-0.002480742350282353,3.2266068449070624,0.004127685491806823
4.366991504859307,-0.01784384826986166,-3.659713029654415,-0.0020532141615100586,-0.010081177025720506,-0.05084415753594887,0.003051995447396219,-1.3417744209819593,-0.004590417999819851
-0.010089980396252602,-0.011890478557883055,0.015124464579114707,0.006361132864565156,-0.013235280592808703,0.001004065345400429,-1.6416440019782188,0.004884331503194309,0.012174752686459263
2.913661914789034,0.0055434066792516,0.0022492907218472687,0.15554743610748273,-0.019363628134513117,-0.012389028235729571,2.5220126550460433,-0.0005772515146895488,0.008739643464954566
-0.02146589332528301,-4.907642457472342,0.008120608794473586,0.002280182869100776,5.795332660035207,0.05248411147637988,-1.025153399310975,0.008172166651407235,0.005981926270501134
-0.7020888069986385,-0.008139190945920693,-0.0006699865463385248,0.0008855555410698892,0.006407771057621739,0.011395383814699985,-0.0036621631093238013,0.004912767903433788,0.002044971273924231
0.1443984080248218,0.0030769710664222084,-0.005383070815189045,-0.013950070777452937,0.0017106659342989994,-1.0743562599725185,0.0023480067692572687,-0.255933697623251,-1.320157604240657
0.006448773973450303,0.0038872010430766463,4.0935449546535345,0.002479381662858224,-0.011013230987506777,-0.007880359940868081,0.004574856540766351,-1.3405084175802315,0.001597293885473883
-0.9876652398279718,-0.04702812712931602,-0.001283991814801086,0.0006059073556107506,0.0034878367905507093,0.0035012527825321093,-0.004985691496683967,-0.0003044192288911422,0.0007944979919474928
-0.014194633725730217,-0.006526421326102334,0.0008907259783226491,-4.284454030769045,-0.004228146949704977,-0.0012658872164496137,0.6534104598735815,0.0030536695701509375,0.018323297792738443
0.003294909527077075,-0.001923307430067439,-0.0017359286942541072,-0.01354304747094214,3.307706090869608,-0.002738695585755402,-0.0019785493135797637,-1.5183533572308674,-0.009836849283016542
2.385888140771391,-0.00342777343862446,-2.1052553028151224,0.0020386084750321103,0.0037358997595935625,8.32382452062774e-05,0.00038121556800642387,-2.3307173434400763,-0.014381932645919415
0.015529633831116645,0.0009488074560255731,-0.005582817734821256,-3.2742621756120465,0.0039557778862479576,-1.4281196221424597,0.0012424645124011757,-1.2441576196245554,-0.015000965687411993
-0.012610820127887879,0.0009188830400147607,-0.004484164099773841,-0.0065853066092860174,-0.00025268955197520334,9.648041609860945e-05,0.044379535003744475,1.1194939134615176,0.014455841552191592
0.0023036065628278045,0.0002992658965760406,-0.004441694800119535,-2.7201427950815114,-0.00030656007547341484,-0.00114779222747979,0.0011110498740315054,-0.0035526626547138992,-0.006674770943791954
-2.47817844538324,-0.0027846544410228312,0.0025003291593243583,0.045031410620145804,-0.0012106703121322684,0.003234943634516077,-0.00032014055791934615,1.7335023815707944,0.015687446440729613
-0.0019093447199194109,0.005854916180435911,-0.0070748180555764905,-0.0026439206282182584,-0.015690949670028532,-0.0017035656868636725,0.8506447620826295,0.40202505641982134,0.002926263926880359
-0.8688863024796185,-0.012436255960844887,0.9176327841365396,-0.11113736241303293,-0.0002473198550769218,0.00031398262127048794,-0.0037516296397008004,-0.0022301259133810473,0.0027184413282027135
-0.13173692541133109,-0.02304398620499496,0.004133885111296032,0.010997877316193241,0.00428876253690097,0.936458824742582,-0.2740569843532814,0.0036523557312484883,4.308917367470027
-0.015059836244388945,0.0055600036839173915,0.002945477783195545,0.005602986936232033,-0.005941261840671591,1.8845074312201788,0.004863084694062159,0.12619608367590202,0.009303223305320431
-0.007316992326859437,-0.0016399832757456947,1.8833197158668784,0.002429099477223754,-1.070774729863134,-0.0009840939967349673,0.0020761445182621166,0.006648798611944846,0.8095379428436631
-1.5790223782195256,-1.990081090795568,-0.02649661446444862,-0.0036607284707206164,0.006656217995396299,0.00918746447420189,-0.01841300683921332,0.00481561257318701,-0.0053495620275158945
-0.003422543223648093,0.0003621265424629135,0.007119168905464792,0.061974628023662603,0.0022425962425139502,0.003173721307157763,-0.005320324021724647,0.31114557461956915,3.099702478679728
0.0751018298582817,2.462722304970275,0.0004048409413901083,-3.2036159998745752,0.0019257491309153107,-1.4753382502614871,-0.0028970061126965263,-0.006975134351956165,-0.013273076026791578
-0.007205173979020034,-0.0065246173456229226,0.001422631278747589,0.006464062449379312,0.015119670650298227,0.08420918227228853,-0.373899695440644,4.60956643881971,-0.0006647847793458256
-0.015428199232121412,-0.05604312001659549,-0.00040314501719847056,0.0012105244166136777,0.7720339094324337,0.03552179227840109,-0.008751667130889445,0.002078066236823219,0.0021983905027609324
0.0005410570533836414,-0.015919050351475006,-0.0032749637908126438,-0.006639170842575268,0.005208647536747518,0.0006561745999176982,-0.3739043782192753,-0.06301419663308272,-0.7514519474562686
0.2228480510107635,0.005477939813611059,9.41774764726365e-05,0.002379901342541414,-0.004436956737133353,-0.0034382497784351228,0.0013918843166044687,-0.017837781325999356,-2.179769273675132
0.008974871614244168,0.01325914460882608,-1.860479983584834,-4.358440732210966,-0.0007023860430874218,-1.616535401407262,0.33485549472880294,7.88549834984699e-05,-0.011220207718407815
0.00011682249103052433,-4.960234255806311,-0.011579874824364171,-0.005946596893662379,0.8247424529485379,1.2791240015635181,-0.01868446123016909,-0.001332971421996218,-0.008721701762396544
0.0025737842298186667,-0.0008734780488094812,-0.011410552464755811,-0.003728863027292158,2.0853189956855047,0.0008289711772864472,-0.060473508724762856,-0.001603378810249554,-0.015459806847600288
0.009514539814932027,0.0013481226898629194,0.0018033758250130504,-0.004900907683610216,0.0005337961058022311,-1.3876282029748148,-0.0005414100120426993,-0.010425749147391018,-0.003042612885957245
-0.0014024996360480285,-0.001563929857126857,0.0006311832462893389,-0.0027374001557206305,0.0016890674647038074,0.0006809071124517993,-0.0013068336595793016,0.00022135002259352372,-0.00012919019386205152
-0.004942826209434592,7.239299332804862,0.003625758298723844,-0.1991020193401587,-0.014232631186464229,-3.890590031848432,-3.6213956502293634,0.007299697582570486,-0.004431797927110542
0.004625862151015053,1.5238852510539664,0.9921524284446979,-0.016577412603720424,-0.006204405770927457,-0.9450775840499213,0.0024926687302743444,-0.002660570759924919,-0.0004526220040904109
0.0014374924151107221,-0.004457626670462879,0.7619160635463982,0.0034061027090120446,-0.00422297243569289,-1.034741734590705,0.34487776599708586,-0.19074836332553435,0.012900303099097
-0.006788278935906916,-0.013841955402475403,0.821068893611665,-0.010183830414796952,0.01878687189377226,5.535105765792384,-1.957363418367919,-1.474529193749401,0.0026219366580117753
0.0005235577014003397,0.005147392418167267,0.0010713793822186887,-0.004102046985639497,-0.008153739746330093,-0.0025392602956192762,0.18270849288295718,0.004690768310013825,2.1705246327404875
-0.005297903215839721,-0.28272554779358705,-0.01976570240472253,-0.0008151297857862429,1.2188544177185694,0.006554329401994241,-2.0981737589927887,0.002362229554821218,-0.00010978368650643375
0.7131510491359379,0.02437893367286282,0.0165221383554385,5.447003365211806,0.0004029187619875151,-0.000318008273091485,-0.6125171254439639,-0.004513212124338171,-0.012579844191007772
0.00397891984361777,0.01334859934404159,-0.07361387700695338,-0.004605542734523668,-2.187027669878791,-1.2907116405390617,0.0124042778921628,0.014389227079809108,-0.004112918024602173
0.0027381602662210538,-0.0006412052430564497,0.002068567564296839,-0.0066887818548259466,-0.009572909884088968,-0.22526295547838115,0.0227221200127071,-0.01358805296232297,0.000658279818730994
-0.00940302485904954,-0.004716025016989599,-1.2605536178415306,-0.0059598970701313,0.2558744887805071,0.8669024208079898,0.0008648125084105285,2.839320361594708,-0.002248148262994319
-0.003771030683364535,0.006816488365410031,0.00266991775026164,6.35589101966842,-4.437111054890668,0.00700306158315038,-3.1446097057227202,0.024767303871471146,0.004872420416835055
0.0024428120112992354,-0.0024241054793961775,-0.0037219228801061805,-0.00021019964934041043,0.33164959383345594,0.0022976333968086284,-0.004968807224961538,-1.1251821954111147,-0.016909405021910455
-0.002342936013942052,0.010328296903649392,5.8474853822751784,-0.006250693871946953,-0.005805221912379821,-0.0007253381531029373,0.0020843039123898993,0.5243789368706222,0.00498291242696363
0.0005084742570909823,-0.0006173714435991143,0.0009255012866115474,0.0007748185502757313,0.02134099057408187,1.011703436684208,-0.8849814836384176,-0.0007522277173763053,-0.002802613040769987
-2.065543797905637,0.0046751976275516485,0.007834516476993854,0.004373015657212666,0.0020732415607279953,0.9516930316972414,-0.000700748794684819,0.04716156948222821,0.015229332310706348
-3.8567541844858937,0.012348611840617148,5.203189789685457,0.004368684707696049,0.003746204947740181,0.01573076246623756,-0.00091086410007684,1.0867683909019326,0.010858431687455983
-0.0005147684381223816,0.004408555493662543,2.968151675942757,0.0033266192814797885,-0.020952623017354715,-0.002442994491314073,0.010681801068944778,0.0028096803723313022,0.45709956413831104
1.0463805559658528,0.000990478159948932,0.0024118407332640404,2.247382915961862,-0.006354603021789845,-0.0053057342188542606,-3.677093141664977,-0.010767186185417138,-0.0031352380526829746
-0.002598768813841447,0.0007225504077248181,-0.0009915936019727904,2.305075735739335,-0.003577114084563123,-5.923998004350771e-05,0.5700781852257517,0.009925264381349639,0.03798460067231182
-1.3427442538997354,-0.017128471664865738,-0.008983950777521031,0.12437178340215341,0.004697391169661239,0.8972072055234103,0.00323377035070474,0.003988888623433897,0.012617290637430528
0.009588851650576102,-0.0018045225296906275,-0.0062305684832137595,0.00024415742385096653,0.49773668303579327,5.04406669343295e-05,-1.6457780144988938,-0.03937438762400766,-0.02003810723264175
0.009214788166514332,-0.0030708125702197248,-2.33909069937266,-0.004418335257904346,0.0028150212450798184,-2.146975222454843,0.005113893664104696,-0.014586153038207733,-3.756162069462725
2.3992988050695163,0.00955081979627081,0.02771973249078733,-0.13203102599153105,-0.0022183344250301246,-0.00884728202402723,0.001838244275927988,-0.02525653885139801,-0.0009652178308528804
0.8894453083829854,-0.0010514405712740641,-0.015384325046063789,0.03715601681269108,-0.005356464374462536,-0.003538125914261769,-0.00010579666842607145,-0.0021766501720546358,-0.005292768447421265
0.0034838918084121786,-0.006010094928101756,-5.374742813170597,0.8834256185076839,-0.010590924155965839,-1.0792944145340415,0.05038037937596526,-0.004676869952014155,0.006937162671075615
-0.0286742379025224,-0.01505631832646144,-0.0022966242620323808,0.10853723132661527,0.008146094699463195,0.27699568239984024,-0.0055608616555738455,2.195785234646459,0.006883464485510839
0.0020102653357717444,-0.005097898455505356,-0.008639934967731248,0.001374363006843836,0.004454442995953227,0.0009045383953440074,-0.3694805760069713,-0.004377408360884459,-0.4885896871780545
3.503315787765296,2.233422103303712,0.09083641920464375,-3.200486271833446,-0.02546468272791025,-0.1400237931745869,0.0009293012294657316,-0.0030880783596816783,0.00023602678396733578
-0.0008033716611652031,1.7296785691434622,0.005739400400935266,-0.005358192019235472,0.0014658572094129463,0.00045816570662134213,0.017615248151159384,0.010418252137544964,4.253048465625506
-0.060163580898355024,0.0008345005012138362,0.004530855187430037,-0.5572294116114964,0.002895612737639521,0.0037879149123068306,4.2038080094604116,0.022048993498118973,0.006361730764688215
-0.0005109941591763631,2.7490080788753812,-0.0017861528755971634,-0.0021802455593204866,-0.005824131823680849,-0.0005796746999881623,-6.297112941732949e-05,0.8375454419802086,-0.0007625260611648713
0.0023098433313074093,0.007157420603373903,-0.0023969559668070572,-0.007170684695931262,0.014834946077225686,3.4501589158287667,-0.005727182210956361,0.003479181086524938,-3.6414338631509544
-0.0010931749457433384,0.018857120795463613,0.013868629953115217,0.008481112912738942,-0.0034549560797140586,-9.266396737697084e-05,0.5336616862174115,0.006657860987497809,0.19998548927692544
-0.008338475201408672,-0.1621535584402512,-0.23247004385292408,0.016859498575480688,0.011495364468769975,0.7826210222685576,0.00023652064270641635,0.001400019151128944,0.0016688069600279288
0.007545180478672753,0.3860231624316095,0.0003595416020526175,-0.005768588985768521,-1.634432359651873,-0.016678147040441266,0.004261254973769774,2.9901208119936773,-0.002390980914448483
-0.0011002572983264697,-0.001157254477142349,0.0036389809379641144,0.0019578254208272514,-0.007203129103208894,-0.0016102217472127504,0.00408570830952631,-0.000201930244086994,1.0093636668899657
-0.0041851070297891585,-3.0819507454217594,-0.007357275146412878,0.0013168925095929501,0.003468370676428474,0.0022705896963958485,-0.0024829513717618823,0.001581983209375211,0.00029432181669967485
-0.3665576345239541,-0.010285079079206227,0.0036162807373943673,0.0011380525793040566,0.004723852567611139,0.006156190796568789,-0.006418102491571681,4.067024424680779,3.438441469938372
-0.0033286260888944277,0.0021316762453932048,-0.0004057360615492882,0.0021168829269444488,-4.521880995760731,0.0009086228909935962,0.10053774353299372,0.005038579628189018,0.005989823877294163
-0.02217346032082031,-0.008481836422552838,-0.003953283258526523,0.0008371335608907387,0.016729655772402444,0.4734905641861591,0.00014692746635875352,0.0038505104300155983,0.0030558782087527847
-0.0009879152457756566,-0.001438033753294675,-0.007210733784885617,-1.5199006987685124,0.552058788972459,0.004442431219468494,-0.00976251665170237,0.0009233900140094035,-0.7999190297371142
0.00020989637311830448,0.0030333713964644403,0.001943703963291843,-0.0077816791905712425,0.006195555604550841,0.0019084306853849884,-0.013567521265089946,0.001232273360643158,-0.008719452044887053
1.044794553667412,0.002588112623563443,0.0010239957485205908,-1.7220366991037857,-0.0006990009302989767,-0.004622971382150213,-0.0009802607413911917,-0.08666257431521504,-0.018870984474985475
-0.0037049842463808824,-0.28947594406457133,-0.011343796019013886,-3.74599967016606,-0.003501839261574812,-0.002702741262454296,-3.1272442337689488,-0.0025558470020072277,-3.989663674035448
-2.998137655041414,-0.027455745140728516,-0.01295222811964571,0.9275342892527505,0.005224434662963275,0.008322780104057743,-0.001656189033160331,0.00012394931837264855,0.0005619991961394247
0.0059989287882932715,8.672353891174074,4.26007196873714,-0.0006344612383604193,0.009317540799993071,2.6455799941769476,-0.28445216908429133,-0.0026063952506150834,-0.008302061525160331
0.0009169839906322584,-0.0008795300952136863,0.01129801313106003,1.376025364084007,-0.0002138157803069534,3.695970953287588e-05,-0.002107801951717768,-0.0037110783466534803,0.0019320809219427063
-0.0008464506124799695,-0.0046796123136238245,0.0012506088359099852,-0.003786314599952462,0.0026470145255925543,0.0006550709246775586,-0.0041258523014018585,-0.003248145387773151,-0.0020413141759610875
2.4403215044136357,-0.002502089390861814,0.0028777374486651935,0.00703539124559012,0.005486939766457727,0.0016291017017463529,-0.01520241239052994,-0.23154411847396417,-3.9134299103111108
0.003675895914205914,0.014708842928721128,0.06278307377738371,-0.006495864963332713,-1.1812958442595396,-0.3600695185694538,1.577297054166467,-0.004945244409095276,0.00042150251479216964
-0.001672476520950747,1.5317655201416347,-0.0036668100644048334,-0.004157969945555723,-2.729899138953958,0.0008353400584084486,-0.0018074874836613401,0.016956767282682677,-0.0008812839871382453
0.0026523488915849436,-0.017804182510088612,0.001404066098138812,-3.722320597353418,-0.3813554588315551,-0.027875679606754314,-0.008304691624944058,-2.0080783122225645,-3.579703578015023
0.001943319140679958,0.005419690697923918,0.036023030905535935,0.00023454573181402524,-0.01862409456620795,-0.7314663295988126,1.0566846889271302,-0.003603915965622321,0.005597342275651394
1.734063319430625,0.02590270179120885,1.0798378037713763,-8.20310596091299e-05,-0.016978018634814573,-0.2412743294978852,4.101347057003084,-2.560509233444334,0.002818447549268792
3.203075878590125,-0.0032951886760063517,0.0025682470820865555,-6.371914380909212,-0.011358122907027424,-0.07657388608020513,-0.002782896279598976,-0.5808684761564983,-0.03289501913678006
-0.010409281451878177,-0.004883282689237212,0.003288995340999016,0.018780253543216996,-1.7606014616532282,0.001944469556752957,0.004608036840690824,0.015896024084837843,0.15696706074318345
-0.013877868513088254,-0.009758747156591974,0.0011430777530442129,0.003173739037542537,0.004118543324530559,0.008008736579643742,-0.9466870880298749,0.008329826295187685,0.003585318019351007
0.003637985448385346,-0.007394984000054779,-0.11696457701962837,-0.00011684922396739891,0.13340967145148053,2.2462651675804546,-0.010085470258578366,-0.0015130575760187726,-1.8139084854688365
0.02449402390334754,0.022286267388334086,0.0051814833001348135,-2.6891782441169614,-0.0029953107485672942,-0.008051766531448068,2.8658989575717126,-0.006703088120242923,-4.783574135484197
1.8026970143304184,0.002020925701077905,-0.07888899220205856,-0.014320473285229339,-0.0018054479977226597,-0.010173408398199128,0.0049616830699195265,-0.002394928403320204,-0.02508367198296521
-0.003706208732788199,0.003872549603974018,-0.02023790456627586,0.00021679520459162607,0.00033164977839492127,2.6358734197045304,0.005143620273243804,0.013244183948987964,0.000619118287117245
0.031585129417554314,0.015676468282872433,0.010291313329983356,-0.021966570526499585,0.0013983922758516354,-0.003141289297890794,-2.321614777127179,-0.11163196109256057,-0.7429254075211591
0.031051342117227897,0.0022851909189015103,-0.0031400080768352067,-0.036507186579991004,-0.0050415182787604,-0.18886797970167715,0.0005881398608715734,-0.2906511424994006,-0.05930731026232474
2.479686695446596,-0.0019189462332630577,0.022768029103068268,0.034176620400110075,-0.021090271586354528,-0.0020079537305608885,-0.34468749809925064,-0.004642062467479201,-0.0001819922256369802
0.05407372915383487,0.004056549699447784,0.005111622404960033,0.0038184679979714436,-0.046062119337845674,-0.01547773114619908,-0.0029972865727073777,-1.5017497494573369,-0.00825503708464552
0.2583527115502507,0.007175222394345915,0.005326607522949028,0.0034522119314423154,-0.006287616733116791,-0.008092023317784755,0.00442738033716973,-1.3669804066327476,0.0006129170364235111
-0.004088574097978407,-0.010410998335373983,-2.8140491857065997,0.020155597908927445,0.013269423748098266,0.02503004828109865,-0.06721732645344328,2.9966077000817952,-0.0061606296457234755
-0.005207031137551048,-0.0035582784350519482,-0.007821059775045592,1.5861621946549367,0.03364014033349429,0.04607492076374346,-0.000971428067284813,2.6592305535466796,0.0020562285494242424
-0.003064283571459633,0.0019874015169006293,0.00247373479730469,1.3547732367141467,-0.0011544049667674599,0.0006064499036867652,0.003546761375535826,0.02725262377727847,0.10431033276770121
0.1688069318456994,0.0027722358923941643,-0.011302793263558705,-0.009516415296437238,0.0040827380349236775,-1.2179706008188211,0.0011135396286243715,-1.2110298382754718,-0.04028335709773337
0.028838243203251845,1.1152994073563747,0.03453186658185939,2.4934083739118247,-3.087235542197944,-0.028138976214119538,2.3866075946495777,-0.009972467756763467,0.0006915375313158306
0.04125787749969784,0.010325612901070282,-3.936189349015419,-0.020726011811753826,-0.0017875742883305679,-0.7621684763352765,0.013534788374409995,-1.3867902550322548,-1.4831136659055533
-0.008581338769979525,-2.03076803754805,-0.03526441455319698,0.4398897411453742,0.0002990008960081156,0.005807029911955697,-1.047779068056823,2.7697393208800722,-0.00044951683544758314
-0.030466393389832806,-0.005498088452580081,0.003808680691610147,0.023473969441594137,0.0021836305037707428,0.00618246508407871,-0.005668452465875237,1.7309990216665005,0.01413566067557772
0.0016674079039556144,0.2399522375069385,2.016882099309309,0.0043182891092768405,-0.6489675621974875,-3.5593913065965594,0.0022413037600809427,0.00923308793403771,0.004405912485476983
-0.1637278277767282,-0.01238804776845541,0.06734643592161757,0.006964413683625826,0.018364982964666182,0.25156441033953536,-0.005500067089975089,0.00017094958063910808,0.6822751669567153
0.0054665110511364235,0.00018402178083529543,-0.0011647130462906956,-0.004354951271716572,0.00016664387369681125,-0.0008482477669353564,-0.0012084557707170117,-0.6376760625783916,-1.0112037442131796
0.0013754660204439296,-0.0030880771508880324,-0.006794723694234953,0.00069505210561285,0.000982601252586578,-0.0001008667206256533,-0.001234409801600789,-0.0035168130968101356,-0.004445706905960752
-0.009753931638425894,0.0008970432140622058,0.005025869029716946,-2.0688408487990175,0.0033802293022046903,0.0020401889971147762,-5.505920887145625e-05,5.347637537195046,0.004436843361702483
2.8914183464078604,0.023088761795262647,2.1880235843944043,3.8816531061195683,-0.012796428101890855,-2.480709811743033,4.574305849747091,-0.0037390053497003972,0.027702381829851574
2.5115813976608257,0.012100946258489216,-0.0032236337161777855,0.06694407073637577,-0.008826394385801704,-0.004289682705695198,0.011821744669756086,0.00876564880908248,0.005258794260725456
2.424541604273454,0.008028659503941969,0.007285043789247516,-0.0880340070911389,-0.002889023748529604,-0.561838164667103,0.0033777849461787968,-0.051779698816173676,-0.0035409291676122973
0.00042276086803665763,-0.004355776110647747,0.001128688817353798,0.004890853615192481,-4.517401276084444,-0.00027793545083988624,-0.0055762871810001455,-0.00035598091601590776,0.00016129384845316522
0.0032499607804936555,0.006883354865423373,-0.005697809181128799,-0.004015257308213077,-0.015503800934654107,-0.006510843120287644,0.5181932454305669,-0.0001656677141658354,-0.0015192643398648225
0.001230713110345786,0.043719582515231226,1.00685573411406,0.002624018634915867,-2.2994948036504193,-0.0009212419810705683,0.00010638025003490532,0.0012636296282719965,0.00160965540513619
-0.0008168577878264836,-0.00861005588192377,-0.027874986702736658,0.0060656105181420075,0.0032189205269867265,0.001185692526211353,-0.003959967729113648,-0.0012571045538499886,-2.427894736876065
0.22959737111547224,5.3391353434973965,-0.0056401534709356535,0.004163940817914918,-0.010336250861733565,-0.5234348969142021,0.16624411242751247,-0.005390509592755612,-0.0008925583792087251
0.002092321152105975,-0.5990145965845457,-2.0349315293938486,3.718400418695941,7.068566916555806,1.0835749058746291e-05,-2.4832158047851705,-0.005577373287565305,-0.0068213882447537635
0.011818883844943388,0.0006515664221691552,-3.17203135963055,-3.147847424918185,0.003254451781496942,-0.9939022501120026,0.031230381235731297,-0.09403803545373583,-0.013659573264331953
0.02181155935050305,0.008836557815156576,0.012277277401305076,0.08078344933937709,-5.405700505671433,-3.076909427099263,0.0030670173915714888,-0.012637845129803482,0.006497751615399255
-0.024255044634307506,-0.012947263764567668,0.0001374091597924684,0.006548297609702963,0.003634391677729155,0.006558929075028573,-0.02952957200360018,0.00924768598177037,0.003332406450062706
0.00389312822793335,0.004913299912290891,0.22555548954924923,-0.0005819052229012175,-0.0026851513638559755,-0.0019850365284451266,0.0024849887963068014,-0.008166846641166386,0.0006224453619612924
0.003054260534948637,-0.018732697603574933,-0.002483597226455553,-0.01209777106267887,2.966906975127574,-0.0026189623187947014,-0.986330994413531,-0.017257767175635052,-0.010719153640754858
0.03894089096181405,11.429647578294173,-0.0024617532675331455,-2.1189853056581676,-0.016148925110816614,-0.021535508602774915,-0.0006716493982545368,-0.009253650370257209,-1.305229773289594
-0.0034755123247120264,0.008447221891933622,2.0714201714333975,-0.0038641442483685257,-0.004357586341173178,-0.00034198387126460183,0.006578438811884142,0.021240848029511025,0.5335319848603541
-0.002380066690185329,0.00034836005607699616,0.002012276935734561,-0.005215412711197423,-2.0412412123734462,-0.0016941881464205555,0.004037855570279552,0.002111400386597447,0.0019591069788853603
-0.9101924998067341,-0.02572380038344696,-1.062195042368701,-0.02956053112345238,0.003605128432782701,0.004069120542269322,-3.0601911328042304,0.009720110582492607,-0.0027470382743159313
-0.011373631882716374,0.0003866262524401809,0.010420737340860263,4.398833923539468,5.806436227663832,0.25376717631084755,0.001491727604195187,0.009373665706050527,0.016444136117200796
-5.529725211667053,-0.007944328951074,-0.0024996546964488053,0.00737167636307901,-0.01687074591203075,-3.266003324834217,0.01908232082495176,2.1881763081822627e-05,0.015059391995559654
-0.03358866310236737,0.0046508920796289365,0.011818347048042528,-0.0012231837346399555,-0.0009526744683082677,2.3463994606350207,0.011417196515559669,2.3512163703994755,0.029691095549066904
0.002556544751748619,-3.437933873537875,-0.00992353300415351,0.0054181604036056515,0.0032499512163027995,0.0010184691709563605,-0.0005613735643438117,-5.439476217089228,-0.00403946873824082
0.003301279629158972,0.03264648876586962,0.029664678683761946,0.002179586573559024,-4.406048930620135,-0.0031385820896492334,0.00806302109705506,-0.001980083325514425,0.001652110321461054
-0.012123697970583047,-0.07685469141268086,-0.008085913146290893,0.005131102895587533,9.52362002803969,0.02094201595695966,-0.022135865378276692,0.00914829658948537,0.0029967593659367686
-3.723930804645314,0.004995370833159089,3.453603333765744,-0.0001245565487526495,-0.0048994664736315,-0.00032624537275470575,-0.0006209637323562958,2.5363371372942045,0.009915117644850202
-0.0038281012300408583,-0.006699111324121307,-0.03727526182237515,-0.008560645147806936,0.1684618504368056,0.012162889198422788,-2.044642847177913,0.0033644890558064706,-2.0424870899863636
1.6471092095861348,1.5205792333856394,0.0012931192847992464,1.4066065681496778e-05,-1.7817182607351922,-0.0139119776075734,-0.0012572128208755279,0.0006356829704894269,-0.005213546626865202
3.7527175445946845,0.014137911126150912,-0.002817834072054548,-0.008681769660789998,-0.015260603581797927,-2.731908050335173,-0.007997688721465779,0.005016923219023826,-1.7590723711087914
-0.029240916291383874,-7.5601027292475,0.006526587993914076,1.6894311112452296,0.0024866102774620535,0.008680582955815407,-0.0010580466737307864,0.009445006241536508,0.038935947837778886
-2.4167537255774008,0.026226148119140036,2.6003144295179395,-0.0075970206901694315,-1.251393258370065,-5.282520707507189,0.013948632019358476,0.04924513646939932,0.6109097825102446
-0.004698998051258313,-0.00019054857549902215,0.0008994210994281602,0.01881542857151844,4.325530945448823,0.03103153377501222,-0.00023683883944914936,0.009032271930517696,0.006044391788882801
-0.0006481350140238526,0.013023595284041262,4.258258259724708,0.0014996114129036935,-0.23982622020978084,-0.007009894171824488,1.8794738023017992,3.3074134358052794,0.02574380909325308
-0.00035012121741356697,-0.003212362715998574,-0.0036103372925949022,-1.1803753908808752,0.0005440295780287045,-0.0004559964124168959,-0.0016628199177101503,-4.271405113807722,-0.008033860982947436
0.01578382831078844,0.005746595455182232,0.017795030437434377,-0.0042300785067382815,-0.0027282807053567934,-0.7046384149726366,0.0017771845823412805,-0.022684237587163102,-0.001512152213367552
0.0032583596402646683,0.002759100856518846,-0.0020217782455925724,0.038840347982570855,-0.0074742754166253235,-0.002544974679404507,0.4224538574213669,-9.396954993027076e-05,2.668902199657864
0.005032998786903969,0.0002730571097578358,0.7806405915831542,-0.003895802046361489,-0.09220764706637254,-0.23832958919632058,-0.0015323578538539153,-0.020288025497352716,-0.002230661118163685
-3.5200964810077635,-0.02385111339796335,0.0019349352349543032,-4.726167745076907,0.004031226447961849,-0.0008914171659539158,3.0541198914283934,-0.02210752328449437,0.008579876799637648
1.7775755469279386,0.10729118893664946,0.8631345637269495,0.05226924635897583,-0.008908332477279478,-0.004574098602838389,2.516317559818971,-0.002422486020355514,0.015937819628154767
-2.522639188336163,0.008590416750196977,-0.0012622778358732083,-0.013838434670456402,1.1517600404375372,0.015961411256393415,0.009282708941620314,0.022244882281387046,0.0021191976382848934
-0.003316618315748335,-7.609545302817113,-0.01766669092165813,0.05678587748342318,-0.31863972324853534,-0.0012161083437574318,3.261473349253768,0.0071126020746414085,0.008353765403924136
-0.0028613526730840587,-0.001390782476393381,0.00032074211480989553,0.5442644642102098,0.0007007384894037075,0.0018454527806581788,-0.001999545045453768,0.010732416176736764,0.004402942062983016
0.002905664584092555,-0.0035809485965494574,-0.0008382517740618914,0.0010387391623565643,0.0012800724228018755,4.176403876874463e-05,-0.02469661893188674,-0.04770465326635208,-0.7309326126789264
-0.007036501828938124,-0.003735034215499783,-0.006646349563583731,0.0018790394545657677,0.061932407924734534,0.5427508628224197,-0.0008971885851330255,3.612388425001157,0.0006696509797980768
-0.011143934005537506,-0.006146849778468599,0.0026997848831028766,0.01027744767430664,0.0048291607707643715,0.00451907147357151,-0.006039018070255306,0.006033280298559488,2.308209025778802
0.0034267574809992516,5.85067689096913,-0.00014580920826393062,-0.004834852386266901,-0.12500018786611755,-0.037864518389199325,1.6609694353870221,-0.001295680277556041,-0.0009925080360843712
0.04462664869723932,0.0021598384002720857,-0.006688483746851711,0.0006246144881497033,-0.006230635223668735,-0.8121388130417133,0.0029556507841289117,-2.074368877193246,-0.006895164973140924
0.004178910503126937,-0.036689404788859736,-0.007567264267732948,-0.002676346123185295,6.527417988515764,-0.003730100963655336,-0.6614164676038552,-1.3111535690846483,-0.016443252847569395
0.009658092796026113,0.02818245636484644,0.007986773279372993,-0.011908035592038874,1.5226720752409286,0.0017404795552358257,0.00041179675484903465,-0.003899272571960037,-3.758595672832612
-0.0049732893925219235,-0.002460688379495396,-0.07319883614446013,-0.010252427211611875,1.5894272863636658,1.8559404875096694,0.0022632814063534012,0.005325601675784775,-0.0032775715690970923
-0.00032956171692939646,0.0040992867263586604,-0.0005555532607627744,0.0003446180793004321,-0.004784904545530798,-0.0011894353731658621,0.03766049442679788,0.004480658039418852,0.0059197241192603224
-0.0026684183875112194,-0.005122095505771092,-0.010908121629785245,0.0015742416492365782,1.1730631362171318,0.5478141621346719,-0.0123355791001463,0.003340133024377065,-0.002763015707332358
-0.009827106897499716,-0.009657198163020055,0.0006708427527317012,0.47129442281049005,1.7708395489923756e-05,1.6793501775149915,-0.006295532637363294,0.004406412552626748,3.454833544298127
0.011383747863881126,0.0025384607803884216,0.025521596266964673,-0.002469322245588842,-0.003696255219282747,-0.6508738357110441,0.0012375494214362306,-0.04899915744724685,-0.001049519585068946
-0.13581452602438226,-0.01813232174453882,-0.010319024936002931,-0.003882154514519361,-0.004510688245690694,0.0003501615177758065,1.3121091872700068,0.011542123285794886,0.008370761803334134
0.0076536805580702146,2.0634838906843376,1.9336176907845921,-0.007033120094131815,-0.007597199478664003,-0.005045153762827849,0.00019198771586786262,-0.003317432673581808,-0.0034902916491414133
-2.0654877538488017,0.007240527209713424,0.002101720985000159,-0.005165543697992991,0.003680665510449488,0.003960361512744943,0.0045814342032346606,0.1690299175807517,3.186841487288108
-0.02470965887985377,-0.012700535607081523,-0.844418559590749,0.003253152542230876,0.014478667491543445,0.5133709145663767,-0.0007276061941826686,1.530656884311597,0.0018825980593214497
4.185530017895247,2.521473078176563,0.4751629038305214,-0.19578256701200203,-0.0010148539034212922,-0.004289224122095967,-0.0005294824987649438,-0.005286308741672731,-0.004060147020525762
1.6493533265808082,0.07020512072696543,3.8350994462812107,-0.012085705368296257,-0.09799908058587725,-0.020960225897918034,0.00043316547807896455,0.00032634980198562036,-4.416828370184284
2.7161771739854172,0.002082552160264532,0.00501238935566866,-3.424994211818413,0.00423089141195547,0.0011056686506475365,-0.01283861676449477,-0.017255840350152013,-0.9325914154069137
-0.0011385663757890983,-0.004134366665410838,0.10172763477374125,0.0053460373609773215,-1.9311959515777488,-0.0068693363087456855,0.006892421819886054,-0.005757448751333444,1.2367134559543829
0.4535494105529165,0.042599530128693865,0.005790408264153821,-0.01323611872076994,-0.0008959291694664723,-0.9540658552314826,0.003984284047325468,-0.005203712088011903,-0.003178203769301266
-0.0018209528817635435,1.188913626307078,0.00905413879880215,3.9237461967745664,-0.006492735491979887,-0.0008029298025079971,0.01418175410251657,0.4704834732168572,0.05919928499552013
-1.1089653245872269,-0.0034317609761582656,-0.006537053619495808,-0.0017140664465561384,0.0019903110449702097,0.0025848607605290603,0.0013954144923575195,0.012544296617817807,0.002934913324165886
-0.004648152108859788,-0.002389903598872964,0.0010673402127847047,4.220868918233119,-0.0009505788142591381,0.0011201539734692588,2.652398911019141,4.612806985008885,0.021736610507611664
-0.00021772778226984729,0.00046643591753973306,-0.0047130054438031255,0.03474224799015196,-0.008210602825573381,-0.002747239837285134,0.014573619280402446,2.853070196358898,0.03887857917644805
-1.7071040019967865,-1.1082976702524743,0.006199817482183793,-0.00047167541678244315,0.0011071498453465653,0.002589247928386912,-2.483599314077602,-0.0020445541597806094,0.005721419546025872
-0.01628910663596545,-1.9237181270394892,0.004711761490614041,-0.04351196025310396,1.5303810646720857,0.004374873688523628,-3.2603431139242307,0.0008044376403259432,0.001739236161196929
0.0026581744379792216,-0.0030974178997155988,3.711444913393619e-05,0.0026630944967708653,1.1779965378376094,1.6506643977891748,-1.3443067407158225,-0.0051034453380156,-0.004393200828574912
-0.0013309344350960761,-0.002172475183958855,0.000216641058788692,0.03348065178360483,-0.004999524736287771,0.0001401703606529886,2.1806560452960326,0.0025174199227289687,0.007861204947499692
-0.003122758148488723,-0.0056878264124741,-0.006523172822902969,0.002649227858187101,0.019119803771472432,0.5286035198024723,-0.5207863555098429,4.186962570530969,-0.0078003517163095365
0.004232813437925714,0.003748350386112846,0.001703452558144706,-0.0018172139273451814,0.002540121584563603,0.0006352894379380199,-0.8032035605926051,-0.0022317601024699103,-1.3341741262648026
-0.005397700780135968,-0.18260203450679136,-1.3882323880793408,-0.005426153949087188,-0.007807646606155102,-0.0015658283685678794,1.9943250158869663,0.0010761424949021804,0.0018458470918551397
0.006009385705809368,0.013156084718880467,0.011511273520586347,0.013901253482787534,-1.4496449710428827,-1.0593898192135942,0.6575038300602443,-0.0032534837707914877,0.010405491976649072
-0.012008447689546675,0.0032325006065198614,0.004167477997341493,0.008880401814123091,0.0015714115777234194,0.8055408419615557,4.355255968346576,0.24291571384328536,0.2105719213888021
-0.0027976186371175002,0.04596255165432531,0.003998871524633997,0.265801641429282,-0.0015737689908793956,1.2020771962996117,0.004974219642819924,0.036533894402210346,0.007868442707705014
-0.01412633429534045,-1.0752124782401022,-0.027107804376698602,0.004868735156424137,4.14596998587384,0.43930998889189254,-1.9380421091960711,0.012168825150211199,0.0025683291367981434
0.02094300325655342,0.06750770366763031,0.009744930786584442,-0.0020362431353870645,0.002149457013115594,-0.0013440015320146104,1.6709113121669756,-3.6558943565227384,-0.0008198791827342677
-0.003301070616207826,-1.8684361829215836,-0.014786806250616027,0.042010445698801406,0.012502928632637855,0.2319566363871055,-0.3293218767503805,0.0031120680960993077,-0.0002827573872414275
-0.0015376887642585206,-0.009712663716457352,-0.7378041726038691,-0.5334190579870739,0.0062093617732703905,0.0006712554930208716,-0.0008862150868837551,-0.002517984853309375,-0.0064906205856720195
-0.0006641924336090121,0.011737086827128233,0.049115059624653346,-0.02425500199369667,-0.004152497912302457,-0.0017447439795077154,0.45284236593763094,0.0002158983438206401,0.005236142507596466
0.00446795247566821,-0.004988009855743464,0.0008626093103174634,0.0016084290155422287,0.0022891258158457425,-0.001045236301650071,-3.281058921988345,-0.8886767102282049,-0.004197047755849365
-2.123341030823658,-4.390918440124036,-0.011395050787604971,-0.007435369431932855,2.342640638027655,0.003201548610612892,0.012701888028739228,-0.00020795975844370776,0.002447228779214501
4.561848652908051,0.013244484706435078,1.04237104149434,-2.82771624059261,0.020211838123437464,0.0062651939034910654,-0.008940969875577576,-1.5693458260823192,-0.014551516301818113
-0.1871319843608268,-0.01579012273243885,-2.7328474951100787,-0.05838429273908555,0.005388329660487967,0.004167407336604284,-3.750776169904278,2.705858502559683,-0.0061624728755694845
2.2701299853940062,-0.01712940999508676,-0.36687434748534925,1.3274365336817775,-0.002071293024965802,-0.013684126247735247,0.7572704305162024,-0.11525573443991113,3.5899875271971915e-06
0.01790045942773537,2.409394456147017,3.1129751864021364,1.8766193584452053,-0.04130691907564307,-0.0067763982102850995,0.0031716131881429667,-0.003727319232643524,0.00047946339632912865
0.0035466327341898973,-0.002877955721777209,-0.0019514801476035598,0.006039576156923646,-1.6976483245226675,-1.0173470986491768,0.004040411506924441,-0.002942346814639979,0.000865652955671382
0.011423668326458136,0.08846048385341565,-0.0013524487357709615,0.18331388005294783,0.0015280855541589683,0.0001819915816887105,2.9502892530449167,-0.0005832904347816987,-0.0005135296997731478
-0.01735236024209327,-7.7586013082678305,0.006973417592481115,1.9053348244259045,0.013681869348478481,0.19136502913111467,-0.01920956379846661,8.708101793307367,0.0032278365421234134
0.0018256917161455673,-0.026008853643211677,-0.01655949211524491,-0.0023417459353511604,2.138858284877602,0.00036699889014094045,-0.04253936737351438,-0.003973806812905522,-0.009687803981620953
0.017959458298336718,0.08122453357735412,0.02545833420472217,-0.002142803834723552,-0.027038558078637864,-0.7171387862230143,0.008557299553386313,-8.07345010926382,0.00048314764591045334
-0.004074497218044766,-0.0005825586729509766,0.0325120210758752,0.02849838066573446,-1.6203379121383927,0.0013512125737809959,0.0007950956337771198,0.005421762470107506,0.03297761658481826
-0.010145049168332587,-0.01904827013059477,-0.12141676549748061,0.0001592909161110459,0.039565430201273635,0.14871534275871973,-0.02085554268170286,0.005452087114067095,-0.001776400378560961
0.016250602213359364,-3.2383075686474663,-0.1915186723943891,0.01349146180354306,0.004479161386675201,-1.9235618317554275,0.010032514875977894,-1.1050084008028433,-0.0038193435920405652
-0.06747060630715318,-0.00038636375123743405,0.027594667634172232,-2.6186785986677847,-0.04839949805772403,-1.9139849762904113,2.371217778510003,0.002764797186622203,0.03761421614520727
-0.0008137218112483492,0.006272539601997321,-0.009053942371478111,-0.0018698888296170364,-0.020901673952610667,-1.2950758379740932,0.01774481473725803,0.006567780532379785,0.0010589731495800354
-0.0006641332872021689,0.0057254463792105765,2.129615866701244,-0.0031711530379592906,0.0017074786000708993,0.00019450137746052434,0.007329552552755076,-0.00024026306968582766,0.006850649356397806
0.005820713707874448,-0.00923186258585422,3.6483213926425773,-0.00048327756150387535,-0.006708950696843352,-2.0870001138103875,-0.06658730833926985,-1.2676675657818497,-0.006121559178592632
-1.1853194226770799e-06,-0.008953175272105684,-0.0022810924593864115,0.0039648241948061005,0.002521723006548649,0.0006858739445145855,-0.004616141185536069,-0.004995669323772301,-0.002226472292391193
0.5435470709251631,0.013088478898762565,-0.08983019416443287,4.972679361725539,-0.0010766755509292935,-0.0037269855849161176,1.721563195997565,0.0008442416407119825,-0.015744605410368
-0.0044482868715038665,-0.0024327190426169567,-0.004550065602439673,3.254323178853504,0.003907750463873183,0.007966649865953043,-0.006969855372782481,0.6169583963952946,-0.0007026775650005139
-5.178500910697421,-0.002858995792470509,18.687523913012967,-0.005440772882363276,-0.02564695248142057,-0.009102887105839563,0.0073008820451553325,6.5715036726981,3.3961721504131646
2.880814427932531,0.005284048141413811,3.1329120982597303,0.01759780899071323,0.008061694455874485,0.0019572185612770215,2.559275763291631,-0.014983428607085014,0.012893053073487119
-0.006073456570390652,-0.004954794734233368,0.014333958590845887,0.007922289508539624,0.004443060134108182,0.9491235714137269,-0.004428275448165056,-2.956978429993881e-05,0.004411766754288823
-0.024699018200209324,-0.0035391347351013207,0.004303539058181021,-0.0007919806334657539,0.014058698561261962,1.103910639418033,0.001330834248384552,4.186187177596436,0.009431036906971349
-0.040865965966631446,-0.17214616378476622,-0.018199897771742846,0.49700967067235424,0.007636533106863631,0.02940914309328633,-0.005073504041543813,0.007943782585518696,0.0038086385220222033
0.026417069651031418,0.0013224822691336943,-4.75919320652338,2.267482489074792,-0.004614933332142875,-0.005162967027611997,0.00407220505648171,-1.5038198030238803,-0.003729981775564717
-0.0025940922204470574,0.0016919852080460474,-0.005773308955751028,-0.004522894111186199,-0.0009518295698304532,-0.0002892867463686454,0.011640692659109195,1.1309663169183244,3.500526603972744
0.0057815500814254505,0.0013253523976460829,-0.006509036885549919,-0.009323231570124399,-0.004722489727524586,-0.4541434964918915,0.012855999733140965,-0.004480946985460235,-0.0030037508203349266
0.00316112494223028,0.04544982534384396,0.0047930824527636084,-0.0009209082384757658,-0.020665591861105483,-0.0027427497708873757,0.0029323639867596496,0.770422906064356,0.002248128122997675
0.0017960550452403579,0.05055610354560225,0.08056781928138894,-0.00199209584558651,-2.614731440828105,-0.0010565052115167964,-0.00958863568459934,0.000860417114947094,-0.0012283325344411423
0.5516478710739594,0.026844881772219494,0.0028780635301544903,-0.0012310594610764457,-0.01018321526087944,-0.04397244634792908,0.024452695246086818,-0.0037600340788654604,0.00016741725575277356
-0.01243486417935951,-0.017254820081582772,0.0011014371503503487,-0.0016766117556523763,1.8993343248035475,0.009501119054238921,-0.002945208352544112,0.0026810335590260513,0.0027421978605388754
-0.023901292396315582,-0.005560912780314398,0.008051243186695908,-0.007283882422028563,-2.6007749222882914,-0.0027639084324788676,0.7268822080927638,0.001215793341293658,1.3341363353288496
-0.002016324751805791,-2.6048620837368115,-0.004673239921729484,-0.005462026209164833,0.012991881909275027,0.0027055712776125392,-0.03162013832055349,-1.8811962332171142,-2.694775378398835
0.009435790043890415,0.002639135676255312,-0.0029467516978566033,0.004376615518932436,-0.017272600908670915,-0.8626258730639942,0.0010314740437029346,-0.000833019014333385,-0.001424631976217278
-0.0006825482889612582,0.00686682168224844,0.0025578994754652967,-0.0011332997679010502,-0.0070470035635056775,-0.000769740700539951,0.0016700207032796929,0.02704371691381871,0.0028701499251456942
-0.004477552250473462,-0.01654482505143319,-1.446470028783729,0.0023325015450974987,0.007861528023338726,0.003632024301480501,-0.006490406442825331,0.0030708604937559024,-0.00027778911423287367
0.0025315187142143647,2.0106040859130787,0.006980339780670235,3.487680973557703,-0.0016280309843659294,0.00013173795412987303,0.003485058482817502,0.014881959737281875,4.819074147342534
0.010527650706027084,0.009231011034161102,0.006694160411625535,-0.02294363502539249,-0.009274162363665784,-0.013772097040322576,-2.4052855350851194,-3.323820632243365,-0.023058161833632324
0.0025277318793835296,0.026126448212881317,0.001341717312380572,0.0008891208397430283,0.017313139702943903,1.9762853166447005,0.011917965754723259,0.00043498986322238267,0.0014746301262744607
0.0011089482348416446,0.0034708526082066204,-0.00533460408005609,-1.0997419027209379,0.01768083740685078,3.6586910005241666,-3.6822995272444317,0.0008754802641496862,-0.027519834130195354
0.03616608328777102,0.00016053799504749805,-0.004467014657338628,4.660021588200587,0.008281965945947226,0.0012759691175232152,-1.3954723347026963,-1.0989121923251377,-0.04915124809362059
0.007604753025412414,-0.010295800324713972,0.001958519958437663,0.0008716477262232999,-2.283692779461461,-0.0389247502192106,-0.026252813599176104,-0.3312123093116268,-2.938126934263556
5.6586181805348516e-05,0.0053080852462674384,0.02547219547731476,-0.00023061088218111897,-0.003152558157292991,-0.0009491970647603767,0.005186058652612856,0.0006926333930202047,0.9854577693253448
1.9136129816065863,0.03271532018199072,0.028759173666852725,0.0007755946106770239,-0.0008559075544963823,-0.0007681797274012402,0.0005980701452613472,-0.0005272273939004497,0.0007482075074678116
-0.195991534338342,-0.041211389894037255,-0.0012563472398227377,-0.0019026347664281424,0.2814487930220586,0.2998885407131256,-0.003024459730495324,0.0010263258017648446,0.002008312904971358
0.0061961352330178,-0.003901097347908045,-0.00030291153230959864,-0.022978731252087457,-0.01137144171346427,-1.3795053289504715,-0.029306112657873973,-2.9291643177200073,-0.018475500214624824
-0.005224972650778523,-0.06374131817254125,-0.008742612758291315,-0.21486740146545014,0.022072746746988968,0.0023431015942159752,-3.644180323853878,0.000347807520536288,-0.0026444675309420934
1.271789833041074,0.0010967432157274228,-2.4463604795133076,0.00455443402453576,-0.0015377496809968888,-0.0029245241907988684,0.0018387661951575528,-0.007397365191333947,-0.0057569898547132695
0.005484594778232873,0.00791676108741557,0.0024100090183294866,-0.004525828729609302,-1.2877084991198808,-0.14815074370146086,1.1790848376936647,-0.005314554591176172,-0.0019233911322276628
0.0016637916904855155,0.002381401814219218,0.0001727376126784586,-7.722660313437069e-05,-0.7645644219394148,-0.00662997262905558,0.009955264104810829,-0.0009909492037571618,0.0011632110846910523
-0.06838162195730985,-0.0031935408552265926,0.014307791755605355,-0.001043225484092693,-1.188923239512145,-0.0002977763860283686,0.002036730752400291,0.011296048370503287,0.5379966555739099
-1.1574312936316613,-0.012072094821823724,-0.00991892835838129,0.00017757795223099918,0.012676085079520928,0.008526619163986811,0.0009071450886549799,0.0014489142485502359,0.0024271626340640617
0.9062108435648923,1.802865872764723,0.00010570559902892823,-0.016238936862057927,-0.0010535208227113457,-1.0166579847668167,0.0013631724318043381,-0.003914542144026083,-0.006869115194597975
-0.0033799955870363954,-0.013857791827175406,-0.014514578179881069,0.015694412456736945,1.7191057018263365,0.6548411749625984,-0.0007596858120116207,0.00275855278922342,0.0017067654470453008
-5.270076762238142,0.000978689443642402,2.4841898975286876,0.005271172339425416,0.02740043368764894,0.013117643543867805,0.004240469797181734,-0.004528812521167103,0.12780672553094097
-0.0039109674157454186,-0.058567440682351535,-0.013158891369990117,0.3939068841612321,1.518936561668049,0.9354554009170366,0.002219416634991516,-0.0006972529340896622,0.0034808083962769056
0.04709783199197665,0.003923216697600126,-0.01145716292816763,-0.020013497859264772,-0.003879187095512212,-0.3480080150747268,0.005601745500005757,-1.228395636910533,-0.03075139895048852
0.0008492152113216689,1.1586070355229674,0.002080782882761374,-0.0073073542782856205,-0.007439285747635888,-1.5397044417149508,0.012272179307947134,0.0027358578317764723,0.0007945156853051798
1.7325195960567474,0.003422871363304967,-1.5256155322064098,-0.0006176126407797901,-0.019524631573898332,-0.06750469791489264,0.0018993721390618001,0.0008581068647276994,-0.01486118716945442
0.00010236941596700536,-1.3857567082479676,-3.139901058453638e-05,0.015322520541962755,-0.0013880652432156013,0.00015979851955803467,-1.78902200259814,-0.0019352498395902602,0.0008838974467596196
0.0008115160793768022,0.08231786219472165,0.019699266478872667,0.004728779632168222,-0.008669951317169172,-0.0014596362862728898,0.3938936157974002,0.004060591029870359,0.7419109770334541
0.0011199507620931193,-0.0020205867862845214,-2.728646203908785,0.015722069564404594,0.547471714111692,0.0023826361595238096,0.004495880764046636,-0.0023774733164085744,0.001081234245648279
0.002913227953092662,-0.009419200773664815,-0.007000562287598656,-0.0012467073202994624,0.011167559534494149,0.00028971749932132224,-1.3382498368518838,-0.01251332750839447,-0.01222013616909352
-0.0016563360205970462,0.01826700611531762,0.04273003896769868,-0.8423319286129332,-5.77320698150912,-0.003028354336482131,0.011694979124157226,0.00016381304418018952,0.002901494515930877
-0.015996707879441602,-0.0265168369962403,-1.4425424434006915,-0.006288980585593859,0.04311530669944136,0.04264900684343487,-2.621610110315323,6.090402526156564,-0.01169417423840377
-1.7647346474425847,-0.001221476697515697,0.001998118868344187,-0.013510396854423658,0.0010630573171644953,0.004018190418810692,-1.3929622696196304,0.007318739537138526,-0.0011606164728638242
-0.00037429013187971315,0.0003966468154129537,0.0032257919091442963,0.00878655633477261,0.0007689879824940152,0.000892022656522087,-0.0023730303800030945,0.0014697483927062968,0.0012924101014292796
0.0013378795747771956,-0.57306948438538,-0.0071891623974660425,-0.002751723134799381,0.7127730422990313,0.0011600770643906914,-0.02389509124464086,-0.013597808826645946,-0.00904932784119146
0.008933818720943676,-0.025545891717124486,-0.019898272468925074,-0.0029783844032244267,0.005699411327111326,-4.6447193439478145,-0.9008436813240834,-0.011950714041310762,-0.044316966247160805
-0.006524238289032681,-0.003665915854757895,-0.0014415538315884196,7.385235058461236,-0.0014223050288571445,0.0038476040795680233,-3.261390337679258,0.5101301334581081,0.005264962404762888
-0.0005251462119400252,3.494901109861649,0.001135356472139526,-0.0012502290709138913,-0.6233384394094941,-3.49899107636175,-0.00452158233544539,0.03399513133464249,-0.0008846759029112888
0.016999624523797992,0.23496621544828367,0.003979100019662983,-4.884419405917605,0.010842602900553567,0.000732581396492335,-3.7548402876249365,-0.0024332774369670226,-0.885650900493911
0.001203739387321867,-0.005124563150389052,-0.03434294245565923,-0.002149254892796078,0.00676715170114401,0.0008224239724748681,-0.0011801720100672536,-1.0733830319377828,-1.2335771454179942
-0.0021985194392152253,-0.004146570139661822,-0.004420426400975201,0.011317090258829382,0.005324268532444595,0.6163459403112936,-0.036602599612076694,0.004315085872845712,-0.0010233520124869199
-0.00425096128747092,-0.006137624844132938,-0.08221251128563967,1.6808450939869655,4.09799312170305,0.04552012639200065,-0.0008834097280209533,0.010679013204290978,0.0021581247143444954
-0.0012163452024475246,-0.016452111238970342,-1.6351064605398076,0.01570652090642325,0.010135512580537631,1.022281448363155,-0.004986612622621733,0.0009530808339823071,-0.001100706136332675
0.021499877836119004,-0.003224477178698529,-0.007646427550985865,-0.014334679505333884,0.0008522138735709561,-0.907340201313405,-0.0027688178373508274,-0.34134313162088764,-0.032824525309477465
-0.19982759933216562,-0.2008827177923143,-0.4618164817836656,-3.59397756410177,0.9535200846908329,0.013345056260082457,-0.0015698854435905944,0.003928347219951964,0.0005363165638302553
-0.006552507952121391,-0.001446483530724395,0.0022272961008609413,0.017265792683945666,0.0008415057291317717,0.001775184076139087,0.0006313276754314737,0.016845700000530154,0.28690706339411043
-2.5841208224527703,-0.031116019076794413,0.0009397965977627101,-2.195571229299455,0.16057898142431737,0.016364617770079914,-0.018143432943181062,-0.01823648862891279,-0.006712141885813587
-0.007894372525353424,-0.07616868523563536,-0.0029431949439109846,-0.002256579073202959,0.7949545642132145,1.236042948214847,-0.002418700273234181,-0.0032544405669475557,0.00011549165728790695
-0.0055675240321682576,-0.0027451891161700036,0.001008715876184477,-0.001296359089389948,0.0012170776171753104,0.0006252479586590886,0.0030516380267304687,0.0013085532657068338,1.0725131525891116
0.0018113084731898135,0.022486401693247886,2.303116871910991,0.4958727003295897,-0.006571825396331111,-0.001160627007085713,0.008118848858427424,0.002891196756920794,0.03136248191024064
-0.005139552912218119,-0.010740004199216155,0.011603101702529648,-0.002462544038448474,-2.173102328597755,-0.0003982902331082436,-0.004377252041635137,0.0006821811505505274,0.0029845105513118322
-0.38337249695183917,-0.0101847693592004,-0.0013679701007919714,0.017010379180090008,-0.0004123350016442787,0.0023463463901101764,-0.0032087617044072097,0.06076444126388457,0.008081042330180786
0.0032288556212846774,0.003843170265076226,0.002113788241068291,-0.0282877980863748,-0.0004142401088206144,-0.0006679920142752204,-0.0013993552530494754,-0.0031085597443929382,-1.2704516307993532
0.003244645259559537,-0.0005636538784796891,-0.003918088866713965,-0.007027429023313131,-0.005184825281814509,-0.002713210481344661,-1.3923797607310104,-0.001232904255045032,-1.0934602071213022
0.1107979050120842,0.014427440873593489,-0.0023709926946159816,-0.005245131392062202,-0.007981723271514887,-0.028217206070733858,1.6257781453817501,-0.0029898415256761207,-5.39672032932063
0.016681167428368837,-0.001775278544177663,-2.9740539197670675,-4.667125421073799,0.00440503291910832,-1.5511799997128644,-0.001663200305725726,-1.0748831244207218,-0.09268466563840372
-0.4186662218647546,-4.182751512870507,-0.010551285080362821,0.44976564324701,0.0003662466783253132,0.2936625681621037,-1.2658479031010614,0.20778152367181874,0.006274393163385902
-0.0003570643266136952,-0.017207359483891245,-0.004805474267145251,0.007476360555884187,0.00869308474175691,1.2104721742511244,-0.013648786053015519,-0.0013111884341381484,-0.0017544999963294413
-3.0480494402851526,0.004464480423980021,0.4379516069094138,0.0038027352913623997,-0.009841533242423539,2.1883327783608135,-0.010393864367831906,0.01389896022731197,0.007831449470549645
-0.008086799281104074,-0.0029134270527631117,0.0010417365693734292,0.010989231930275803,-0.001417852185139853,0.0006818930519488241,-0.0008766007692391396,0.968894846509571,0.010070812106871902
6.679113565909167e-06,1.2970728181195783,0.004825788050774761,-0.0039346837733673715,-0.889938596677764,-1.0497239085698045,0.1379211979076055,0.004499040303527449,0.003750722541380879
2.863957365004035,0.014011602927047367,-2.546800984553961,0.015784162590592885,0.0018857715772285328,0.0011068002868003237,0.0020877923001694724,5.481959749929923,-0.0023459036883229714
0.014583048529625074,0.0022922385242053304,-0.006820716720984721,-0.03225640352926619,0.0056945918492161685,-1.7381399590833377,-0.0008967559778963602,-0.007198722521065182,-0.013823183003625249
0.0351996242742012,0.014323901416826379,-0.016635209068762646,0.010016584276311635,0.008348930631822331,0.003722413265758312,4.385917270254685,0.0028728898727756746,-6.338658245055766
-4.235318771407892,-0.006782343870673266,0.05912391082582888,0.016506066224895546,0.01854915304948712,0.09369435586235922,-0.0030984677904754288,-0.007231688667938753,0.6208234095612868
-0.019702796319506864,-0.0010404064081783481,0.007992954160780809,0.0047259114487100415,0.003295444063355378,0.5476852480584558,-0.002052144115296084,0.007815588404893086,0.007408831554863393
0.006861921688766149,-0.003504911565943338,-0.0019297101332687943,0.016364136396109064,0.0025489224899864467,0.0006839262054165738,-0.275884089190498,-1.0302885507437887,-0.01595214223932773
-0.00019769503376765985,0.005400561033975064,0.002608603592227873,-0.0014373651146345212,-0.0031169652967003966,-0.001349063116844991,0.008571983110364544,2.304487742370799,0.012086965102658234
0.032873387893528096,0.003677384105615187,-0.002395240757089691,-0.00841480741068168,-0.0022402684245696578,-0.004752285724757427,0.001743780083115069,-0.06260351984521408,-0.019805219285499717
0.002553639556772659,0.0011185159114646644,-0.002699826097061671,-0.006462198898609588,-0.0012305292041179948,-0.0010025069674627725,0.00035211784272715,-0.003124603416337385,-2.263287185745876
-2.480620417045798,-0.029394490764909936,-2.689793782724419,0.03448708279738741,-2.919724827525883,0.001439042005023837,-0.0005693714810549866,0.02827807409908334,3.131777743273549
0.006034761236613173,-0.0019395189230865285,-0.021791994219515214,-3.0472259562434467,-0.004061997831973453,-0.3848633004710992,0.7766501341565639,-0.012235151200864382,-0.00956057831743104
0.006123428197664926,0.006230341363483494,0.0013151573890800988,-0.0037864308104761935,-4.722860783808876,-1.7898857903353331,-0.0004895260807403108,-0.0031814868491580883,-0.0039337496334899014
0.00016259745998142838,0.0022652489336058013,-1.3221755547146516,0.0021005316677300337,-9.130063407880467,-0.0005468372008208822,1.140358799294029,0.002784762090625288,0.0003272354152019791
0.12258098925399177,0.0007075223826712588,-0.5070191674492945,0.005427396850334875,-0.0005454704778801228,-0.0016529901242577048,0.0009634653560368217,-1.1852919691207549,-0.31224073723466717
0.0031337615433141793,0.026566920723880436,1.152357224314112,0.0030331546990659554,-0.006054763284486346,-0.0019365305668232274,0.008127276130206498,-0.0007411861132800269,0.003953927198175112
0.0015870031336957593,-0.006476390085796382,0.000181341340190707,-0.004800459384143198,2.395603530191722,-0.0011438656210640968,0.00030480805504926045,-0.00916988238726003,-0.0022367500354673123
0.015134712522201721,0.5843693316006231,1.839819811731699,0.00019355184560392974,-0.11748726764317617,-0.009423502548619074,0.0030800157979179966,-0.0030021046234460632,-0.0018945704804798355
0.009433167497618224,0.013837735843404128,-0.0023744163872302802,-0.0026799354034870767,-1.9703561064681234,-0.011998061501273652,0.00046985565227318385,-0.0024234791400225266,-0.005756999552095124
-0.009272888014076271,-1.638284721774213,-0.18753785792128763,-0.06048548631256051,0.042670059631988444,2.977234125436074,-0.024096916754718478,0.0009871315331997227,-2.1867271607464924
-0.0707943888241351,-3.223164478354748,-0.0004754043555755469,0.004730223995257019,0.0018775650194568089,0.005922158858491234,-0.0013937407698577722,0.00792423688114383,0.006056932340339173
-0.0031119574718482847,0.0035731433306518193,0.007503402171303571,-0.19317677214150306,-0.08399477295936005,-0.004291858792878054,1.3671413888864077,0.0020745914305882926,0.0032748362813137706
-0.0020856970693070792,-0.0016124224781031795,0.0011169543619504818,0.01099150850806633,0.0011519709855228148,0.0012526184164479003,-0.0007693147966914847,0.0027288482376999676,0.004045419277263134
1.68160060047478,0.01928479993169117,-0.019441735533575175,0.6297236362758429,-0.008897667076769561,-0.0037134289968705726,0.01110329967663894,0.028770591473939143,0.001673810188091521
-0.0008751393879147173,-3.8370200280357514,-0.01662287055497129,-0.0030018359050826586,0.10699768158631917,0.6898645826674067,-0.014053212362987566,-0.00048032635061564903,-0.005055054345139005
3.164540413277788,-0.0030046974806234306,-0.09556957464927085,1.8103131887855834,0.0016839503743926454,0.0011508382997498443,-0.003634584142162639,0.0012462891188657205,-3.4404318298184755
7.037052901171844e-05,0.009964690517758624,0.019461359555622972,-0.010717815266334453,-0.008491154804686901,-0.003064923600988935,0.005672463090427456,2.977566302516119,0.016396403532544804
-4.479003543479447,0.20798650291090734,0.0064981377943365845,-0.06115648346787,-0.001968540524474864,-0.0008189574835038623,1.3674476555647037,0.4594072680932294,0.005410065194221186
0.00613816834679699,0.04048421659335637,0.002721934863429403,-1.1402581338642617,-0.010929206582665885,-1.0392958901112612,-0.00025329513257276587,0.0010017889552784015,-0.004134194509793111
-1.5657754626793863e-05,5.393545264496243,0.005074980208539165,-1.0677282812725255,0.007195571939939319,0.0029644175295598053,-0.14521879349975708,0.0017412837956615086,-1.7633359424533332
0.016354426455180142,0.04279540129865231,0.049972433562982026,-0.07096211005080066,1.9463175033425075,-0.00015176759953465513,-0.004554097355084396,-0.01087135449646625,-1.7230853723769148
-0.012193981111033578,-0.011637370821240174,-0.0016348321245674407,2.2365877125171747,0.004557770190568244,0.006486872191633697,-0.004142417371469236,0.00533208493615223,0.004816532812258597
0.004150615238043463,0.00041691164217880217,-0.003483092059287412,-4.461853177139599,0.005234044100517296,-0.0013722216765706674,-4.490225646583367,-0.008862367405981092,-0.017730980989066586
-0.01757953528993486,-0.7761645252095457,0.0001016698441365909,0.003268337599067545,3.331104909728568,0.27068284524900754,-0.018014275151809284,0.005902144501436002,0.0037319785202885
0.005674347816585601,0.001240277407924442,0.007116059057583188,-0.007908685685268637,0.00046865301772073983,-0.0008330577567531553,-0.005241316258793777,-0.13715770921034498,-0.016682086950327753
0.04665014218414765,2.8160241241132233,1.5048636971102152,0.0011818955805434905,7.054950960591526,-6.217556971721017,0.005447120419390966,-0.03857095743786765,0.0027232426926996067
-0.23259240654037824,-0.006689850391983935,0.01079351705729749,0.010419335926746254,8.970275347221224e-06,0.8480706211065745,-0.0032298922037215794,0.004804559461256014,0.013575613105011899
-0.00917890170436219,0.0003460026645857317,0.005090618593101356,3.5889919375826995,-5.818597312358636,0.07322334327866886,-2.1898777472093016,0.08741447876350797,0.012562341026752952
-0.0009235545643780183,-0.006943976274807105,-0.007840192252679224,-3.3130299648974186,1.184898940253024,0.0019413726905515485,-0.00018767359246325014,-0.0025563509430046307,-0.003299473060517151
0.004751468190644203,0.0009359763763060387,-0.005347648039041079,-0.010187999654965758,0.02305683212294435,2.317591804599918,-0.012590922716071817,-0.001863066395346032,-0.012084390897123678
-0.0006080573846750053,-0.0025077233117122774,1.3558960304423695,-0.01659171660211558,-0.0035658701253932857,-0.0014794339550561987,-0.0006607611820877912,-0.003320231408324936,0.00017758104477196565
0.01134321685354206,-0.007132507428544127,-2.578981711355849,0.004905194835666576,-0.017494834758895933,-0.012585274896448034,-3.184883657543048,-0.009004878721761879,-0.01733700680238061
-0.003110216160094936,-0.022351528033495487,-0.007896535531105166,0.007801288101767804,0.008156632976879213,0.89344148729924,-0.0076877523571049905,0.0004495424158773953,-0.0007302282068947178
-0.0007197608762347374,-0.030559978307356128,0.004572747750741549,-2.3187323388815937,3.9803770252628805,0.0004395926460747934,-0.1413371214448937,-1.2648272449832754,-0.0068525186799387044
-8.384840801501942e-05,0.009186757302783401,0.0069866389609161555,-0.00034086437618012846,0.00911644849120996,3.964679871236126,0.01275593894578797,-0.0014620929896441105,0.00308694550789871
-1.1957049199874978,-0.003760786984040027,1.4053907618878418,0.00465008005733231,-0.0019887359738013366,1.8535895886568698,-0.0023868348535201755,0.003436117747431736,0.02704200180691091
0.021671675039663885,-0.0017939516274341621,-0.007031914516690589,0.0034208919906683977,1.4256257798361707,0.0004879452989896768,-0.515681370514519,-0.040798023105194876,-0.6405577033779633
-0.008462895887684634,1.3249362264748443,0.10699701296653448,0.00024012725836016716,-1.610827174915073,0.0005296640613430201,0.005952755811202835,0.8044464768207198,0.023282384093624993
0.0009104238925601044,0.002172286972423404,0.02469909635694444,-0.003021948199674919,-0.00012304126471797926,-0.00045321610375882227,0.0007434243839892921,-3.2262547449479473,0.0022791043900679125
0.07611544479411045,0.5341556232149202,0.001586424263127161,-4.82453451242289,-0.0025565194494699024,-0.005405249467645342,0.008881168730002564,-0.0054339695185564455,-0.005188398084595765
-0.12528343954763038,-0.009405683679464552,0.004280574595272533,0.050460044044488415,0.005920176532323788,0.3497570439901765,-0.005056844384330801,1.7502103420543982,0.7529140804101957
-0.00355167998870828,-0.0016839929399381226,-0.0001345836783703462,1.6407395761792607,-0.0013114203422319897,0.00024609054329523706,0.004010817004032896,0.005636840880137534,0.04962167855903828
-0.004678983480835744,-0.0035420135757064652,0.002865043844425344,0.010080506292879706,3.7842047030800163,0.04730414004341499,-0.02915159670473326,0.006434813630848798,0.003398334661213656
0.01764072195516117,0.0075304908726135005,0.0025631481159617215,-0.007925485700009411,-0.010095307416844303,-0.3357987704583416,0.0008343888797001237,-0.006268780420571332,-0.004811417213543091
-0.011649239808226325,-0.02854895543443367,0.000695594296895517,-0.0014102244302684665,-1.8358906546918794,-0.0022123860415036584,0.08142021162669141,0.0005043791279387734,0.01428627038321493
-0.07641896138932781,-0.002371341652218574,1.9585568297510239,0.015156066188303096,-0.017772565029819942,1.6625145409862971,-0.00225709010265375,0.05416177669042738,0.15959622017307412
-0.022264097107629093,-0.007699034854699584,-0.057061300332128945,1.6331733810571183,0.0041263273967834906,0.4109471740930675,-0.0007709726295894084,0.1862014062444722,0.004315051030298183
-0.00053344654555752,-0.0021188541304028455,-0.0007197720947087896,-0.0014367872351650698,0.002796759987225451,0.0005244268854215433,0.00021091352568962211,-0.0022586571385411714,-6.663079853189015e-05
-0.021233993492770997,-0.0041939953202145075,-0.003204550970039917,0.0005546226793353084,0.0021342635706786406,1.3387064989307662,-0.0005927918547795757,1.1644734816056608,0.0026283191704100373
5.180046590289095,-0.004771783679287388,-1.0560887640694454,0.00011846996083969032,-0.004935112142353093,-1.1176415685373025,0.009005089832856555,-0.0037030858818144054,-0.0018015230383409409
-0.004173760422623084,-0.008821415387779408,-0.001562126840733374,-0.002712727366266022,0.08665547003015711,0.8650378944239083,-0.0029244576669856387,-0.001248849508479327,-0.0007984673987705276
0.02059942209174276,0.04524774062024056,0.012561908464830776,7.321726037560751,-0.011836227004552398,-0.005048139585490122,-1.6902706053611873,-0.0028788351938936066,-0.007853128761389473
-0.0007454358272359629,0.16095861145385992,-0.00135043309304518,0.0019354689126922613,-1.850472354224336,7.32436596698055e-05,1.9660867512417965,0.01391477760003384,0.002240592533453614
-0.0019940785360650576,-2.87208099124228,-0.003255678527279343,0.0006279622669536984,0.0006974455475044841,0.0006980929954204611,-0.004601829789195808,0.00025257548353840864,-0.0005385189408925255
0.001800344261778594,0.0140141158593408,-0.014418289094282173,-0.0023507569784753345,-0.01093991639421435,-1.4934613545711994,0.014147158041020708,0.006441558928081493,-0.0004328383141481429
0.4807545036701066,0.006038008496398257,-0.0007382664218823971,0.0024358981814156405,-0.00024329945301269917,-0.0014630591712726031,0.001657011924847478,-2.040238677332068,-0.004119728397794502
0.0008245492458606616,0.0022519911897477245,0.007538239857035833,0.0023476151017982876,-0.007072757073963931,-4.69227406888244,-0.0035781391351818737,0.00011863672139525092,0.0006029554021321215
0.018183048275589676,0.008884877879041964,0.002962850832956082,-0.07933187321497978,-0.014752183232992482,-0.3710289716252373,0.0022551969021302846,-0.009472245941473563,-2.2806073872619526
0.0009335274226197395,2.3390650867294323,0.000413903726873846,0.014096228103739492,-1.4211962885928422,-0.0019616651584389647,0.013888897940929734,0.042241747645982874,3.1030838805643084
0.17325882573116158,0.017963170561250408,-4.332464940883264,0.0033517127755755723,4.801922414783338,-0.004275067501746249,0.007539452804834012,-0.007252377786643683,-0.006803912070496312
-0.5273519074264481,-0.009774477813257479,-0.008289289863048721,0.0011147581663608526,0.013657105707937676,0.008318806145125975,-0.0007188113947567219,0.01044196729000741,3.2211899970726865
0.006702814148800775,0.0012869270861664514,-0.0003313931602221751,0.0035386237868008223,-0.004001228264313594,-1.4717434099697984,0.002504540107816103,-0.0030164380487279234,-0.00016982608082292093
-0.014933096436549935,-0.009538193981481785,-0.018048420493094495,0.000888934390588323,1.3234263575930545,0.012442533502985562,0.006384892223105864,0.006379354915555734,0.0059326520050570425
0.003976670911923296,0.05596272747416424,0.015857216951463766,2.7712433769727265,-0.007103422665792754,-0.0022080600365719225,0.006592311880165971,0.0020002925586258247,0.008378624150146192
0.0910295209746852,0.01182855825357896,-0.0011900885639362646,-0.0003641017982528305,-0.021868961057147196,-0.38134109894610235,0.01199613789441964,-2.7618409702161895,-6.511503486527868
0.0010234232719845623,0.012477186106154198,-0.004110413065632426,-0.002607275209160497,-3.3524176118042908,-0.005912714759717552,0.007168626256803955,2.5092047725697544,-0.00031409107686097143
-0.007738362917491526,-0.018458598528354526,-2.4197889481477945,0.006665229993814531,0.010567085439398771,1.2626265956157203,-0.0046996085940779475,4.019507822257799,-0.0001976547701637854
-0.003998183755775059,0.012584792656925234,1.5367972018116407,-0.12205168682177676,-0.008334267922649236,-0.0025816615031155534,0.7902775490155924,0.006323368944100131,1.7787260311704256
-0.007872377763086406,-0.0029044165643304968,-0.007140221364805993,1.2537405499151948,-0.00334500367718793,2.288237645520358,0.007174534304921154,0.010792395343666614,0.006340022434051129
1.3733664271461187e-05,-3.557294837248814,-0.012228329135558762,0.0964740501261908,-0.006908753553503712,-0.002077083193616584,0.04109373522559581,-0.00032578516078577113,0.005312576358469458
0.006040177801799447,-0.048089354604395895,-0.0031626593880899776,0.04669987326193565,2.887512513935498,0.0012277665398640336,-0.4108786081607717,-0.767281436037496,-0.004274766075563995
-0.0012594786931769374,0.0024181362473474632,0.011234957189931503,0.011556734501317983,0.0010174900284612167,0.00253701001372127,-1.8971910606938518,0.0026998372106816536,0.0034403248683497535
-1.6153985413257073,-1.7765059715859894,0.0011865989660699988,0.0014150830146794702,0.0030562162409527374,0.0053983743388589765,-0.009787701555247073,0.001005150856382705,0.0012389964728230646
0.0035845131286663875,0.0033915695929416997,0.004651172231737629,-1.7110616626751867,-0.006042647990306509,-0.03433337445286855,1.2623565257050213,-1.3207938204882488,0.00018186012862974818
-0.005757204742181902,0.006457000000203574,1.896032517831052,0.0006808506872352845,0.02358301318414761,0.038960057918837,-0.0045572826463045925,2.151485090534873,0.0030267893856387174
0.005975061744545176,0.0040428255890792835,-0.003967082408710566,-0.06578784052048835,-0.00363378507151638,-0.007285003373827216,0.005033520856528004,-5.675389476516358,-0.006991063053237351
-0.003240025683791186,0.00025586011261253443,-6.166502619839957e-05,-0.0016505905903397235,0.0006241439369308903,0.0006697164825434153,0.002498621142105666,0.005204841086507699,0.0045687671552750025
0.0005126031199705894,0.00500701838073539,0.0008421760221669133,-0.006943060386526277,-2.303474874078422,-0.005610853129314933,0.9964168505489623,-0.0008941659010081177,0.00015946516406176343
-0.004255811433558694,0.01743011720515182,0.209459342755725,0.00021703498220166685,-1.0215370895973461,-0.0007672470577474409,0.04671698501992902,0.013092659920783636,0.16882301451272574
-0.0066939128943437395,-3.921680958018527,-0.3778119624404639,-4.631411156810691,0.10789535384182175,0.009075152181867793,-0.00311318311630579,0.0025113382522983815,-0.004187692515776723
-0.17766937230926466,-0.003877603197207981,0.01077862807393899,0.009904741712516672,0.005298010804098634,0.08657166307200616,-0.007352544812128933,1.0774176761055505,0.021984520048122867
-0.001581656356139405,-0.0004641174108695017,0.002775687680517628,0.005583808162454778,-0.000980263544505195,0.00024063994630826117,0.0004897131244458613,0.0024447767235091095,0.005339712147786041
-0.008795075733524513,-0.004773365797692842,-0.012986739488987481,0.005446333707639926,0.003854457419265523,0.004989281825179048,-0.0023434676958157845,0.8364995769843822,0.0010444310313765292
0.009501107053344943,0.027458739550721527,-0.0075114282268951005,0.03990163739760673,-0.02888249144566213,-2.591936453975479,0.006014690840549397,0.009721289563317838,0.0010242667748424777
-0.0019497724138807515,3.5310579610616997,0.019026849359939743,0.003969116237859502,-0.26452215797908507,-0.0026184881326907425,0.031261971806783445,0.0031429330503020747,0.010686197441197203
0.016448752366225575,-4.106292104170961e-06,-0.016210002437860305,-0.0008263868560880808,-0.006455657033602069,-1.1348356406840487,0.007213555156291518,-0.009752321922215146,-4.176593066643806
-0.0015778010439583727,-0.004764571901371141,-0.004361038590179431,0.004023810348194225,0.006445562937321563,0.0025792431608601153,-0.0051149904532378125,0.0010472736198639384,-0.0013856482546872402
0.0021171405094219803,-0.002611294210855832,-0.0038651440741197247,0.00864424846804011,0.0031578479471153133,0.0007705696337378391,-0.003048067782953529,-0.01450417808539177,-2.4547824687547526
0.0015313035804447005,-0.0073379380335113105,0.0005334493079850932,0.00445551839942295,-6.998182672888619e-05,-6.358398734577662e-05,-0.042569992317185265,-0.05019856286142124,-2.3367996812216587
0.0214358967513927,-0.00045505892476517193,-0.02438104664224628,-0.001373787796098108,-0.00010915338802863772,-0.8355664676580978,0.5526380797144359,-0.010941874164603235,-0.00502061351732792
-0.00016831931250205212,0.005520550388819878,-0.0016041694164636439,-0.022833737447915226,1.7553231854268105,2.270656941624928,-0.003507469917489507,0.0016783992084887789,-0.007539774605017965
-0.0011897173184073815,2.766411102931788,0.002616615204853151,-0.0288663288931477,0.0011792499088463249,-0.0004141027031363241,0.10029028134649565,0.000831390758212506,0.0015407533077574458
0.0048490518885324,0.019630997775280302,0.05021566061472935,-0.002615689782431714,-0.09975496691334419,-0.017639943155244194,0.03899254192756462,-0.0031286859403915094,0.00244937758579119
-3.605079371791918,0.015580640704183885,1.1859849864111656,-0.0025195698296191227,0.005383779670759425,2.027279334814914,0.002694877257165995,0.009762493963396457,2.2415873108103384
-0.002529114451750745,-0.0019106304217683199,-0.007310556722247334,0.027465903920525267,-0.001850130398035315,4.040111390705113e-06,0.0014836532858547077,0.9463921599702396,2.9135550648636137
-0.015485515350883244,-0.01684303472917975,0.0013051366482020373,-0.544620876270951,0.005773405122049492,0.002402648418266024,-1.4414930864123472,-0.002061584734337124,-8.57576323639384
1.240974940345705,0.004386424115360083,-0.0019314082310224858,-0.004976353656571187,-0.00409630479195449,-0.013795871256800388,0.0035236140432131566,-0.005919502679231307,-0.0038210284048257014
-0.014551826746110984,-0.0028819171489634,0.002472546995078216,0.025889142008229095,0.012581994846936916,0.2628476776487482,0.0001908429883789014,1.9256609648181984,0.03653731138613536
-0.8798917258775789,-0.015622716870338917,-0.01208256129845866,4.260086444383852,0.00794867213361622,0.00908304445194815,0.0031668884193466855,3.5100828558685246,0.012455064593542259
2.4477439066111097,0.0030119627272495453,0.0009514988475890149,0.012813662492446937,5.247215645582795,-0.002021554128517178,0.010412255481730337,-0.015327269962023507,0.0038117042561451875
0.004570440251340251,0.029913555705328262,0.0015917336337245536,-0.0032805969832912004,-0.023908906273857434,-0.005770280906052682,0.0148684167578906,0.0004935723799081363,0.00018914462165097712
-0.219923278712641,-0.024692472117174895,-0.02117493257832789,0.0171692293169018,0.006016949039574884,0.018380241233018825,-0.007184182666598417,1.2440472791767214,0.0005523631884673252
-0.003146442490978861,-0.00609221281140887,-5.5471811657932255,0.02121558847594393,-0.003880917690515402,-0.00031248246820871246,0.0022252666396758705,0.004194554403131309,2.7205363013579507
-0.009873088173580916,0.0049155578128849825,0.009014245383152372,-0.1431495304876782,1.085714364508854,0.024763235385022453,-0.004680209394146579,4.864429471582244,-0.0006128967942545249
-0.004583817288391329,0.006663946051911243,0.002642634233234964,-0.004830466860504583,-0.007717167888737775,3.9245532533448,-0.06289366457319678,0.015442513074886602,-8.288797152408142
0.003205822230444244,0.021106894551621846,0.0009210674077812092,0.632525844387068,7.1904726710429765,0.01793794082511635,0.01658374271760781,0.006485426799367255,3.640677105895768
0.004386317260291855,0.005366762869424743,-0.0010464831214118536,1.5825141515379697,0.0001969143853016997,1.9629641813421177,-0.023873453310074066,0.003921486227179397,-0.0023899751018077176
-0.000753708808877696,0.004760416595488145,0.0044083024195909265,0.003908610390327087,-0.008326982936596637,-0.001961700579625094,0.010578974686130678,1.4453326933216895,0.07603868867225877
0.0038482120995121244,0.022036466360416028,0.07946746097914482,-0.0026586863088473647,-0.14173662824919772,-0.0038928800873205033,0.002538113899407754,0.004715746678535512,5.119748097412039
0.019487692577946716,1.1648440249842915,-0.0003139963433249626,-0.006846422850755295,-0.0046452993407499685,-0.5184427102462189,0.024493290597487005,-0.00277710416352462,-0.0019674487382051542
-0.0011579953073466293,0.004830370892372798,-0.05197182770141537,-0.015122375406877303,-0.0003556567686033153,-0.0008725634181347454,1.2169963000403243,1.9473802237650248,-0.003171900726285759
0.0037898751237443132,0.005062902269185621,0.00859588423246481,0.028962229169984796,-0.004104858294726033,-0.0015386924252154665,0.00448438855388807,-0.0031925286778093226,2.080102514753588
2.1711103978707063,0.016346497406010876,-0.013705446074598759,1.4189710231390986,0.008841441624857954,0.010176786546966372,-0.002408353992686095,1.8187922082730548,-0.010051361804739298
-0.009789584341013697,-0.13609221317439846,-0.0003658516212721926,0.006799400220525018,0.009229512257992907,0.00555770512113455,-0.008257143394072214,0.0005121940414162435,0.0027451289359002127
-0.0027291411515402673,-0.007893378007812958,-0.005035570691297228,-0.003510408143488089,0.003349747880085744,0.00124415423446334,-0.004779021683399133,-0.0008391935255205943,-3.2430347608422663
-0.5999951215554622,-0.01948421858387536,-0.010449059640824855,0.01652705274803596,0.0021252476165317226,0.00432550986466679,-0.00153590293560507,0.00964697340835772,0.0048805553077660565
-0.0032288348692333727,-0.00396281540609849,-0.00022325338968301684,-0.006885586785934483,0.7490298666296127,1.749935351611823,-0.00019037150852864448,-0.002379805358784015,-0.0006679836133285152
0.015022140475080159,-6.14560242148217,-0.04381330659354826,0.004713112964007532,-0.0006371965165141297,-0.0012591963748614272,-0.003682750329085882,-0.0061162118351139605,-2.7384166462781834
0.00161787974842033,0.011135651966636566,2.735148098586641,-0.004670704726560849,-0.013352900897846826,-1.15622113610424,0.004034325464184918,-0.0007183484314487419,0.00132148181479357
0.026283568747633865,0.0011369010775969055,-0.025406957399963598,-0.009203105631495144,-0.0010579881047382972,-1.0681319493965287,0.0009985444639451502,-0.006939993278446126,-0.9815888152792858
0.0004921960555373991,0.23707677446989395,0.006623553288221913,-1.1610876652502928,-0.0042950522921601265,-0.0013016830760244746,0.003805383777172052,0.6536754972189766,0.002942872373462759
0.019043967281263362,0.002548438529728081,-0.013605483231592124,-0.0030021117314290545,1.5137179404044778,-0.0012241418024176096,0.0035165295910949464,-1.1126729602984815,-0.014746825079909695
-0.004951125964910514,-0.000822893510912588,0.0015421701502379768,-0.0007225868061478717,-0.0020855632844652048,-0.00026368056598401294,0.014472929552807996,0.0041931619253713324,0.03966587845929696
-0.0031014480998791533,-0.027960716375538985,-0.004112682090791431,0.013721894030235538,2.2789397452143736,0.016964155485862942,-0.028092519382224627,0.0024266229925365597,0.0014075342706298976
0.003337023364720613,0.00685022589623786,-0.0014061209237256323,2.8994596146947784,-0.010406346587462206,-0.004201891490093172,0.34798686547650376,3.1663973284650844,0.012424877620714064
-0.0014036077441051502,0.5993007021048156,0.0018344264837402112,1.243704446676316,-1.5568421400376027,0.00014168311532709518,0.033930997051454,0.04259017724791047,0.014113646837294304
0.012527000351344908,0.023982156701620738,0.005299837275514946,0.0051304908293912654,2.635921500432989,1.5575912939855439,-0.002110272409494282,0.0016563431579720012,-0.0007579869511463635
0.0025220836341216957,7.881014471362532e-05,0.0018269467018980122,-0.00606404836232792,0.001768207413859958,-0.00015439815427084353,-0.0007243106267480052,-0.21716818214571376,-2.941204560237586
-0.02667281222372514,3.8104148393473514,0.004169896641152252,-1.9713650959680258,1.3621805604439419,0.03668347689572857,1.3501700068148175,1.7061026671589385,0.007663572639894461
-0.010796476255796574,-2.3520124453608204,-0.0008361435409169546,-0.00691520307296458,0.012497227582273916,0.0035651672830092638,-0.004223365851674175,0.00037111586435245315,-0.00020801010318481286
-0.014681933989688978,-0.03765555899515194,-0.05099096038661488,0.027164609388400665,4.356675098876358,0.03993614867133599,0.004086664376419231,0.01101945321364766,0.009807468355393685
-0.001873098454695909,0.0002444873770676775,-0.005904750161555361,0.0022092034107910933,0.0062066397017869965,0.6357130107078377,-0.026914491024361886,0.007427258377812976,-0.0026887753509536854
0.004828122307974924,8.752165721484517e-05,-3.3130373949417953,0.003635684449470756,0.005422051830445879,0.0009656826263183677,-0.0007078096942481262,-2.4177165755020393,-1.5969679737789217
-0.010178655497759415,-0.010613448245346643,-0.2035394790364004,-0.001069771119481811,0.0039636595177307,0.9953546351484229,-0.006523933772498408,0.008500319173476033,-0.002082396977768658
3.098574200077561,0.01812039961655243,0.0029001585113590314,0.0035120635970189475,-4.579527176648259,-0.005881476896004267,0.00036987821952702863,0.0014329815421570274,-0.0005113927302908203
-2.7429021421387927,0.009678996921977812,0.0028303550005188494,-0.008784739494789537,0.0011587942181534513,0.0015581285264388211,0.002861959936234431,1.7890561004172234,0.003948735094884595
0.030573025808417337,0.008519373098676826,0.010188589398701885,-0.008609185112347591,-0.015795280920205265,-0.20413752629992982,0.0003378211226651908,-1.4094588539959458,-0.005892828446607587
-0.014671338322806742,-0.009511558964801162,-0.005599292462973297,0.1073519270611083,-2.4819635874819522e-05,0.0013246005591553648,-0.0014104012729772419,0.7648308644765884,1.7985155034398685
0.014222102966363753,-0.002870957306815164,-0.011961639653625546,0.0024215961732883496,0.013201413996390018,0.0007437101103508134,-2.8476111308985206,-0.8628350465271214,-0.7502973458033715
0.04914615573941475,0.026448834434824098,0.003317730543972234,-0.013996676357287935,-0.0010741427977282586,-0.0020371204229893518,0.005939325798373641,-0.012652966743278454,-2.530676506654975
-0.007752191194000793,-0.06654846692370264,-2.851011853979542e-05,-0.001085107485904388,4.2448701414531635,0.004710453884765181,-2.487050135222573,0.0017773708523144173,0.002141685203808582
3.078701579368719,0.00012370237037124393,0.04732183677573355,3.194945199664688,-0.031235900643000365,-0.01673420893589693,-2.2688083055843062,-0.010452932981804254,0.00255552862986054
0.06333761934193226,0.023918719283071002,0.005494777937693896,-0.024545380690935613,-0.006664893615993526,-0.007166972997455844,0.00497520144175417,-0.010229842927168165,-2.3963224471119995
-0.010862628073199876,0.004596844536851108,0.03134284976134491,0.0021354508216439305,0.008109666684654987,0.056852160385168826,-1.9576894496635013,1.2701721536955262,7.193926206775869
0.0049522027363243706,0.014187704258932454,0.011902626601358136,0.002089635163214378,-0.0798533590578252,-0.006690969426186911,0.005362147426514881,3.162262450130306,0.010396800670294519
-0.8555640080770156,-0.0061527110179674036,-0.01728082993403048,-0.003397020437369709,0.8618162576705195,0.026268449626327545,0.00856685041026445,0.006585899155377615,0.0041262767285299845
0.0027740170419799856,-0.0037338790620992657,-0.011327701217072205,-0.0023516717195573907,2.9850517603569084,0.00012518889801975408,-0.06386328741377331,-0.002324931118895394,-0.010764060004490412
0.0014748356131841917,0.030335060370927258,0.00879269617342008,0.0008089432679868683,-1.7614304254884543,-0.004597998815300902,0.009140998981934538,1.76198574970996,4.304435603601236
0.013270247844049399,-0.0029078270494865,-0.025841396994902177,0.01382569500821157,-1.977972347306224,-2.8115563134099393,-0.014956477671057816,0.002694060300828749,-0.011934135032928707
0.005748156905238494,2.8852416267416903,-0.05701661606987525,-0.009993528156094323,-1.363999576348486,-0.09945549284912791,0.058459955350718684,0.0007048098106144669,-0.005121648018934473
-1.1603847727524237,-0.0038214975406842978,0.040373522713513285,0.017198764949130658,0.0023086856123811297,0.047798033351165226,-0.042742438816316675,2.9945087205717007,0.027826578441717736
-0.007839531164151585,-3.0994616651122016,0.0718347274691244,-3.0486192690708087,2.332714363480341,0.004855539737521647,-1.2588527083218524,-0.0050329600334248666,0.0025280450833276014
-0.009287457694188544,0.0043038507535525655,-0.0014499936122128899,-1.4127819426236563e-05,0.032726501819499376,0.697060636119962,0.15942270164019143,0.015638212317155727,0.012198285247696769
-0.005691916190479809,0.00037420561498965194,-0.00031187453324833206,-0.0007129650150163661,-0.9658489933173533,-0.0014558134500664063,0.007034555466969552,0.7663361103739568,0.008572287896112253
0.0021878715287454963,-0.007773659649647574,-0.0014772778204308868,-0.008165381876250374,1.4961311307505147,0.0012436670996275392,-0.027868026222956425,-1.2566455701464485,-0.017882745218379355
0.005226648476718044,0.003099713414867494,-0.0010312671758123124,-0.027262482839460186,-0.001432566400609584,-0.0018016118418282662,-0.000794625279552749,-0.005109948170524436,-0.02573759700563373
-0.006328326664001568,0.0020795699957097107,0.5396800649901874,3.461599662091217,0.0005179681240276013,2.466709365944631,0.0060466041641416834,0.0008306637650178431,0.0307783620987378
-0.009543157337797759,-0.0015997041278876852,-0.6684865389696315,0.13352258050842808,-0.0026407011545531156,1.8166738435296343,0.025706202968362513,0.05440232104304938,0.009600272426913376
-0.0009182050548721104,-0.24221238013497554,-0.006639197907110999,-0.027228033182454252,0.014216055612490832,0.0014011901304058615,-0.5952404867827467,-1.3252712425597126,-0.10546132759808441
-0.01081225002218654,-2.7115000156169806,-0.0021285834638501942,0.0015510412947103026,0.01265213592978981,0.017852461235646898,-0.027249169367502088,0.0036078386873731284,0.00021129003005527808
0.005483632953222068,0.00466651559234002,0.005219339079500545,0.0045448276547891036,-0.03747085966571728,-0.26411617747779204,0.5827958821115538,-4.5645164434644325,0.017789942529955333
2.109147164498043,0.08764088096786651,0.10146611811886462,0.0048350140859980874,-0.035546327054493246,-0.06473428857771561,0.01923919290503915,0.0003433079898560328,0.011693442645961005
0.006390959130847074,-0.003995668175409868,-0.015892605277154817,0.0010244225053991024,0.71499591815867,0.0009849994655475886,-0.010925185275155857,-0.02033788865085132,-0.24757233993503772
0.01721238007189213,0.004635609450236028,-0.024744876944803207,-0.0017862438741522157,7.97294653036748,-6.601444241261612,0.001214481498788094,-0.0009190312558144953,-0.03601022949586874
-4.201827278594972,-0.024118122916861495,-0.18259920653659226,0.030663958822506714,-5.877161313201176,0.009961138430693572,-0.0032721852272805723,0.03110082730362762,0.0020222009592909818
-0.0014627202458740302,-0.004432095383910359,0.0025136098478988314,-0.0008092068986905749,-2.0939117091695914,-0.00319831155909181,0.01252782966532746,-0.0007609473958552701,0.003757318589105733
-0.05848156936859661,0.0053382436055552755,6.849305426854733,-0.002758572162824151,0.00048256676517305364,2.524871805555037,0.010763397694735888,0.03910608953314476,1.5274606268654063
0.013642493485779908,0.005545798829003058,-0.003653788649017064,-0.010391665185636046,0.0004733686955351055,-0.004994013128617516,1.1406677139040478,-0.0401962550158103,-0.008555004967537128
1.2081659566179497,0.001758104743818993,-0.04120611602752653,0.014814854081134504,-0.0006442146182618434,-0.0012948581956156524,0.0028577485384313882,-0.00042222245824988133,-0.002956833692290422
-0.005782535823662782,-0.908978908127505,-0.009991020531047994,-2.2456297866951695,5.4500804403155,0.0031608998779480146,-0.026893146781458592,0.0016607540062700543,-0.004727753167851435
-0.003849165393665575,-0.010256898069930045,-0.008757103515557186,-0.007212636059518565,-0.0001667612536832147,0.0007485939337444451,-0.8165140876005696,0.0033873629074289502,-0.002712625685694305
-0.0007855880329646907,-0.003557058257085849,-0.0004468258300334149,-0.12201503108706133,-0.001966299338987759,-2.451015255501084,-0.005884822368714154,-0.0011399563926342156,-0.004056268338731964
-0.0028682208679142304,-0.0005133026325121845,-0.0018688788087807126,-0.0011220783146688612,-0.00018662365950106348,0.0008434601800481722,-0.002687837211021803,0.01616100428664476,4.65370399802369e-05
0.26316835230816876,0.03652115879860655,-0.0022135204163711616,-0.0009726793449378229,-0.006977823672303321,-0.011275495846294118,0.3187091560011372,-0.0028937638394301735,-0.00246977336225286
-3.132299954472921,-0.061504789684646496,-0.005385723700531262,0.03386844506990888,0.006263051053649209,0.007890484194945343,-0.0024661050708267886,-0.004071010696118971,0.0008736391188588696
0.0028737826108188695,-0.004312290284821559,-0.0035431611358853828,-2.849377127910131,0.001571591443567803,-0.0007064573705352923,-1.5841435215002402,-2.634535059863338,-0.1368906844813046
0.007646092895637929,0.0033246902116847907,-0.0017324192679870586,-0.006385728322754732,-0.0016255729672975969,-0.0021528696918893366,0.0007052417703399993,-0.0070532467890001595,-0.010397666904388462
0.008819173284778829,0.0002764986394686725,-0.32952182521387635,-2.440102322199448,-0.005383550635072613,-0.14514150569560924,1.3154341922255341,-0.009211166786524231,-0.0330009397598817
4.494737368833379e-06,0.0014203382503093775,-2.2640664224168807,0.004716097987045323,1.703779946783504,0.9054366303135799,-0.0034692779494022996,0.005050906457335191,-0.003424600527014274
-0.00040038855659167705,0.0018234960002527778,0.00028064681843398493,-0.000931068420605044,2.564045188965982,0.0036476873585267466,-0.01036128748003249,0.001210901237207981,-0.001671177024099929
1.5381124272749807,0.007732584210319332,-0.004837312443767887,-0.009606074279636397,-0.008603986934227328,-0.03860061286398832,0.010725189010945088,-0.006154465443917775,-3.3499438298526227
-0.0026768522254182626,-1.2770385351239382,-0.019538423228815265,-0.00900901959529111,0.3928959256054998,0.0032684382041492793,-1.6602569417575395,-0.00019157286993090513,-0.004776899115952429
0.0006138285763926709,0.0061927856145007985,0.0031448603296777428,0.0075580550656552965,-0.011781481785765158,-3.1703416519347236,0.0038619752307936794,0.0022689635209390433,0.003136495394714514
0.016951668160806732,0.0040905383114497665,-0.015160393379057486,0.004038904130710834,-0.0016797102808179531,-1.5623591343949332,0.9446242510615175,-0.0015233951630546014,-0.002252900410377465
0.001240779638692075,-0.0007101218253630819,-0.017290479596353978,0.00413264790536159,0.0028746506293084785,0.0009840125059264663,-0.003276243622222457,0.0008820851256652441,-0.007698666324591143
-0.011395842858015759,-3.1471040954492473,-0.005110703972939182,-0.0038422186321387733,1.316900188676449,0.7041418975616982,-0.0034591765240029326,0.0031554313430850675,0.00029163663316727085
0.002831708271950583,2.0674820417671995,0.008137391964060901,-0.0038608367743173063,-0.026656586686326506,-0.4466873852541758,0.41791074806073336,-0.0009119233645572709,0.0019025615523522463
0.005260380366143642,0.006410498387003083,0.010829684266116864,-0.014375623039171203,-3.3319184778739954,-0.19531221764787876,0.004928898554386411,-0.01019023602563602,-0.003089485682736108
0.0046830692402980816,-7.8721299938990015,-0.008088170582641276,0.1549557102191705,-0.32937665240880615,-0.007786615270788826,4.018273642560913,-0.0017929243677591374,9.429993927276281e-05
-0.02128938681792833,-0.009074815507222974,-0.00045256897202859,0.5859981431186623,0.0006002619130653364,1.4616989326800771,0.005404454465761585,2.3101169641926798,0.03330913257109222
0.005659856929667032,0.0037870676336786238,0.0027011844756234886,-0.009106032740633388,-0.0004214884525688313,-0.000973255851807689,0.00021093833590255363,-0.014610564179379372,-2.0948337833297965
0.03176327167270221,2.717054494726746,0.0051154974864073,-0.002458414302527495,-3.741443908484392,-1.2527354598733549,-0.00661657185639121,-0.006558111925719479,-0.00935230131889106
0.8552897823161927,-0.0035453224319305088,-0.011553943317195198,0.029178526534768788,-1.233843848215038,-0.021154594832189982,-0.004583554278924717,-4.721519391458933,-0.01280223983843845
-0.003006467771117953,-2.17624927445047,-0.011376241033648288,-0.017375319320512082,0.010208199695546594,2.475946860191706,-0.03145465431061567,-0.0009176532025717528,-0.0076554946736684115
-0.013133870157196664,-0.0033350353353828466,0.008474295037238818,0.0010866040752534577,-3.621938269978172,0.006688638841620992,-0.14997513370137874,1.8003636994313315,0.002945648934227711
-0.02023399966274973,-0.00831969173369056,0.0017530269178224096,0.002110856206999048,0.0044764580393585884,1.4052969842612113,-0.0023160835296742177,3.3037937356533362,0.005250616730357871
-0.0019570081897661573,-0.03164311942925557,0.004993820592394254,-0.0007557989388304355,3.70626875457038,0.0021787118899430774,-0.4975554610928683,-0.001940848896748169,-0.00012299860527733956
0.004309536780747591,0.006374665462253494,0.009959056297074288,-0.004585763556682617,-1.4455114624842582,-0.018778907148497212,0.0020282013618759176,-0.004613869960072945,-0.001675887894861592
0.002081135242507748,3.3751271114929082,0.014217209078245516,-0.007886694106962536,-2.2544277204903196,-0.8535430988568908,0.01045562761000704,-0.003160889161598429,0.0015164833965243965
-0.0016562724551017344,0.00041963267389258374,-0.00692277148784947,0.00235369182133903,-1.8019895088784452,0.0003006911940888705,-2.4767772910551726,1.0697123530696762,-0.0006065853977278162
-0.036617353466489554,-0.00951076917403758,-0.03195464671162859,-0.0006108863603181932,0.00200935477447665,0.00197861523404995,-0.0004007905597700179,1.5337224742721707,0.002431736289961451
-0.003278357840857779,0.9571584254684171,0.009142825600916879,1.4387652068521044,0.0028395550362135397,0.005388720124514315,1.9266774100406678,0.012027203665846737,0.06376617404779361
1.7275779316691018,0.00514119066373846,0.00512997773544511,0.05867800594975506,-0.21805283856408286,-0.012154866689114637,0.0017817037396259013,-0.00017720976010288407,0.004071823493233208
0.004390573454284993,-0.005744495156934426,-0.004935653675933812,-0.005215281911138575,2.778960652517881,-0.0015971485158766674,-3.0287003665459196,-1.8871264243334647,-0.01435503552428366
0.013298303805094438,0.011081952937802095,0.004657702973154848,-0.036380934977645454,0.008413302887895546,-4.858022480666033,-0.004529198292827552,-0.0062541185929063945,-0.007184477919882637
-0.0007187824408623777,0.003507185527482524,-0.0035420574751073696,-0.01723231216948461,0.000516718188619984,0.0003069713556457352,0.00023134668047590794,1.3752532315381463,-0.004351961375359726
0.002424830565676314,4.255700057932934,-0.00769600917304776,6.251315614113141,0.003264503134576602,0.002776408756470894,7.194568749266672,0.008284337256475913,-0.0025909933573209365
-0.293871905349565,-0.03503595312254041,-0.011967296492321255,-0.00363747601787672,0.06474061270976494,1.1508464579831772,0.00429869908326988,6.112824745419567,0.005655988831159392
-0.008653781757158932,-0.006434139182281806,0.007053339556156189,-0.7577714131496589,0.02167348112913753,1.588270181815444,-1.592162065625958,-0.002272514889726032,-0.0007723658806933946
0.0018820107903374092,0.007571709905606067,0.0025435571550225656,-0.007678843694072946,-0.2126937360522875,-0.012424126406166452,0.13384266308029208,-0.0008348791738138685,0.0011365581697332407
-0.013857717458755053,-0.019598972892983707,-0.003077637727383915,5.294176114806724e-05,0.00048021291968093215,0.0031022702344486314,-3.338092884089997,0.007516788414145848,0.003440420552194706
1.0844713461386175,0.11531670771199076,0.0034814885920019375,-0.007068736151554104,-1.6892463407569216,-0.022254543156868117,-0.005767346128143943,1.9387268700696292e-05,-0.031609760242746865
0.004736989838712822,0.008850082072537301,-0.006798361713303123,-0.02751689440924552,0.001969715946776724,-0.0020882160314589556,0.9960205792466887,-0.004021453214709878,-0.007826481965280466
0.0005795074747737584,0.007575336369365299,0.16823320230621355,0.006235212446933411,-0.0007928574692495733,0.0002762307022040984,-0.0005767725926903598,0.00834047656503746,3.2671319142113706
-0.0017799736341657657,-0.01045910675819256,-0.006033937828001018,0.006207203016114715,5.429706315582742,2.0105947972704996,-0.009004478854542128,0.0021608764182168283,-0.002849460879284362
2.3386959337692415,0.014023699875986437,0.00834144737986125,-3.292532540587586,-0.006788605579315182,-0.011032726023906515,0.0004939659591768931,-0.0012100985875852235,-0.0019882355508718114
0.00699893860629619,0.0020032990540181927,-0.01289786054360284,-0.006778540610954143,3.0664002412874236,-0.0018241776458780001,-0.01842847667598732,-0.004849961038914143,-0.09622642007554377
0.0018467628814496382,-0.0021127050785076846,-0.0026190984434364493,-0.009071675168496435,8.414601376075366e-05,-0.0006537081081245081,-0.0014976427589675713,-0.017184220990726206,-1.2704745338511139
0.008118670474499724,0.009443274154712113,0.0007206640569996543,-0.016144603269761786,0.00016883200668393883,-1.329779006345439,0.012058159925797424,-2.348632833016929,-0.002440534387418161
-2.60545069984391,-0.16300940623234045,0.0024879624137857017,0.007414801123614308,-2.8287737845251386,-0.004093807134258061,0.001645036917448737,-0.005205733486671919,0.12830833036752598
-0.12147024349650132,-0.27010112033457423,-2.9585452303128164,0.008253902087887108,-0.002316081555812503,0.00220611566172782,-0.7904604868725843,1.8438401972397525,0.0017977003477694722
1.5003293166045555,1.111751408245207,0.25890031821059223,-0.03670387698724931,0.013486578148162454,-2.980546380609468,0.0031113591747381764,-0.011898772752044696,-0.003058087456845132
0.03707137808921249,2.044213215219047,0.007506520198898411,-0.4129055502072122,-7.266469611974177e-05,-0.0031969042493672083,-0.002703669883371295,-0.00821453961223968,-0.01654181118376667
0.01494058738140551,-0.0020193822395190124,-0.007238889717879414,-0.00032052456943573726,-0.010899623199816688,-0.8173946134005685,0.0031658361494915632,-0.02926535629388996,-3.995621907180047
-0.006627074643819286,-0.011082019821317124,-0.00336578427955439,-0.024478839602793956,2.9098658425408814,4.903522272946464,-0.003700660233614747,-0.0034019755195894286,-0.005013015563673895
0.0054551359432457175,-0.010359280848200418,-0.03983016191928501,0.0007171365635322141,-0.04130205581866825,-0.6351510129490201,0.004516336593645448,-0.00943922193176075,-6.081145250158208
0.014488493808899633,0.12008553467168676,0.004389080097773494,0.0018884861086691605,-0.08161560476044144,-0.7769518151657913,0.002292077220598456,0.001373913979217572,-0.00023303326924127045
0.013742858036599387,2.679331152734494,3.3023869137204667,0.009222642137052824,-0.0068721283623366936,-2.076054159695114,0.0052721276065735845,-0.002134807799151133,0.0028462116000476604
0.012741055103027421,0.0062357528232599305,0.00511822228974098,-0.001968497876565752,0.006170311319107696,-1.881573940878758,0.036083913791496,-0.026863318619333325,0.00038086379279807236
-0.39022779433337274,-6.7316665002801415,0.005387259682010176,0.01002722764177702,0.009040858884470676,0.054109934457934106,-2.6458222660263537,0.007265356598260442,3.0440319266890565
-0.0012705114671559313,0.006213166155017792,0.009508614114992948,0.005390516687054787,-0.3649295299136252,-0.0016020386767146917,0.0029216978212668956,0.9620697768098703,0.01948989545700025
0.03538976698316351,-5.465512737153056,5.391699806096549,-4.615477468023911,-0.0013619388091739744,-0.003689751985315203,-0.04367493852741747,-0.13967476431835285,-0.020636252069055533
-0.008654333039531038,-0.001703195659049057,0.0037477804327965187,0.002561454972754218,-0.0013204640225031755,0.0007351928913541519,-0.0028864118966211005,1.0313547144265014,0.005557728589110238
0.0002452748052851081,0.029294799893195767,0.009642604127542292,0.003918501180568072,-0.020221217044198873,-0.001733335372131325,0.12852165192666157,0.007888495709784029,0.019872481938826788
0.0005723056482966477,-0.010419556919399234,-0.002189331158201761,0.012648319060228841,0.007953024892056577,0.001982746656680707,-2.2254641200139624,-0.002241595638780608,-0.0001991048498012878
-0.0023973483626957733,-0.0003139640881075975,-3.2855322771324555,-1.0800663954174856,-1.417489515452604,-0.001992560322014326,-0.004598962165650761,0.007209140678249415,-0.005096768105569062
-0.0501243657997439,-0.009518325086791,-0.0019357055974256994,0.004560781095494937,0.005562415492388559,0.012331861031297619,-0.007732962758942068,0.018102708509601228,0.0034334791200540627
-0.0006859288013872184,0.09881693676215973,0.006228491370771264,-0.007549792405623642,-0.02619450379482713,-1.215201332298976,0.011572828898118392,0.005343089233686742,0.002497686194866699
0.010098611849022464,0.012336701351616935,0.0054463932366019905,-0.001791832310657211,0.02384963152560115,0.0030226127562977337,-2.223010173399847,-2.544383922617956,-0.014608567081779572
-0.004584732178639202,-0.03663803338081653,0.01046403192695698,0.005518454274388079,2.2436589032055316,0.0028039708637682542,0.003918824006424407,-1.11744644973166,0.02784168587339767
-0.001758325338821115,0.004235542633176936,0.007675307339957277,0.12197390214554393,0.0013771524623224854,0.009348680440144475,-2.51118298860277,1.8470305498653072,4.224330683891125
0.007069087258297212,-0.017836029410827327,-0.013370855382851904,-0.003069017021002672,0.002380836048879842,-2.0773768430003434,-0.003680814430159357,-0.29349040791870973,-2.369322868478222
-0.10894483070872507,-0.013541296054476543,-0.0055824741849979514,0.004165004825554347,0.013707348738461508,0.13475173587917855,-3.5124239787733735,0.009561949278535042,7.818521102639538
-0.004414600545881478,0.001032946839955206,0.03584916621116696,-0.083125531159653,-0.0007512042052564977,-0.0011383318698101313,0.011363481474819942,-6.370309650025954,2.374330432021382
-0.00021125307144367195,0.013662668591959526,0.003337610215914357,0.013152105907198855,3.5043960679592643,0.004629423773446412,0.006481724231381857,0.0026485128785145723,0.004230423061869874
-0.00818028278401509,-0.01800730204138435,-0.023637927316602088,0.008354200665550676,0.022313426729700714,0.39195190694748944,-0.011213424082673173,4.182989754768624,-0.002739812059082483
0.00970161294178205,0.013615911495198352,0.012084694838320656,-0.0005489335712466922,-0.004875122433535606,-1.7055039500675053,0.007691624780121004,-2.6418108096319974,0.001742372484885707
0.003650788867978698,-0.002068019686050887,-6.561726592894466,-3.0284187462827563,2.2839314455075446,-0.0010407319423615113,0.0008771428664730492,-1.3514691395666802,-0.017331104783240125
-0.012386053757246322,-0.006318363895112426,-0.013706545718587159,1.7231013374887214,0.00046644925299957254,0.001792563697154546,0.0010654147741109622,0.06144559795076143,0.013056133549122153
0.08232019343073835,0.18432436670800614,-0.9330313677948858,-0.004827580215096508,0.18389787787436163,3.9143446115549816,0.0014164781011588023,3.4320328142050105,-0.09908010638503284
1.414849448200266,-0.000160015834862191,-0.002176152593683702,0.004792308921428597,-0.009989524850385387,-0.6044147071445436,0.001439428317537031,-0.005457130686730661,-0.0013478299747699263
0.016614114079802803,0.01041657335684757,6.306636414681391e-05,0.002125504467170232,-0.014445847656062577,-1.0866333126200263,-0.0011912616846916774,-2.5657311138474036e-05,-0.002668343276097322
-0.00037613180467395424,-1.3303419720230765,-0.0037738751051838125,-0.8530167130749315,0.004113230102907881,0.0003960012325122151,-0.03988218692039202,-0.028891276428442136,-0.9879376394887036
-0.00045277288459769777,0.02155736347543452,1.2741726346652766,0.0008602848076337145,-0.5836785319519601,-0.0021702532257224794,1.177401699688967,0.002368524899450529,0.009671637811605703
-0.04316555142609394,-2.320862919459472,0.0008054127257154792,0.00721501481214065,0.010800717813716346,0.09126229877147285,-3.8605905745316225,0.007750021737373439,0.008746843131015116
0.01712635518068356,0.03802227160463678,-0.010891351022418748,0.0085250072347548,-1.8443951835694996,-1.4608599494853625,0.011562600093744047,0.0061957338032234965,-0.0014454644622609175
5.041773924049258,-0.012378825369840907,-0.016271132378716663,0.020967947931156382,0.00553193061191283,0.008355118897736848,-0.6126290150314098,0.0016870309218741907,-0.012985772053462435
-0.023240932172297626,-0.023390242796737015,0.022232332703707086,0.0003200251750263613,2.5923354260033373,0.012320559799303743,-0.004431588486450328,0.001292339807580898,0.008645677186911196
0.0010643878807534667,0.0070696300411062585,0.011873103731663021,0.03217411181625927,0.0006414095925101994,0.0004600579708993115,0.002374851328385498,0.0012790289717055404,1.6353998685602562
0.002585038204733379,4.094036228435696,1.8775067685135634,-0.001947940686750165,-0.0064124455850304435,-0.0027156104209468705,0.001494637309571216,-0.001581968769598375,0.0001777888955752779
-0.002134919528429423,0.008624892481583768,0.001898418488211271,-0.0012841908707606332,-0.0009298291880504423,2.177667452965372e-05,0.048348841971148096,0.6334166399628594,0.015701585677962728
-0.005800686062992031,0.008870516915645228,-0.0010234894740628608,0.02821492092984417,-0.001095329448631971,1.7711399930127103,0.14680348369430352,0.020043131149114116,0.011420940512632913
0.5277398041992909,0.0520279194922943,1.6816585889320483,0.04013619552591776,-0.0018868984463819077,-0.0022017920885820594,0.030941187473986692,-0.007548619110928225,0.004649326267300243
-0.008202635678578018,2.592907246010977,0.06405598687738587,0.0028293376615302966,0.00018882707572355148,0.0039029038017136097,0.0008005002718441852,0.7672649856942468,0.012766990494220531
-0.002291692434802008,-0.02435967250369998,-0.010904267331351582,-0.0035686115895701065,0.0006071661697159211,0.0001324991322448581,-0.006888176831435897,-3.1933946630214844,-0.014650643469814914
-4.105341464183215,0.029943759013088274,5.366651795211549,-0.011081928688602399,0.011577639651262295,0.7297483394490552,-0.003315195777471941,0.05304134978326082,-0.0014663402372080414
-0.11979557557807707,-0.22066793326281137,0.0002832403600349989,0.006963167220003043,0.004778326137676314,0.8648608471832229,-0.0019090373361406524,0.0006693278305381226,0.005419690921834589
-0.00015353049586153134,-0.0049897089536206085,-0.0018507998746308263,-0.004269947387400608,2.239937814335832,4.255590828407115,-0.0020676749441106007,-0.006156205668605419,-0.0031764437117577163
0.0026521213439886105,-0.0008780566536999166,-0.004175136485329705,-0.008179491979654292,-0.0006901658277101901,-0.001056935113619927,-0.0005988168742451574,-0.009233658765830575,-1.12528003015808
-0.1586397176183259,-0.006999632285575132,3.6703785987524733,0.001364469838101034,0.004448315694037752,0.005405558769883893,-0.0011832227599195928,0.00976882426987426,0.06196237614261724
0.03701330574370276,0.01038532440044641,0.01000500856557704,-0.017180619112058884,0.0010600615346296194,-1.922876377800511,-0.0020197847976660133,-0.025930486798090513,-3.140819190554542
0.0007495148021744447,-7.791651922740208,-0.9538862339241172,0.026500929585124025,0.03188300921961412,0.006000713554589809,-4.571349650656217,0.0010786062041941227,-0.0009261518817073634
0.03570761268839364,3.293622687626206,0.004422993382643174,-1.909078732482809,-0.12342888360725413,-0.028004057776543016,-0.016880989050253425,-0.004847337809368011,-0.13627796545073634
0.002513612395815798,0.0071726235024580235,0.06916553001335024,1.0184203025929275,-0.009721932330088237,-0.0021313132004002608,0.003886250212368632,-0.0007234075467640991,0.011657476292680881
-3.3903714127597198,-0.005101225387843738,-0.0023435537784062023,0.1280059220110378,-0.0034528420053684117,-0.00039351457133293384,0.0016164318061207966,0.007745014315048135,0.01020540570086896
0.006144510124520691,0.003226207550920873,-0.0012371164077012303,-0.0021072433299504367,-2.981492777094065,-1.1150426017029318,0.00013245072425820473,-0.003446179619127354,-0.003604003569965376
0.008777706707942583,0.02228777877731386,-0.00960169834395308,-0.010098288306269979,-3.799268663694466,-0.613359873225976,1.335403074464513,-0.0015642185580490298,-0.008842125280690932
-0.1930461535584592,-0.0055027251326337364,0.0033600694645737417,0.003926662092004817,0.0020412488907193445,0.003181677758710916,0.0005386499936347999,3.5054405996609534,0.0276244560933199
-2.640695457412796,-0.02935238914875553,-1.8141912176034765,4.991398703146642,0.004943599470909901,0.012818875344553615,-0.003569403386894522,0.005006233205025479,-0.0012547248141579898
-0.0047082064948813975,-0.0037595978598643325,1.2049757974172013,1.6687249962292443,0.002014125627659213,0.0026008509583606656,-0.010298704213652112,0.0020590220411180957,0.4679788306406506
-0.059539443738258174,-3.5199190388032413,-0.04481990799795446,-0.007064552468820073,0.02884267863587439,0.01456663408777585,-0.003597874886361395,0.006395297218032258,-0.000480026261475582
-0.005714239249956286,0.010451782576957858,0.007596211166119093,-0.006498748688248167,-0.17316293394868887,-1.2926289320707491,0.01165100443966835,0.006572838421217324,0.0050613112184448375
1.1909185871637193,0.09539513110944453,0.005699523886349411,4.3325146130102965,-2.342790794385901,-0.010274160476281519,0.0020961376087683804,3.5912404519930496e-05,-0.0008704375905806694
0.006318120691327683,-0.004780980485262647,-0.012124561075043686,0.009995289096554175,0.002592200449804228,0.0005094377976878148,-0.653545308622033,-0.005768976150403478,-0.7476089459460571
-0.008963902155110842,-0.002193787122951497,0.0010212773971451576,0.0054729714609098,0.005270044325191497,0.004294052119148618,-0.0012249174370240713,0.019971584201202833,1.6325298467565812
0.0016397058299623124,-0.007356802127836126,0.0044165938974617125,-0.006830932103631254,-4.507333666724222,-0.8066116193341308,4.609988219065156,-0.023892133941022964,-0.00039150880487800327
-0.0007894521764149516,0.004887070893481227,-0.0234303976235875,-0.008088928878620165,0.024298628841854235,0.0019154356841918734,2.1377103361789453,0.0022459085525427308,-0.0020568230436215067
-0.0029446222599635403,0.0003514954252982199,-0.006763363694174275,0.01631963525620349,-0.0048381484463494995,2.0200475222786434,-0.0028931764169764784,0.01644600171645676,0.0008641246183819853
-4.254166507381342,-0.02881760050308102,-2.3793038363445476,0.31517103117233347,-0.01293828396952823,1.59344731278226,-2.735284648133579,0.032049064546891215,0.005807822828265252
0.00231408637964646,-0.007322049699661455,-0.00985637728719012,-0.0023483992941752204,0.004628904382404382,0.0004521622975562893,-0.005302777538676349,-0.4033390232033583,-0.04679195725464363
-1.7908501888583512,0.007604619816598778,0.0036052996831445056,-0.005565709186298392,-0.04837521239508291,-4.043062329244793,0.06816572221851547,2.284336513177195,0.012467131027809393
0.0025205068886320348,0.010508538388892957,0.10270864299151516,0.005289476939995735,-2.5083413405026604,-2.747636695624628,0.0028767246689395468,-0.002144575071122423,0.009791477286171801
-0.0025943819278712588,0.0018645441417126235,4.452331819860773,-0.005409296334334061,-0.000827130528481896,-0.0014886619729094011,0.6257262377472339,-5.996431231243287,0.045976397044726613
-0.05177881053145543,-0.006863138141073463,0.004773005690450218,-0.42570769216983984,-0.0072414194729828055,-1.6102817254962098e-07,-1.7747705386281103,0.007997178706501185,0.003163295847026992
-0.005633663849484898,-0.004325470191684644,-0.14522770938638696,-0.00532382735578813,0.0029420503731679426,1.9854762798760308,-0.002665482239233352,0.006936584037718203,-0.002903447704032275
-0.003974581812030073,-0.08223842607675064,0.0009276273143244507,-0.0002787796150908466,0.07240486703741568,0.005010105545288114,-0.6395818873600088,-0.001765962850170011,-8.247247356567766e-05
0.11704308784514561,0.008621620551782977,0.0004832070527526211,0.23786072237712574,0.0034773121848344357,3.141447415156634,-1.1010516294861485,-0.0017515173192100553,-0.004178446069997323
-0.016439596686291667,-3.28617400651893,0.004379756695661128,-0.0010195153593656938,2.2788925469148715,0.03098283960731596,-0.015167801521847282,0.00394105921886928,0.0024746657075933633
0.004841285537952551,-0.4285194310480276,-0.01109179446667146,2.635350026575925,1.6781191981759507,0.0023188716711260854,-0.041037425625464835,-0.6773863086997545,-0.011776792294548036
-0.001310579184481723,0.006742432319953785,0.009317903118529867,0.0007273312608832689,-0.008049859845845123,-0.0009988804193397775,0.0023304873284885155,0.5914140416890137,0.010133747385136192
-1.361160215208591,-0.026116456312394943,-0.0008301969677666221,0.00795187907047805,-0.0016979970296573943,2.9019316832388347,-0.0025435171560961867,0.0009455519886761386,0.005140175929566296
-0.00194034712300983,0.00532933353076253,0.014910338116619584,-0.0006885799875893783,0.017950757956502084,0.005966641991715465,-1.2753714223157158,0.0020507946253120884,0.0009441813245295782
0.012507695470110077,0.4524489892974764,0.0028287094567404445,-0.007409181270124175,-0.009094031754484894,-0.5286281650779866,0.008471679988660705,-0.001218589430874808,-0.0013328843138782657
-0.002716795280757452,-0.007856279942029362,-0.004695854555345407,-0.0497405427175468,0.006501897441443397,0.0024963447161684615,-0.012432060089530123,-3.1647072144837223,-0.035503360933815384
2.2549980567539194,-0.0017680126657484032,-0.0005811855502653451,0.05097863747067924,0.005758952716052812,2.790962544687752,-0.007448477510005547,-0.0032715752426149716,-0.0012431996886112743
0.013305268191899469,0.005599565295155838,-0.010138135471712535,-1.8856113531185033,-0.012053972787438222,-0.35213497150229317,0.008499806482534511,-4.959372436058602,-0.011922396694553639
-0.02649908276673399,-0.004029738241458386,0.0008953855993008267,-4.032869025485953,0.004898544695340342,0.0039558246792222775,-0.0037777348485138387,0.05984878339910482,4.8993937894381645
3.20285039649522,2.249076984023657,0.2728028818616933,-2.3746238567468234,-0.004423661903660073,-0.02088090547793383,0.012315281096652031,-0.009862846790906758,0.0033024037452705907
-0.00568694989227591,-0.010599534436397336,-2.309310476177802,-0.004157162247798935,0.025952193955639302,1.0778206309028318,-0.002339398050987762,0.00160130723588915,-0.0018681073555215633
-0.003106823485205269,-0.0030721914403483894,-0.0004259198271082839,0.043171898528080795,2.378989502791261e-05,0.0011307765768176613,-0.0007555827576050246,0.005872660445225182,0.0060950542646198615
0.0025844201645359353,0.00043128400284405885,0.002012961227381741,0.01738755739816272,-0.01262266142499584,-0.004661492965298683,0.1933818660634148,-0.005748549461969188,1.269670182377987
0.0008938468393178481,0.00513444425127587,-0.0028092874475899995,0.003123580289317664,-1.0555824454854275,-0.0021973670361747407,0.0008903605959856013,1.3102711337673072,0.0003659635507620336
0.0009197639801797938,-0.0013327871166053948,-0.0005673605912165005,-0.03188975297498012,0.004226414410879815,0.00031638589425060355,-0.0008575957065737536,-0.7531359584497173,-2.1721574821567833
-0.0044915266570164794,-0.0009263127482778306,0.0066247129091349085,0.013092672042358346,0.008166731795752655,0.5208003077554667,-0.25693896244612213,3.6328153044929334,0.0024722901080961868
0.0011146304235118522,0.0027736534130635426,0.33074655987761736,0.06828198153635195,-0.02966186483337918,-2.2500220353501206,0.009915244047407235,-0.002144665809812622,0.782710002102868
0.009331438733239161,-0.0005056058869553626,-0.0038880693856913895,0.041632927343386195,3.1105391990043216,3.2023747783915866,0.003407156258012911,-0.00441320100627296,0.0013993672143882002
0.0033681479054299733,-1.2467665229757598,-0.03781562958003476,-0.0038208172100737733,0.009823465596392262,0.00048066338267903016,-0.014309255400685495,-0.20921261113712636,-0.262718741148723
0.003953746090586024,0.0067576421673173,3.3816394257049347,0.027839083953135828,-0.016248944577075507,-0.002916844857404864,0.003065344888222979,5.740000552211992,0.02468829223246377
-0.006277690142830597,-0.36662626869589765,0.004464885866716302,-0.005101297240339451,2.1230118135143607,0.0033372298813941215,-1.452071701835604,-0.0010253350226731763,0.0011228792060690648
-0.0004521433308030884,-0.006195298410301697,-0.04031044135631858,0.014965658001966966,0.025821863228882552,0.2168468151837093,-2.4407847726398915,4.563952831756166,-0.005247893695103312
-2.542932276779949,0.011472970485754054,0.011560022493347134,0.0023944814131310003,-0.0016731245264816515,0.0017098131247804717,0.002625068624879108,0.14390199433338202,0.02219927940211014
-0.008668882967558323,-1.3107839175379842e-05,0.00428025653490538,1.155206626533005,0.0020200882017946814,0.781665000420608,-0.0030702306189699935,1.0384429065810896,0.0086605888959874
-0.004442437857951739,-0.016458506048556844,-1.3974135443126554,0.014846380290205559,0.002752528806879215,0.002675619009769172,-0.005031085181305283,0.004945364180139839,0.001853087826989499
-0.008676238418780794,0.005405509510076335,0.008520189241632649,0.008521538563322942,0.0005526459480958978,1.821159678613266,0.004257763854421753,3.220210020999013,0.01833581268082607
0.012004893538602589,0.0045994940836886645,-0.0009821014251298332,-0.0009603762338856946,-0.0075119662200343815,-0.6143630939473393,0.003026544647358475,-0.003507933426729109,-0.0019894242833007024
0.0049398041598145166,0.010226352132207307,0.0018733955622580204,-0.009225263190333446,-0.001010861326384234,-0.001399468195529585,0.0023793183742009,-0.0028408421829277924,-0.0034485918057960956
-0.003618668838011962,0.001290629304691017,0.0003461829941467462,-0.0017014787013995712,0.0003213789202223036,0.0006322996819370398,0.004363933167017183,0.00828851633794988,0.006887127669908919
-0.008415752046709348,-0.016265806178957655,-0.001233657821597324,0.0031804565154322562,0.003906036507705546,2.319314961253592,0.002096905660567569,-0.0005986227049842993,0.003270373642618934
-0.00928941264887359,-2.6267911389175347,-0.00886858219523938,-0.0008368341320629524,0.02770535895262019,0.006784417606160716,-0.011671496669027469,0.0023450070331487854,-6.001379765336661
-1.316187347882059,-0.02399120154335105,0.004570219356038921,0.006422623902580407,0.0012198954025585199,0.010482122070121141,-1.2128860315425984,5.326157417169095,0.007222976950800181
0.006920577881617492,0.039389810635970454,0.0005251806020307908,0.004167743401710792,-0.4041079107373362,-0.004274799948005144,0.004555664593779161,1.5201808447672356,0.0016227823860191677
0.0007221460179817305,-0.009592521148354573,-0.0032975652967144773,-1.2511651637879935,0.003009805357558944,0.00023676730753792864,-0.009178191144216205,-0.02590421378297449,-0.032388910316457006
-1.4504404005356717,-0.0015516624840655044,-0.0024491951270144818,0.005182789287264983,0.002799849441810394,0.010332734920888877,-0.00038612985314477426,0.17369885154913242,0.004331030091268749
-0.525829944700493,-0.005716144408836344,-0.0026759969810089927,-0.0019526052173127507,0.01069559567957741,0.006980187343832195,-0.0010767653558189164,0.018714466162054674,3.4558061432980614
-0.0024024778943835118,-2.2995223068163604,0.0020143128061986502,-5.541265806287392,2.2327506927182146,0.004554559985585793,-0.016907647380451862,-0.003194100479638779,-0.0033739184366499628
0.008708464954234878,1.5808552910739486,0.0004118673393666769,2.973005534208303,-3.3228323201488807,-0.005083353355661457,2.553939054244039,-0.0004573811022356999,-0.00013062988202691
4.2947991795672276e-05,0.023459475611437974,0.03081438087425356,0.0036450603522893846,-0.055265938713337626,-2.4013002671275556,0.0010648699771285686,0.004236469782036484,0.003669979145132729
1.3884798782874523,0.010001419295948707,-3.7480257592770814,0.0016860840693835913,0.0025738811322750365,-5.785292295798234e-05,0.000591350222481175,-0.0014659053602257346,-0.010662294802815067
-0.006716166215171758,0.003425968605093206,0.011872530416188753,-0.0007925219890036897,-0.004937140712581469,-0.000548474672172259,2.0295331686861457,3.056965616537015,0.2215823168919302
-0.010933385720971,-0.001739471438941045,0.0026412857302095826,0.002577855076302567,0.0017103577279515593,0.002664799594267798,-0.001253765136998047,2.129150866565983,0.006631327073061154
0.00024997774170822703,0.004871199390071301,0.0022719806401046683,-0.004301910805524396,-0.0003496225662371237,-0.0003021849473730309,0.003180109514827524,0.0007973976069893814,0.001157538042848696
-0.0015664448164358635,-0.031178402561197194,-1.9387846208885795,-0.05254581628260737,4.734476979530212,0.00021752919170106577,-0.1618374340547635,-0.00109097139675908,-0.8633635151494083
-0.006923125411569846,-0.004168480311120264,2.050115154624441,-0.7779762407146058,0.009308469104840789,2.4489606934139014,-0.010362190933591614,-0.0022379294930001776,-0.0015305110011476532
-0.0023749129336637824,-0.002257626976194103,0.016456791749156652,-0.005231772593739206,0.013016659208537673,1.4286564500261751,-0.012216592101901291,-0.0029556640729722986,-0.0007191422677349166
-1.3888117236865183,0.02932408964769284,0.06237382097287303,-1.0628431053620444,2.420573243536623,0.009068567182679205,0.0281079537824528,0.017344614052566973,0.027548242037096875
-0.00029509522290839383,-0.004821743721420731,-0.001685081550343258,-0.004082746947825749,0.01286581609291222,0.0018082016659227173,-0.015070974530501083,-0.0037914032404633862,-0.008417292963869855
-0.0005849476086950008,0.011004002955194315,0.006436780525932567,0.009181110985960604,-0.5149699090337873,-0.0012440657448806866,0.007357702976349648,0.00874717607722685,0.011566394098888893
-0.01070615669624245,-0.00016204520708722973,0.001935247963880185,-0.0029191283658187134,0.10723041177408282,0.030423118814975114,-0.0013249958439555815,2.5739690437771197,0.003515643079511882
-2.295309361090251,-0.01277067345074997,0.0015356703900085093,-1.4746813827045369,0.016990288144727278,0.00786627635193224,-0.01003544275627977,-0.0070732833712987,-0.0045014419248926366
0.004314551246200636,-0.006194699694173689,0.007422533596183259,0.0028241800355671733,-0.0022839989714218177,-0.0030795865089950775,-3.303064711737026,-0.4318972619377949,-0.0017435283914776986
-0.0027484067985814216,-0.007278242443531074,-0.05981631334901904,-1.107299053628854,0.005960899770854322,0.0015016589591868063,-0.002755698262636964,0.0005691687695435037,-1.5108685558423476
-0.01271459377186115,-0.010060989183922925,-0.006320431320466627,0.0019238812901844987,0.021609309909389002,0.3819537972865576,-0.0057726381473369,3.066824419997112,-0.00048216683816445366
-0.016645315134758275,-0.005123642777872075,-0.0035856582561346996,-0.0045975540038908965,0.000303114867913578,0.0006972675532064584,-0.0006970463079868519,3.036498357128751,0.001312022364348353
0.0030442107183584234,0.0006946227487087982,0.0021565358636476675,-0.0003008434853267808,-0.004849720574099138,-0.002719041940675092,0.0014397518617447586,-0.005798774724671098,-0.0007743838073162869
-0.0008580768102127525,0.8747637346774093,0.20254695228160552,0.1780969016690518,-0.00732009383440666,-6.914780172760822e-06,0.0037869296579709517,0.2231635650634977,0.2925539505509252
0.007152201133729375,-0.004039646572282091,-0.012364928127333117,-0.004858102271730995,2.5344257007123323,-0.0018447423781460942,-0.03322264700814407,-0.01071816739913431,-0.08373308132710716
-0.005368111700761617,-0.002732401829512454,-0.02183045822849894,3.572691971613481,-2.547502566830968,0.0022285637273031234,0.0042010551199870814,0.17326374406060388,0.006241195589852505
0.005472882882432066,1.6244582786543196,0.006461196905293773,0.0004298539266614382,-0.005946570619996715,-0.0023593362761466256,0.00215271439181953,-0.00047000450219949455,-0.00031638146441962
-0.001690250021001114,0.00754344056811015,0.0016923476966664713,5.313314141940674,-0.003594657549447211,1.6371131957886735,-0.11881041792736236,0.054741146933765264,-0.0009292547455940353
0.021536305317406437,0.006117236362822548,-0.02072857442600622,-0.0017863147918618788,-0.016769970059727163,-0.4112310814398099,3.417823858102487,-0.0025621948385274457,-0.011682503329670501
-0.016741903338731642,3.526819277728418e-05,0.011187337854073501,0.0016180421642358216,-0.0021883449352669924,-3.5402019762187815e-05,0.0007566641432366957,4.450828434961626,0.02557830397062208
0.8124935244782873,-0.0020222212244398385,-0.021330793860878133,0.001461528616158985,-0.0008629647186304268,-1.6187201991518327,-0.0007810229841794109,-0.005118347579153852,-0.011321058094131822
-0.004635774144385753,-4.194040240157891,-0.039701351088443054,0.0007306843697686574,0.0917228021276284,0.04568157655309586,-0.008696259573550483,0.0033917424042212694,-0.0017187704373889832
0.011122193648490361,0.44344539324529486,0.0013336983643770853,2.5120776183543887,-0.00500460599298419,-3.35338914167436,0.6911291796495522,0.001122290756675845,0.0031640379230619027
3.607089368170219,-0.09231894661282299,-2.0150677849894345,0.013588119744098013,0.004779409532764685,0.0022879854974753987,-0.008261747602383199,-0.029363497909030388,-0.020324030384368724
-1.8695680257115743,-0.00042197519501574465,0.0045818254253512,-1.7930864626033938,0.0024344967960972124,0.0010284572718569779,2.0425255720253697,0.00028489940005075806,0.007710348020340763
0.007161003366996911,0.00851048108744486,0.0021744419664391154,-0.4209786930191175,-0.003569895640566152,-0.0029635369004983427,0.0021153736598683837,-0.004707568517869024,-1.9924918567066234
-0.0008899142690966255,0.012096199084959874,0.002147983865336515,0.013656211461389414,3.1262134874698333,0.0037288267328907387,0.06176878472742507,0.002580609221905096,0.007812979354574931
0.00572915068472237,0.014289284271920425,-4.079503188567545,-1.6491009707844702,-0.008153811011416011,-0.020102095873114054,0.5654084884410783,-0.001332933549648993,-0.00684768559214223
-0.06908322566475279,-0.006734608426100748,0.00034791109452234645,0.0015369782375120027,0.00020708632761649382,0.0031715939251646674,1.9690657785951706,0.021015045040592397,0.44114978740540495
0.010864729682815556,0.003290033841830296,0.0025137972180273756,-2.089523240308121,0.003391250807609908,-1.1146076259514863,0.0069023019313203815,-0.20620900490404764,-0.0030427337675055406
2.041832789501094,-0.004755664351160142,-0.0035992999826434673,0.026269742186746242,-0.004794756103694051,-0.034437411711796845,0.895155024990796,-0.01860619844456449,0.0021092555242938106
0.026392062118054897,6.565671403691994,0.9628034945780046,-0.001084676603260228,-0.004570417512138131,-0.004879791281470116,-2.0844776945373718,-0.010081236928698126,-0.007523992595634601
-0.0041054163910876455,0.006764243686118523,0.006504569982105105,-0.012512833892560903,-0.05810298168363985,-0.005525716213901349,0.4987574193539699,0.5851304626697742,1.8268110465887812
-0.00430167513728999,-3.422522889786358,-0.005619007869205716,-1.3015062808084692,-1.315896477939364,-0.013848619437008845,-0.004847745897528113,-0.00021655648337097488,-4.370627815560564
-0.02646371260867837,0.0023193503085147203,0.0038185376150409248,0.007821668707851545,-0.0017811776107952426,1.5377103865834683,0.010695989659702615,0.03316898482041494,0.6339301353296649
0.001585698969488289,-0.0036933289316597355,-0.006196124133129527,0.34984173030091387,0.016967306530994836,0.0038868165824673655,-0.16588461232799714,-0.0014353819634249135,-0.006011795951315527
-1.5707731767078261,-0.023511179419659495,-0.20107532308651385,-5.82046816688001,0.0025996753760183632,0.0026271625365013457,3.460703822972932,2.6918073344704094,0.0008325265895636202
0.013818867008995137,0.010376950774034499,-2.083595123238802,-0.037881275507339746,-0.0014490381646843353,-1.2206371971079115,0.00784713690654179,-0.0014173429589282895,-1.3302084045643694
0.0029564743319767106,3.977025257345848,0.0025757226889838586,0.006367741446922086,-0.004809042439400668,-0.0016081218225796976,0.015343060919196627,0.002389066949725585,3.4334128680412035
-0.0028554892924059095,0.1633906095287468,0.04384083686519787,8.872759278269557,-2.0258885137183924,0.0038649927570621953,-2.389498582551581,0.706226907050977,0.010252552493493106
0.003084809417870371,-0.0018893798420454022,-0.00446389735307115,-0.07473179119963114,3.9674339666827616,-0.001024533470403377,-0.6925172563031329,-5.947700519915422,-0.059559480569958745
0.004512779705714958,0.003641923578443153,-0.010167428071434493,0.005458143045474904,-0.010569145482371783,-1.1505006481259699,0.019843241099832126,0.0015029112900347447,0.0006892970527659758
-0.007449927118899247,-0.013792716118539439,-0.0074227531250163825,0.004328364895840674,5.5994991157774745,0.027478873401596604,-0.04481709009484195,0.010374854662727834,0.0016353622928310853
-0.002131750792662885,0.00619990050081394,0.003249801129413304,0.001809355874868939,-1.5005161733017118,-0.0009301001227211697,0.031181980420806117,0.004926296009573448,0.007178893944734513
-0.05782159510874887,-0.026117555059462113,-0.11751635844928045,-10.075824174378225,0.021335351693857193,1.3583675330311902,2.0847263167023655,0.005548926171007157,0.005134304167017226
0.013580863963315808,0.3378491799676957,0.004335630216037624,-3.615125787921032,-2.287568476096675,-0.01961323238927537,-0.003950214115200939,-0.0031898668195882397,-0.013374766240348671
0.007617494478782062,0.006549681346392305,-0.0014843019667434387,-3.265895718287344,2.0809226146420237,-0.003961022018240383,0.01902590480934666,-0.025765988643723453,-0.005061166375279525
5.441271768961204,-0.011979900970056898,-0.9694119481601222,-0.0044204084296659615,-0.00029495220691047597,-0.006117070555881912,0.0029937879316517466,-0.022187072079891196,-0.007187748065832306
0.02476743797072252,0.05849413631273456,-0.0042650034682543215,0.0014461274219872075,-0.01602145483044687,-0.6117922682819519,0.40543617458655135,0.0008412489763592176,-0.001157805019263848
-0.004441539925145798,0.0010714281435550421,-0.01046478870125998,-0.001611934954000277,1.6384217989158723,0.46338167221153714,-0.0041994946762108215,0.00858875108184793,-0.001304252292383354
-2.459973995814153,-0.011008221979287918,-0.04557459052869231,0.1063056952400506,-0.0008232072801931181,0.002441421667080542,-0.0011951315506038493,0.28272198751421085,0.0016204010060441865
-0.0012224107855089913,0.1622654823657661,0.007488199934671663,0.06313821380683726,0.00035283085808872957,0.00330255930503609,3.4381872547130796,0.0114779985377871,0.011519146828435151
-0.005294269544836677,-0.003957250750552496,-0.2659970191378448,0.005927347534698117,0.010546708781051286,0.22732202518364578,-0.006883709927917394,0.04158638699074217,-0.0008640707529281015
0.008594520872626285,0.010732993104074287,0.0030372313282621896,0.0020622388613324508,-1.5619509043651192,-0.9163965760954822,0.001625893787950635,-0.002094568093593256,-0.0009344048171906197
0.0018037926453418757,-8.795582250464024,-1.252301227919542,-0.02437902568444996,0.018855987408796016,2.8127384951176255,-0.017350121059141688,-0.0016011745332566336,-0.017453596801669316
0.0005632081256231897,-0.006920489999814115,-0.0009120004267516571,-0.008709955766657465,-0.8827891912346078,-0.02146168733909619,0.003948436693502678,-0.004435394113365319,-0.0005222542000749846
0.004570214405232442,-0.0016843735554199143,-3.9195987196092155,-0.0036774734636209855,-0.0580927809584287,-0.131761150059846,0.0048811471929086836,-0.004864514031530607,-0.0025333486123914443
-0.0036408988105201493,0.002644775555013884,0.0018710303382489957,0.006662181025573161,-1.3897637982274846,-0.0009657707287661702,0.009876503505151549,1.226541575054553,0.019649178624323554
0.0014136016556168774,-3.5890063170826165,0.007925058150320782,0.031334160063485904,-0.001968834075039727,-0.0012524934690719518,0.0027880728581338027,-0.006554786732305193,0.00507828120412403
-0.0038182942481191466,-0.7119565243055943,-0.0027428835905457614,-0.04911034768043757,0.00408605555226171,0.00046526716779664995,-2.966610860312533,-0.0013183142344906328,-0.0017330803965292466
-0.021658308848990865,-4.097246804013841,0.004323480266266742,-0.7034647199203531,0.004916048195954578,0.0021862261494856776,-0.0035400012468877196,0.0012782669673307905,0.0007743451104293541
0.001722492448095709,0.01231711571383498,0.9794119894780415,-0.36344270623285374,-2.0825838308839093,-0.0036954373506960514,-0.012379366158856014,-0.0009460134296897828,-0.004632075948515849
-0.00768180276155832,-0.009983482498690499,-0.005613411480454996,0.00120718209616184,0.0178331024277584,0.5254152385913082,-0.003194171044328016,0.0021706561379341164,0.0002855617329990362
-1.29328231032032,-0.004954095421889875,0.001493368925662111,-0.002175646464114467,-0.004213361560312507,-0.0007865862856778563,4.5492678489975416e-05,0.0045515715985013925,0.004675400577762286
-0.30842181134499946,-0.5028483617881209,-0.4865057713711346,-0.005535874278889112,0.0049576441952499,0.006317909770489115,-0.7029832513874618,0.007541703206085571,-0.0012898686484396208
0.022636671783675823,-0.001317115854650643,-0.016398804358651674,0.04316192425071709,-0.005168759099296372,-2.078489424245399,0.023547564464485027,-6.465780992434328,-0.0026249118101566438
0.0023772682650585186,0.0030548489910855736,0.00684878161604815,-0.008277995283725748,3.1860364117536157,0.0018719761918263855,-0.008641816269028515,-0.006005172966485464,-4.237203239423661
0.006168709681876843,0.03106238865958537,0.01690418938287159,-0.00485199178197098,-1.045686659863168,-0.022323354409492943,0.004173961806095113,-0.003179137032175161,-0.0014262632485826275
2.0531501183447585,0.0006525688667243556,-0.0005758851812440874,-1.1230836597925977,0.0030317481687116045,-0.000283645358133629,-0.00502844360312488,-0.021796623933870204,-0.27641689238041334
-5.673660554025368,-2.073504141203575,-0.04074134359676543,2.7142109611127867,-0.002856976216964388,-0.0023501197058080118,0.007072490435932846,0.00024105226737722942,0.008258593024817573
0.005709088323118387,0.015531495985923849,-0.0007954254967356871,0.025479176484952133,-0.03311255730212699,-0.0042134639075292885,2.114178173470353,2.38415351932166,0.004049056050076591
0.8081660269879801,0.008879437395584363,0.005143572659915902,-0.09977219003207635,-0.002847855318825889,-0.007228938141141411,0.001168688207756348,-0.13471325224284703,-1.6252919376695538
-5.145066834681362,0.0035510060811903277,-0.006110687463619424,0.014452253474646543,0.010812105027399599,0.7470769997619469,0.0037022427457714113,0.10549985414705687,4.544334055741491
-0.006288911442817766,-0.0036730613383274824,-5.9429739216385595,0.0865908496236519,0.005655114402917132,0.010605249275207514,-1.6693252042480973,0.017008649745015147,0.00782741440908542
2.016732934906016,0.006079894704997452,-2.953084908431003,0.005483459668320121,-0.06135814495548453,-2.5320790149048804,-0.018644905518445443,0.006651134943901132,-0.05352122946113913
-0.0019263695361600303,0.020097677676607223,-0.0019244804772918303,3.6958080484879323,-0.2984075646562667,-2.8215349590750103,0.0718002214875526,0.023320415636503958,0.007916940870287166
-0.008632287409196861,-0.00805113462863666,0.0019910404303119336,1.568196023979807,0.011523870161419765,0.015716234925942936,-0.0035459915679844378,0.0021842316693716233,0.008553329911471496
0.00254971679146632,-1.9990573785401082,-0.005750655079743067,-0.014963162333833602,-0.001936661766324975,-0.004314501122408561,-2.2636708849533544,-0.017842620761950007,-1.8794113342090766
-0.5827333477081837,-0.012755942903292392,-6.168594909465314,-0.04100174499919533,0.32487726819249785,0.050476379971346574,-0.014382515148841798,3.2900517669946314,-0.009992780355237606
-0.0006510452617754098,-0.5480872484914454,-0.06652126204158591,-0.057952025172000224,0.005571467340091672,-0.00024500891445559253,-2.3667106308198878,-0.00323347700084045,-0.7753555305529979
-0.025769744454475923,-0.0055647062237567544,-0.003017176270906738,0.0005944454043009953,0.0025268818014103425,0.8931264671953881,-0.0016006729361953825,0.00886656002837238,0.002014343210308831
3.4416090046901164,0.01430414170568371,-0.0010941519250280002,3.005858988389271,-0.003900391305099761,-0.0010013156114903603,0.0003911910971144128,2.2818401260009344,-0.0002026455772385034
-0.002026999018247047,-0.08163591559942009,-0.030295401207703326,-0.010331910592519167,0.016282736767392447,1.944246619736316,-0.03336850563453464,-0.002015831865724223,-0.009245984067415322
0.01525355062627121,0.0026433857893328493,-0.008983110126494137,-0.005356881755200831,-0.003156384790019451,-1.1353489450363154,0.003926079393622314,-3.3415595282282413,-0.009391240862735878
-0.005004679068010328,0.09531193199769261,0.01279684597395505,0.003512232404711129,-1.446815412378573,0.0007970782217508708,0.35827901077202756,0.06085728158231314,0.04256669628527601
-0.0014020259559562969,-0.0054186485394294905,-0.007451778132315791,-1.24673178261888,0.010388695551299159,0.003530969843764396,-0.01006358763221097,-4.30412258794276,-0.15022656642969956
0.020716784372177055,0.021440548292076797,-0.0011120446753857816,5.185610059254798,-1.863048935222259,-0.0033607117434575062,-0.0023494903573430675,2.5413859880278813,-0.009216016381612152
0.007866450794458732,-0.009501973921540952,-0.02987722159618276,-0.0018374773306238726,0.015496181977506577,-0.0007339666510671333,-5.547679969752812,-0.8070398537926287,-0.04775330487285537
-0.0033256340224494902,0.004280217475048628,0.015382466507031345,-0.3638703903832917,-0.0035619777283288486,-0.0013087434832093695,0.8785145495931064,0.000852392433814151,0.005964612595510201
-4.014286034640362,0.009107752777253175,-0.002346973014201323,-0.0029676528630510693,6.456952622274782,0.012307975925471837,0.28643408439065715,0.02759230592952755,0.011644085855284259
0.02873492307545743,0.0072521424163101075,-3.2636953948168927,-0.005226875248250467,-0.008907344099362897,-0.45450783089485697,0.007799687261645857,-2.469448902053843,-0.014913823947550614
0.0466352195791511,0.020848477167603227,2.577784203625008,0.004782290333957625,-0.01034781728784305,-0.007062726773719859,0.0051109524542528265,-3.4702152398356327,0.0018072410561461028
0.00858347242513579,0.0038032148165690616,3.187005013581392,0.011733846331157613,-0.022612443618278744,-0.9885860321154221,0.009075786244270176,-2.236679633612013,0.00971593160771616
0.006172732128864988,3.7879197101585795,-0.01625219828543356,0.4508712914756874,3.876741778741259,0.051804220463565365,0.014087284621258633,3.1022047513827005,9.502028369236609
-0.0003714419385093277,-6.093151217514444,0.0041780972020780405,0.002674318681052555,0.04442689955591517,2.392868785957737,0.010114796019278283,-0.01418453420366983,0.004613891057252344
0.0018704848061368226,0.011899548332184262,0.0022444158811179686,-0.0024109899774649862,4.3818220950186,0.0018716236689924892,-0.0748950976100092,0.0008332597948804664,-0.004762845724726865
0.006227407987437895,0.0022494319731177067,0.01863459627186484,0.005619097352358506,-0.03775170639666106,-0.01402902654975706,0.002878368896081775,-1.799609864268384,0.0047332704939663725
-2.3212363549023336,-0.007284558741959629,0.0041097100567043104,0.006940996864586851,0.0022865177199147546,0.00566556798988415,-0.004457805370693929,0.005799661402473247,3.601043498759994
0.004926206290149572,0.002590227596021037,-0.002021886967946212,0.0012451242206316974,-0.005794562149656065,-0.004932380071783043,0.2838899449528508,-0.004590233556528051,9.678471733388472e-05
-0.005383458779655889,-0.01898095493582569,-0.0008881244861360521,0.01290728304915606,4.36421842226666,0.7031182333659931,-0.016849356614502535,0.003988095599032654,0.002704473662252908
0.002357880224039258,0.005067034774123928,0.0032146597452937294,0.017936478646058976,0.0004889288388578369,0.002298561943648858,-0.35924475688035906,2.1497000184723327,-0.0034248229391190543
-0.00884028359013492,-0.004179005880245845,1.2907273983726444,0.14093942806913923,0.0008732237969952747,0.8246576327520349,-0.0065314712227782165,0.0034250128725104253,0.021239842161712118
-0.0019678696219355214,0.002710005969122429,-0.0017552053296904478,1.2186799573502958,-0.0016949684801448595,1.3376645504676383,-0.00546805442619655,0.016623115182888688,0.000863886367876654
0.9492621120848208,0.004803486608023576,0.0007792820434064096,-0.009321785715521851,-0.004718917226074978,-0.05100886061323878,0.0032639419155208564,-0.02211588973285606,-0.004595827691312334
0.002488101804302348,0.0017822946912113523,-0.01032268373901414,-0.007384147776197555,-0.005090929740589036,-0.004522618721077221,0.6894444755342773,-0.002077641147031376,-0.00246079563617679
0.009154667498160064,0.010625834316381623,0.0034634804429682546,-0.0009001711450755232,-1.0991754846033812,-0.05708645715925659,0.005844334542262368,-0.00490016362377717,-0.0016006156791339625
-0.013974309162050363,-1.8287359272718227,-0.014385045543056411,0.010801910199244126,0.004488621549935276,0.008904493533645726,-0.01545157288197313,5.303466618609819,-0.0010520257028187596
0.0031146104403405603,0.07664056869725384,0.012471228951383943,0.0035701778960219345,-0.00665448080923123,-0.0017459488843390232,0.01162356688298777,0.00689892495298217,1.6855313855839706
0.002231292191743721,0.004721724000746418,-0.0005192533590830618,-0.009004864091754841,-0.01868647911600426,-0.0041683758100598215,0.00985182983038116,0.005761127141562156,8.105550550912831
0.00013267695875104554,-0.008956813614480696,0.003973216253456027,-0.005614895997204757,1.8110477201401858,0.0005264296036852009,-0.002111278699803807,-0.8650189258257608,-0.001681361670176091
0.13189123850561052,1.5553442408442826,0.0032314765206423457,0.0023749879530371035,0.000252986824444551,-1.5300490045845683,0.029076834226971826,-0.005020459058215093,-0.00025922966027467145
0.010943379356436918,0.006812798832030578,0.00243798969862898,-2.2456581543754965,-0.003556798107393436,-0.03257963556651655,2.8573605434206057,-0.5677168424457356,-0.007075397415143694
-0.00836635312961969,-0.5138427926379394,-6.028331117881994,-0.004196552311352764,-0.01299383075315641,-1.2841474604834242,1.0366222000577743,-3.407464729083948,0.008096635739898883
-0.0001777471174898575,0.0072563212713078005,0.0028165588203932918,-0.00012144891946849041,-0.012432895453300896,-2.093525673366801,0.002656542885949728,0.002662629485917265,0.0014796527129074168
0.013695124947141993,0.4201220607737905,0.17753482218232852,-0.006734508815731098,-0.005639649553005999,-2.4483221630193706,0.0038671426387708874,-6.580111242435527,-0.00010934458326336549
0.07777286858429266,6.065538867780477,0.003737889434926943,-0.0021830157311648057,-0.003571808997684795,-0.004532900076208327,-3.0021508483080925,-0.006347263324090899,-2.7666776893475595
-0.01593663627411904,-0.005195736984922259,-0.0008499415944323331,0.01563164630073524,-0.0022116660508885166,1.044635727283973,-0.0065809292829448335,0.558958076842823,0.0032203694763935677
-0.0018409957855142767,-0.03745741464086605,-0.26743444100205194,0.02246324245329867,6.702375038084803,1.584054804971771,-0.015326985859541647,0.005104846137838126,-0.004424772758084668
-0.007265911896337247,0.002147979771794607,-0.008748136253310668,-0.03325759571519285,0.015293374063285903,4.205129124075922,-0.004253248352189765,2.6235094836585473,-3.335672262701106
-0.00380472562698312,-0.008396264000637772,0.014272260043664583,0.007832138060720542,0.020454928801538555,0.42943041915441366,-0.5160983647442688,-0.001303547785504346,0.002934226488802094
-3.257623779336096,-0.014800856494633237,-0.4634708276718723,-0.005979087008380999,0.004721891353805921,0.0036538846927054057,-0.003023748948796069,2.415086584454348,-0.008972770598395019
-0.0013966513450680712,-0.00018737335408502704,0.00019012280852214548,-2.132592318215759,0.00036616386847191946,0.00011565649107259004,0.0001927792586002878,0.0009747434013529662,-2.5804125160965724e-05
-0.003396840908046754,-1.8212914856940516,-0.02131391221692583,0.001224278287928593,0.05283777530541996,0.004923420429336625,-0.008960983743079583,-0.003481251093964327,-3.764307622267348
5.027064488916783,-0.002630809302177725,1.8438001009947025,-2.48803470260292,0.0019982372999945153,-0.0007340396840507732,-0.011860987866170014,-0.1318535846084788,-0.027833260293811446
2.648498999512887,0.017944609648343296,-0.000922418804728431,0.006686344716558008,0.012619408988364,6.201073711582598,0.11961031253235221,-0.0006266298489942985,0.0032629804441767774
-0.014320007529071336,-1.094823282725151,0.0037013025182353887,-2.1267983467206806,0.018713017732917003,2.833750196771163,-0.007134919895380093,-0.0062406486850629835,-0.0005249031555840562
-0.020427299233944058,-0.00773206662849666,0.0011825738840087665,4.796956599465667,0.009360468650493153,0.09474434156148231,-0.005622565052089556,0.007905585403830838,0.006609734951592977
0.0031543432114210686,0.0011421816787832051,0.0014632811113999091,-0.004107851317780568,-0.00031120376963018957,-0.0005301278879770337,-0.002522674482089306,-0.006948381149065423,-1.5451844504109085
-0.698597518032168,-0.002500219636310308,0.009143227575474774,0.004436226472524176,0.0009912228023632036,0.0034020786775996676,-0.0028480743784320174,1.3087820050111842,1.1577973687145828
0.00695818789846173,0.01690000355830884,0.028403907508604134,-0.013540316280459937,-1.823595146064036,-0.03158884068001294,-0.000957370334703716,-0.005755277412424217,-0.00436344832915314
-0.0005339696963866068,-0.015349518495240216,-1.7662689740872357,-0.025850783096119295,-2.98437206185754,-0.003938588248503974,-0.0076403567269061855,-0.00016590254004068827,-0.008633587558652385
0.005713159706574024,0.007820362256364122,-0.003989569506779442,-0.006662649393339173,-0.003993530864303194,-0.005356599651523684,1.0267436865796549,-0.0034624633500107195,-0.004035819428173949
-0.0014654708026461578,-0.031630671905626566,-2.2391085710720224,0.004591579072744952,0.006734275253033853,0.0015615919393761925,-0.002702589002018213,-0.0024674226839209367,-0.00044412113213911173
-0.031055726070909045,-0.06529350870746274,-0.0011028129448677343,0.010113873639379269,0.005194473293538393,1.2177511240176053,-0.005237622793955815,5.588898937581302,0.00615919556258554
0.004036811839218113,0.006094611114258991,-6.825565432998248e-05,-0.0005101494112407616,2.758023339648997,0.007355723201607045,-1.5185551040354484,0.00059815968976272,-3.292058381105444
-1.860422189356792,-0.018147950731615462,-0.04066937343163582,0.005053139232771454,0.009327779620733216,0.13211648714215096,-0.004969944652926481,0.005695895986276073,-0.002311700088419053
-0.005000129939012348,-0.026436318553619276,-0.0004581154736940499,-0.0031587408780185343,0.003993340230053681,0.0018339869251292622,-0.021086422656913094,-0.0006660777216547591,-0.0013775368434125203
-2.532949583211109,0.017343958723020095,0.4141235710233727,-0.01196396786999516,0.003791403333255415,0.007844894732488058,-0.0017373033072314269,0.016284549914671247,0.0030208913394981357
0.009600217803963751,0.0011515115681466244,-0.00012149968948346745,-0.10968438399664127,0.003065848339581123,-1.9417615696022668,-0.0035896788366202026,-0.019000264884530688,-1.7993655295992403
-0.08813955832676157,-2.114029711864923,0.010751228180627681,-0.0015004987191056737,2.911177417303323,0.011690976866215286,-5.175389036575599,0.004109116124847977,0.008580428438281423
2.7620931640702837,0.002534167100417071,-0.012989888219504147,-2.8590900596830933,-0.0005751310964689227,-0.0204793331833909,0.011621854140137167,-4.31645543802006,-0.04922886038735674
0.015470312075884857,-0.00470175860610147,-0.017432541895503473,-0.010803535335844248,0.008056110882919132,-2.3570875057699787,-0.0040425696277339995,-0.01945056455322039,-0.7496201649504004
-0.0025955178488741093,-2.921426317518612,0.000412623323896643,0.14967469197610672,-0.003442573931709339,0.00019130926721091374,0.0004558606824650452,0.0008559686675616349,0.005859864570039735
-0.024158032640624508,-0.14741973939844813,-0.0010554165817284436,0.11622300847989062,0.004621124821198424,0.004447953928015495,-0.007547782723930465,0.0022563990499190577,1.9085680600262713
0.010441089512677387,0.006176676802614555,0.009825654716535778,-0.014191047477217519,-0.023272463877784706,-0.19415047831090876,0.0008464377339397911,-1.9530198519482678,-0.00359910208332246
0.0072423186394520445,0.005410725129037015,-0.006249885088270013,-0.0011072704909245307,-0.008902342021221976,-5.981586727723359,-0.014203402954656497,0.0034709477926956195,-2.7553337642878972
0.7769101331180732,0.013023706388698167,0.012031298682847774,0.0004153903269338982,0.010386144563735766,4.171800779304604,-0.018217474352383634,-0.005285377662380589,-0.00534170240115249
-0.007493829003282788,0.001142122787655358,-0.0013081869000278253,-0.0070430136645348515,0.0020639773644888382,0.0008773931368256094,0.005503373564057962,2.4726836902505602,0.007614734700425632
0.014376915024928032,0.007657147258273482,1.979190313614681,-2.3468025905503884e-05,-0.04887768310792806,-1.4934713255154528,-0.03813832667877398,-3.267687440644252,-0.00985693951607336
0.01440158847334723,-0.005117368388423277,-0.02820902542944404,0.06852242937512994,0.003581452782675597,-1.3637217813215752e-05,-2.936385059291629,-0.006206769632267755,-0.008052703861562302
0.16505062008433635,0.007909118859393027,-0.007287382980114193,-0.016350071930818395,-7.907472655818704e-05,-1.0520287113454239,0.003271698268342435,-0.007865709158946823,-1.196537629281349
-2.582242694974402,0.005991488118483664,0.03739289431644652,0.00976793472238538,0.0002842253932906075,0.012101412172280432,-0.005222849111369769,1.1049478588881874,0.017413180846797466
-0.023787473407517787,-0.081569394486286,-0.006299348850983197,0.009059727826656054,0.0038889454928770564,0.8294835199037731,-0.00319041729798758,0.002435346734487113,0.0023141385873486787
-0.01791744529018169,-0.0013491205208577273,0.0002641997314457023,-0.02800186939722693,4.301567179972444,3.0014581089003336,0.001851754594504415,0.006732747002523576,0.0016068378859745436
-0.0019478334150718033,-0.003916600932641211,0.013360874075728934,-0.005122935965427561,-0.002023776565895409,-0.000803491237166794,9.479281490363136e-05,-0.0033027054377889986,0.0036262292337160633
0.004104352002803443,0.0069886146489018825,-0.0029897623849471366,-0.07621434842285492,0.020339235751884954,1.995491127973966,-0.030811022591884285,8.693629308917112e-05,-0.026250661723343387
-0.003977750039111494,0.013844195478825094,0.004738869513126423,-0.48307229037173016,-0.8558089761754673,-5.181796684325366,-1.2725886904516237,0.02724783124667951,-0.005787576668063343
0.005275907493120818,0.004384907846998125,-5.592578792957035e-05,-0.020747477554818067,0.002927849918547243,-0.002549881315339987,0.9476525658297846,-0.3227361224681602,-0.004011358646669207
-8.831715506866557e-05,-0.001467619629330577,-1.1507447828544735,0.0002688307062866765,0.00697254249944243,0.0010820333486646634,0.0004592801954628866,-3.0457681684320635e-05,-0.0019354909825622301
-1.5189317192208869,0.002801512810890522,0.013976821256522796,0.0034842296997118806,-0.0014105135452986799,0.0017206265605534457,0.0006140789149782361,0.03622904419326633,0.5787387582418212
-0.0019925946110373478,0.15590714285399043,0.002454735333072523,0.0007397478476441361,-1.3046835161281705,-0.0006292189350418607,0.0674967341792727,0.023765019383391116,0.005949883059762278
-0.9379988381653092,-0.017117303986244527,-0.005649554944288803,0.03769861693023433,0.007128162723696013,0.048325618103232146,-0.0019414732002269747,0.005253801329009912,0.004888009291306705
0.000658112292034857,0.008700317239253519,0.006152631926306967,-0.008899802768280007,-4.092064806018801,-1.4276911616205226,1.281338047602842,-0.0034623636727185714,0.003845160425043231
-0.000843258760239181,0.0005893122167930157,-0.0020224241748356465,0.004775738560167797,-0.011351832587816673,-0.0019607094329724536,0.2770805023236928,0.005409313077326134,1.1501973870982543
-0.04921328898248195,-0.01632689695603251,0.0005487383356828843,-0.000752504736823336,8.284587108693016,0.20514892935336615,-0.019635142324724165,0.021876421637849364,0.004833478691812384
0.0056085450280619845,0.00268373154467265,0.010587559444880573,0.009916631743410164,-0.003300639291205054,-2.5285239475894765,0.016871643284970206,-1.771045844770304,0.008643808055685903
0.0071040165762550345,-0.0017563508808770487,-2.8441164338450458,-0.02767575532646667,0.006825104780274982,-2.61175889992164,-0.003346539179013286,-0.006544815099671251,-0.0411506770564071
-0.0005896902336593284,-1.4977249182497658,-0.011476891423856765,-0.4907977174211002,0.06617250004906908,0.00112386426507545,-3.305608834995839,-0.004911258122691772,-0.011922612810528914
-0.0004358222698583412,-0.005513199148933896,-7.954743417273798e-05,0.02044035259548465,-0.2527068549759284,-0.006725602709874559,1.3977375494989113,-0.0008652473938556109,1.8599462786833287
0.003504424410667838,-0.005060867492132479,-0.0018725618039336254,0.000136042812383395,0.004260540539801727,0.00017703249825140252,-0.43020144243877945,-0.03166921698581036,-0.015432485249176585
-0.002526761317619932,-0.01586219507004068,-0.001409140889777817,2.8515166639044005,-0.013181335851678966,-1.002826423269646,0.09200049052448739,-0.0033352672073493866,0.013306898210219492
-0.005983765953239447,-0.004862116833338457,-0.0008990117959059001,0.001155817967140175,0.040211729056152945,0.45350179998784373,-0.0021237457984723384,0.0014976325094433712,0.0011664140276228677
0.0129287683511866,0.06347428192156823,0.1569013046977755,-0.006761545484682802,-0.006095750914657246,-0.012413888043293936,2.327481576686262,-3.256137609123111,0.00034490497460915037
-0.0026562153881743425,0.0064920077553975285,0.08617071046560969,-0.0028958376067899716,0.01880659195394098,0.5745880700491274,-0.009557198411825917,0.0010413892265263057,0.0005329782724412119
-0.0038192982682363026,-0.03355711663815718,-0.002593727529271424,0.005750745866103039,0.23248204110582987,0.010002376466673077,-0.015400649056863433,-1.8844000428607959,-0.0035721200030801245
-2.1711837284458784,0.006341390806978493,0.08650553458111958,-0.11236403409601697,-0.004836759825952179,-0.004611551230405086,2.2835498542035224,-0.00083407527284385,0.013667709594398614
-0.001774799701595161,-0.0050650977895213625,-0.0004725659275605955,1.159229943185566,0.0008410831753218329,1.3261867473470499,-0.7650622763712462,0.003304671764476144,0.00041621205153472354
0.0021711153599416936,-0.0033284219013584616,-2.0787585532077006,0.0022644238272888644,0.00044430918470310735,-0.0003921465009357017,0.00028792308767622635,-3.22295700246369,-0.007197499871990365
-0.00482374112701902,0.009561735814167222,0.004319959883092773,0.0026557572082525913,-1.4558551663723336,0.0006629276728386951,0.007634415941007354,0.08173946040360883,0.010298465756901687
-1.4593921837970822,-0.012070981612517675,-0.010390723534610867,0.6776540539586828,-0.008253822045150863,-0.0006947405835112791,0.001091854351397855,0.9401645845406936,0.009329535950585652
2.3888992860655938,0.000602400532140706,-0.9664126594793272,0.0037362246839390805,-0.0005485688475820316,-2.70791608460205,0.0075363645702725135,-0.0011156213092791568,-0.002870370076085954
0.018454899471958768,0.06524134238653723,1.9927024064150123,0.004260659941365836,-0.03990163535745994,-0.8747818033396528,0.017940618454263813,-9.536276932934499,0.007054335761261854
-0.20257449065194372,-0.009401617891129725,-0.004926459115274138,-0.0016992970813453797,0.00467998331736609,0.004210647528958173,-0.0008090214486942927,2.836558712585509,0.0035842023641261753
0.3604394424147381,0.04399060446102866,0.003221091253330863,-1.9982811346916147,-0.0014050892517082454,-0.004099994685996694,0.009786838373572733,-0.008239629262403212,-0.003951219191841247
0.003938521210621862,-0.04635223774197618,-0.006266309975773876,0.001611749098389145,0.0551613206797521,3.3144246950539475,-0.0045022871366035555,-0.024927375060331165,-0.003695267742609233
1.4156637153723786,3.447848295187141,-0.01403800308384165,-0.008754355040797204,0.004097606981592228,-1.9097037616225192,0.027560242571853966,-0.0022838989804707423,-0.009100297409275121
-0.0303549871798005,-0.05180867442693815,6.21606764535454,4.070690315960907,0.0049115307795479235,0.011248508758634576,-0.19339986027722889,6.812280937812875,0.019778830551368975
-0.016692714664238092,0.0030380201906357613,2.414658147908594,8.039713559469808e-05,0.005947991575012253,0.6503813362592912,-0.0032616166636287892,1.0668335858700597,0.007616324001720451
0.004305078109981899,-0.0029600737924286094,-0.007587382218182212,-1.8676910553579842,1.5756280458118492,-0.001448877112803032,0.0013827859615951742,-0.4373254978925959,-0.013527383699296389
4.618352256723822,-0.006480271563913842,0.0033532399067792984,2.1853616233889213,-6.841676169399202,-0.0005251644839563419,-0.4525537210509488,-0.006557959835055971,-0.0031580676708314326
-1.1898588936449044,-0.029081698464993515,-0.0022820411535661818,-0.005683099609281948,0.012010051341019328,0.008356345632389689,-0.009297008160759216,-0.0011350237425866588,-0.0026194623503028643
-0.006464092666372531,0.014343293347671926,0.020789643117620927,-0.0007329898529373092,0.0004811623341005348,0.004824255301426085,-1.7498151364804866,0.137081492650519,0.004803378415286531
2.6179918353128633,0.01836681125329771,0.008722654397258653,-0.013234371321990318,-0.008621552187522447,-0.3688524039588073,0.006836912264875636,-1.4936785283279732,0.00017818302882251225
0.021525783526318717,0.009664573979010167,2.8197975601480163,-0.01658446611845924,-0.006148863048140954,-0.5571520524790149,0.0005859809586638599,-0.8988914562447785,-0.007366052143275514
-0.0018320131614797128,-0.011216326838201375,-1.710584377910285,-0.005164277470086863,0.014426046400730357,0.002535227973750432,-0.8353383170935025,0.0011312932606219505,-0.007448802675965838
-0.00027153037512586513,0.00352365105086098,0.00047174083610107364,2.432264048179683,-6.476807844373739e-05,0.00023150325478408446,0.005200748626208007,3.2175989960443085,0.012369250736224552
0.024600523825710312,-8.224521095219831,0.001872963527118493,-6.704513845328877,-0.025971554272657404,-0.019920113962543444,-0.03736746461115331,-2.8001991038028033,-0.025543943330140984
-0.00885949335410291,-3.19346141534458,0.002493669180236205,-2.234868787670121,-0.002580962600696783,-0.0016703837487013573,0.003145812639191583,-0.0021690735599623036,0.003708514208030961
-0.0008239451467312923,-0.05374724646639378,-0.001482456902546413,-0.043688867162013624,-0.000536229846187332,-0.001024264781320701,-0.003924376681655033,-0.018186092347518366,-0.0045089727651616085
-0.004726534074626736,-0.008878200809178102,-0.0026163310461354327,-6.656763754406747e-05,0.8231704105395811,0.019616089427548167,-0.04044195623772012,0.0028303702402953236,-0.0006850993828353847
-0.02774092096413118,-0.14100823572589305,-0.00037531364650564714,0.0013899299462485912,0.031827437736054995,0.27629613075891046,-0.011514828986287796,0.0008028559926571877,0.0012697797300297111
4.068230893505831e-05,0.005054046533261014,0.022158039848327638,-0.007155747931854098,-0.017849029250521727,-0.0022531799908837077,0.001694162880324553,0.008969330808208095,2.9861039722777316
-0.0016485830165442836,0.0004877031963938863,0.06051328017087063,0.001892979321077869,-0.007611295309410028,-0.001248515332680649,1.3004974807737382,-0.0002661677807045339,0.021555824919380153
-0.009979199501812933,-0.007558810421516452,0.007483282486817133,-0.0856350428499266,0.09792514651250606,1.1655019052774567,-0.007744057400422735,-0.0033726296154500974,-0.0013175129600207372
-0.00876909200255971,-0.00546798931458952,-0.6162537798063573,1.5669776625634724,0.001875344387743345,0.002860977328314542,0.000972330185993731,0.15607798469603232,0.009149368051801991
0.004606485099559857,0.0016966361532430897,-0.030304047678334667,3.595202938080395,-0.0005563692893971114,-7.701752276542597e-05,-0.0026683924635558798,3.9391394836899667,-1.315609378616804
2.218821894267321,-0.002677568072321449,0.001624906337504832,0.012240082374594332,-0.01655332109524557,-0.008035409595317799,-0.0008014439958230236,-2.7125019274034354,0.0003241140242560142
-0.0012477323797632663,-0.0005529071655172278,0.001296479134620911,0.013877017536255375,-0.0030646543778138674,0.000344214685562385,-0.004311294593251166,0.008405857619853897,0.0019197262737103455
-0.0039054645002438645,-0.9146246955681328,-0.0002841977607565306,-0.17297455894593827,0.0007654864217183643,-0.001637336384918267,-2.5752002070079634,-0.031432104170155406,-4.688135135691671
-0.003632613396055643,-0.013398724718068368,-0.4385397499123047,0.0010005942067584238,0.017108041637988514,1.796320143638803,-0.005230119843352782,4.2701277482082665,-0.006508501299980235
0.0022595943870029472,-0.2609328057834901,-0.010088191624825951,1.0834485064316168,0.02200916232867245,1.5956822388278002,-1.8876790350914057,-0.007024642037348192,-0.0033256533238426415
-2.322391419321555,-0.034664055992856435,-0.001547674724905461,0.0528753569554863,0.0027924575606592117,0.6547868527577392,-0.07350535644069017,0.0013851198739106636,0.0010089783856347956
-0.9586420801972335,-0.028266640469105236,0.002213998955108587,-0.010357653049573106,0.0030938652498485476,0.0004948820384717135,0.0032222415111392705,-0.012095784644030692,0.007661353709059101
0.006797523792916886,0.005671789730701906,0.002757085370898975,2.808652095086053,0.000608044580001358,-0.00036071153869157236,0.0018435510135556869,-0.005049055778886533,-0.0002539014846496823
-3.159806269314059,0.003932923949530804,0.002757587899572266,-0.7513289194953999,0.14288031948855529,0.04554826053740331,-0.0029757196983351414,0.001795055254009299,-0.0036954753038688296
0.0074579217428972,-1.4449090927896802,-2.022379897441687,-0.00446414305552655,0.0032604946326551254,-2.0760670807991914,-0.00760819083989632,-0.016310664669807056,-0.015797680809357527
-0.009089895612418825,-0.008691048321867637,-0.004605218581516107,0.01173776058728776,0.00740546705018548,0.4030606392927266,-0.0029975149996362468,0.005126920272915251,0.002364758654733773
-0.007015600205878228,-1.7813241965753406,-0.0011033518244825576,3.9824970886950524e-05,3.47929016239822,0.010397715877398572,-0.04980305704821167,0.002991222200930124,0.0004233588134766415
0.002044442818699199,0.05159530418951663,0.06475392390763454,-0.0019561012243686435,-3.242549152479196,-0.0022908875303589843,-2.1426733540065232e-05,-0.0003915456315312059,5.3826650678053846e-05
-0.022493485102253907,-0.0056836748044783,2.675900235227463,0.007504264432498506,0.0037354872365295,0.8796523790156141,-0.04067580972353563,1.8691009277956745,3.759254012055969
-2.107489639887412,-0.011046953361118038,-0.043348242906629864,-0.004400017973136853,0.015169664724181964,1.8328353771681645,0.0052530827152357795,0.0022615457605728185,-0.0010120641324882287
0.00280709754497622,0.009086749273533049,0.0009425544100063214,0.07694718714182118,-0.2313450349081132,-0.0038141884282499403,0.6287899758793898,0.004782413886125391,1.8600921821378347
3.2670549438214946,0.003584610491282607,-5.495278268080941,-0.0011637402326731185,-0.007373518495421699,-1.0544994951206847,0.004134661845855078,-0.002466311537865133,-0.0032881387597149814
0.0017459686723707221,-0.004517684656383636,-0.005748903672443644,-0.001480078679101278,-4.921447851973487,-0.0015067117775298122,-0.08030897137575682,-0.00057213352574342,-0.008067324883419038
-0.011331605184800975,0.008241285522256017,-0.0008397521396579302,-0.010694619693423432,-0.032289947393662866,-2.539344310408893,1.2349333271523655,0.044174425978539544,0.0038893945360090575
-0.006320018186960762,-0.0053608253365840935,-0.05317274805836157,-4.010193105281739,1.5547223047644647,0.007111973687884769,1.8666312751067586,0.005966885751948612,0.0019291541739056856
0.0022654158284048705,-2.317229075867167,0.7615073953799651,1.6445708174387843,0.004589890289188332,0.0004968019675788311,-1.550858205364662,-0.01753166793264358,0.0016209964603700671
1.317906052449331,0.023862697321389903,0.015215709991162452,0.2847934919055186,-0.01787339226767276,-1.3232165201996349,3.4308301194939457,-0.003190481928903366,0.0077933250466728395
-3.649360726115867,-0.00933022046604328,-0.022219483177953997,0.23752519226310792,0.006628620315218173,0.022768383880540692,-0.0008937373739420704,0.008071104433288472,0.0006208815237949208
1.089578627753785,0.035342912636039475,0.009569428139853668,-0.007913145538961983,3.0644967787629165,-0.004018332650896059,0.0020462327731543533,-0.018740402649095593,-0.006681091767277131
0.03060352742008795,0.014188722165868915,-0.002665825056998089,-1.6474503279264616,-0.004372021481364617,-0.006204254774639056,0.0022420830629502797,-0.003585001054043891,-0.056788566587294025
0.011088343778199825,0.0073966767830151384,0.001226450641335986,-0.04059126973882863,-0.0013648840712462223,-0.001956533834952152,0.0010243669951117405,-0.009128995220290351,-0.9236024154418061
6.428922304266461e-06,-0.009699696782183314,-0.03777204566470197,0.0033225573661593635,0.015716828513916748,0.0020801423578299875,-0.005404267006543185,-0.002684234547100229,-0.00718645977451436
0.0025417131291360384,0.0020351736380434782,0.005590507177006449,-0.08392979267745326,9.665094287759912e-05,-1.1586312980594466,0.0030299601084168015,-0.007758136668907062,-0.0012909309044230616
-0.005635215226825772,0.0001924185695126035,0.004443887502520069,3.7278342352114993,-0.01196124783068003,0.0015587719110144171,-3.130581682955073,0.535017087429877,0.014054261331894843
-8.258688819085674e-05,-3.4360500371749367,-0.004763113049762652,-0.002236461930161848,2.2774591739862924,0.002356247560728969,-0.043139376593329115,-0.0011024494841504803,-0.003823182688886151
-0.00974878013903488,-0.01020476741425673,-0.04420612626923619,-4.55914948873995e-05,1.7156201968677882,0.6890913455113283,0.00120119017121555,0.006280136670684049,0.0014691046204188024
1.0355406239175562,0.030006070599342648,0.007935388103994814,-0.12496693546437651,-0.004452966678466459,-0.46487921533281584,0.0027264115820675623,-0.004760199381489673,-0.0038644201771225253
0.001839356345718028,1.925794502328892,0.005291364331916612,-0.04797936559937492,-0.006452067990334195,-0.7573217756767026,0.020571709684274908,-0.0009861016464202555,0.00016420123107579836
-0.08367332143260697,0.0008622037481060794,0.006394090207537256,-0.002875741283892265,0.0014667677613836028,1.6800184073593465,0.0011391109427424662,0.028279791794161124,2.4176342168354092
-0.03670657174550295,-0.3935659098564305,-0.00550380594196892,2.809188324900516,0.030690245585404778,0.04193620611832502,-0.0013507430247653406,0.003029391502306896,0.007433929946568121
0.00032578193123678715,-0.005371164257362364,-0.007556332334188587,0.003844431013842164,0.003952869711583438,0.0011693241674912808,-0.006886278605443417,-0.0037689568380683443,-1.433148991841321
-0.006000366162964255,-0.0028949377330752257,0.00301900988167171,0.007871624879471817,0.00022533040733979594,0.001321563724137366,-0.0007338392432154391,0.006375542732501685,0.011946411741401068
0.00036503988797981484,0.002397043991806111,0.0016941822085801857,0.0036826935231259092,-0.0643109284777334,-0.0030780017124562836,0.7026754576812132,0.0008657597122271227,0.0054742056688758586
0.009235995471587741,-1.6249348311075407,-0.022307638348620564,4.142110509683498,1.1562085822666779,0.0016539612976227344,-0.07464219019997492,-0.5760296922414604,-0.04544182854750245
-3.9699257344030654,-0.0008323768241034258,-0.0027335321467231166,1.3589251805038118,-0.008857551015150053,-0.004194040158818309,0.03228400135366849,0.010532895365179817,0.12075373918394161
0.0004093679158002489,4.550208838153221,0.012583909835474374,0.005523223446833231,-0.0045040287617715835,-0.0005903113936130723,0.003252646752805899,0.008335781570553216,4.045131390847614
0.012620032576748479,0.005904715380527052,-1.2884256866818717,0.01853652053501663,-0.006294644936661448,-0.002092425898535761,0.0016084820401580987,0.002633962445984149,-2.427419040256906
0.005673068862736077,0.004203954400338494,4.178305484065047,0.00020422618877588886,-0.010496983353561345,-0.006809681906402845,0.0033850323581429316,-1.9806484538769158,0.0009243010739985666
-0.7588528017366954,-3.572456642689893,-0.04173277268964837,-3.1664828171556154,0.03397491992198015,0.06017734707907296,-6.150679402804588,0.014375715932459052,-0.0015848344475504345
-3.7259629519586115,-0.008817144268706611,-0.030140159354645035,2.0278175082778,-0.008573264102555406,-0.0019409748647777475,0.014249474769523318,0.05304537637285278,2.554834375988465
0.0008482981481299223,-1.7125512938562153,-0.0025257168504761868,0.0010784442380352185,5.048992805824991,0.0003966432627448002,-0.7675395642060034,-0.0033385096581795715,-0.002638142388060368
-0.0001658167859860376,0.014597473661831409,0.003204044567381949,0.004051484830007439,-1.381701500518604,-0.0014365718183165926,0.014336110781359697,0.00359479677292827,0.004531519463430051
-1.621225342780595,-0.9878943199355155,-0.045696541573195526,0.7645549735360058,0.0009059637743381137,0.0022487955868838584,0.002908936426518953,0.0030958461814060106,0.008389224503014991
-0.003563909414310609,-0.014124213941676053,1.3858225487917923,0.00021622848930609798,-0.011881449291756037,-0.0006786302356146488,-1.2111591340073076,-6.928442802757884e-05,0.00276036170765123
-0.16000705673405996,-0.002502098395550467,0.08783020218914955,0.0037543678437553865,0.0005832693501534314,1.1113197947692361,-0.006114486040710243,0.007475908871723162,1.4470884199560148
0.003153457066379129,-0.003153959108981308,-0.005567094316784048,-0.0029850782020301144,0.8016468498987491,0.0008954673170719005,-0.009351728944798481,-0.008731281447735939,-0.015482744973463903
0.00662246637532142,-0.00011538599933458293,-1.2951683284926332,0.015523327383004423,2.732364375682976,0.002216625032119085,-0.6426462906618421,-0.0008716728403663134,-0.010317937185265073
0.0411743964047664,0.020929839151640553,0.0009818952335441207,0.0015547227343441585,-0.9170083926532088,-0.11733182664454422,0.0038450604532701133,-0.004104722280441834,-0.0027691528238048793
-0.0009631986780642525,-0.41496620031665954,-0.0196059333906215,0.0024951763116920506,0.36973216318191815,1.0182859205090213,-0.00689811704163365,-0.0030222657534100736,-0.0029372226048805534
0.000501430278775826,-0.0072096363896677895,4.234938455780629e-05,-0.2660532940302993,-2.9226759409113665,-0.7876911977187246,-0.004582501488276245,-0.005764263007322079,-0.005996960420240821
-0.004792196851234771,2.851472415050102,0.07125820685117154,0.0025646962810043413,-0.04917437026671548,-0.0013174207515124527,0.021975176529136747,0.007986765666893991,0.02823343838004129
0.004617467968370346,0.08722050678623439,0.030759726045370216,-0.00571329066878366,-0.4257454019318646,-0.015631527266742246,2.3216430061883306,-0.0030353596723743026,-0.0012405558659189016
-0.006556544359272574,0.017300935665940657,0.0034134545159482943,0.004800008125161326,-0.0035041032561535235,2.318786474628183,0.00760826790999497,0.806289823739783,0.008041867367642244
-2.1648469562257584,-0.019649130762188667,-0.0054852017275928006,0.06684467175999273,0.007165832450543835,0.4892657126618507,-0.0020677340982626635,0.0013905900103671734,0.004420066558834229
-0.030059378583810425,-0.009790529997287016,-0.0024945370403853277,0.00492158492083857,0.007362875570050746,0.014777987110062415,-0.005983815529128639,0.012636126059670965,0.0034493444013066078
-0.0009900466772290277,-0.0014013703973724603,0.008904894052197517,0.00546973528868025,-0.9110145725541816,-1.0396983479501252,0.020367471144915036,-0.0018978279039071622,0.021327640967315376
-0.017042273922594626,-4.520925623478936,-0.016125152636955853,1.9874939293008809,0.018295879620877087,0.05544134315777903,-0.001969725016194135,6.773629737379461,0.0027227610071576536
-0.0038317270201220967,0.035379959211024846,0.011846412485949698,-0.6721218742035446,-0.015190035480186381,-5.710226815396766,0.004308035517505693,5.983842934844428,0.0031093231253501554
0.007549432683295862,0.0017450714661286543,0.001731243775872736,-0.000666625703127289,-0.003534480394379863,-0.004157315040820101,0.0034389400586821244,-0.04680532532713305,-0.0017280652552628996
5.292501116081889,-0.005864209824495575,0.00518958169070877,-5.5816155813265365,0.003930268816652205,0.002271066207651166,-0.06881930678662157,-0.8592915145601014,-0.022947089406700094
-0.0021202356377993115,-0.052439400146082615,-0.015034597552331993,0.0824313932208548,3.526204818788212,0.005459589359060685,-0.0003643679911966523,0.0010083766132277325,0.0024813410798291934
0.006017664913342796,0.0077604991547070915,0.029997042230796054,0.01642087755350434,-0.7699037161203659,-1.9234210860330334,-0.001263103628342921,-0.0008221480522680596,0.0029592030856699578
-0.0055004574087545825,-0.04286431582705474,-1.1642660791573585,0.01222145342909307,0.0025806702199371867,1.8022751195627122,-0.0008909958400194207,0.0017788445067915774,0.0009343670291452211
1.361362111202102,0.0016379623453200254,0.0023749155599137386,-0.0020895290485361665,0.006977687353176491,0.0018451989826038543,-0.024393606493371675,-0.608362299472937,-0.07231137194589338
0.010395600214063997,0.01682180001860234,0.004103768319992197,-0.004937931659504173,-2.161069849134914,-0.36066887273733306,0.001428739593567532,-0.00550337716114541,-0.003969837724372412
-0.015171594835003507,-0.058840566162594365,-0.0023635265865042943,-0.0022740262033787983,2.9363249248969314,0.8248989537681783,-0.01949262041286491,0.0034232736860817514,0.00027122751835233065
0.003711304454313679,0.002985223896771238,-0.007071129200906617,-0.0034731740992066246,0.00012992100081205032,-0.0005253400984322064,0.0019711803569289013,-0.0008724411475567427,-2.21344266896207
-4.264661318183288,-0.0005993829635987473,-0.002917314647276195,0.0012679810038877513,0.007572002221905683,0.02436851822334456,-0.0028341382110477972,0.012283693820807493,-0.0017935139277968151
0.008821512009757507,0.03228772415711897,0.003997985517130952,-0.0035809572873290165,-0.011596559518596526,-0.005280674454320985,0.004403903066744999,-0.001554423475670051,-0.0016740856099514536
-0.002834299567148882,-0.002136762136235551,-0.005582543542866372,0.015459273186430502,-0.001672866753341079,2.650495163952795,0.001119844256688124,0.005017537907553094,0.0018402913003468004
-0.013283207458843607,-0.012098358391202895,0.010344467539476473,3.1276962716582926,0.0020153154999630885,1.3525010510807205,-0.0018763098870808875,0.0003116485696048781,0.012724712466855019
0.0029249825663695463,0.0012450440859141745,-0.0002710450737845679,-0.0011032861397493113,0.0034985529511262293,0.0006092523457303892,-0.003137015743283633,-0.0058672331237531825,-1.2435290221547517
-4.278984460228357,-0.015585056875563805,2.9115695881887316,0.010478418158326305,0.011105758741701305,0.28663281477570635,-0.012144389483730825,-0.004056344864856537,0.00403496712031029
-0.0009613289004024634,-0.006338537529809862,-0.027932425317494056,-0.01875348210706935,0.06949209072228782,0.0016435463028431482,-0.0016068211723159226,-0.0028863950972055656,-0.007744168211078602
0.023890993515974367,2.473127154921751,-0.005322503944121095,5.078531209331626,-0.05710002448359941,-0.004704099743846179,-1.2667611038064275,0.002544247139586147,-0.0165603327543329
-4.264848561255087,0.004021758858972875,0.9095331969702185,0.002450442829544179,0.002505095913823585,0.004398085486653031,0.0005509488502765739,-1.2948355451859826e-05,0.025522944915288948
0.003657208608879751,0.028225354681666644,0.0026351690158198226,1.5750360162008155,-0.34457735770867026,-0.002794893936103802,0.0038461216944274414,0.0052468699659605975,0.003004719984259368
-0.000281654085212156,-0.002267532576200347,-0.007523582768648097,-0.007850547312862196,0.04069881071056614,0.0027097015419706473,-0.8397458652957996,-9.4441416251445e-06,-0.011446865979144481
0.011099179455042189,0.0061312407296766165,0.00283953411778182,-0.028884541154398324,-0.004578674428208699,-0.46533821680654924,0.0010620619650570894,-0.007929095218884052,-0.004627104451690175
0.013367599333914211,0.0001284766719233011,-0.0036118821801636703,0.006681501467858022,0.0021288802420288953,0.0002606833890095107,-0.03126552343229173,-0.0064231877715554,-0.1512956051358722
-0.0010517840280568403,-3.116187475909389e-05,0.0007178853442656725,-0.00730690331444751,-0.0020956441786901285,-0.0011328082013107523,0.010251874799001196,-0.00045943243551360686,0.0034193006603538945
0.000908184835995831,-0.0011261762084851246,-0.007713306424439229,0.016381954731975602,0.9323670128571526,0.005598988435541796,-2.3377693045486088,0.0010452392372260286,-0.0009150175578230713
0.01172645446199325,0.021751114938668943,-2.7076675939433024,-0.00028760456409967323,-0.0034559694658905077,-0.0019420794076107323,0.0030534981418933213,0.00078876779241963,-0.007404901142097003
0.008514443338029028,0.0009531510546887656,-0.02277045264318577,0.002364720846071453,-0.002145147044091899,-0.0018647884827237638,0.0030071941400583967,-0.005496178272519789,-2.2199449942587517
0.21985365594382678,0.01011373338348822,-0.0010832855961572046,0.017284184028276348,0.004718731937447089,0.0015899215655210855,-0.0005647457534127005,-4.689805475781679,-0.005420948288082136
0.0015155841005663057,-0.013480328380814227,-0.0016503165390411027,0.3721337504390243,1.5785033652127296,0.004663128352557021,-0.11444143065792683,-0.003078247123612194,-0.0013405431682972408
0.4966031633618666,0.003273415674039562,-0.0015881389825234907,0.023138016649936116,-2.6691343420485967,-0.003723833483283562,-0.021715605172333827,-0.0014690992336620426,-2.663769825476758
-0.012653824637710372,-0.0391304183134271,-0.0073366453087095745,0.004824337596131371,0.0014021226057876895,1.4328195839816324,-0.0049816464233742586,0.0027257750745759107,0.0007187871702020888
0.0013412854563503143,0.006718366352551033,0.9625117206478211,0.005181357291615328,-0.016519585776691437,-0.002692376703078767,0.009862560624388665,-3.444829059122065e-05,0.7940818269381746
1.9120486886983263,0.007432439475734735,-0.000328667362386776,-0.004006548801133957,-0.0031185699241550006,-0.023437014986736365,0.6775252090918134,-0.006233510522154921,-0.0006532945769085578
0.005035352285805032,-0.003748459386180234,-0.001524720615278185,0.013140186351465619,0.002153216546535482,0.0007818830403716909,-0.021880021867982845,-1.1807658971250805,-0.013375906978606751
-1.1844498408482331,-0.003474311976833148,1.9674770961465127,-0.8800697040228367,0.0009273322688402724,0.002777214383138063,-0.019601544930964183,0.007557425794337903,-0.0018342899098996238
0.000817691058564402,0.00443310504551137,-0.00048469536927340574,0.0038131726289715125,-0.017527348764716733,-0.0040855482772097955,0.0541390955666147,1.8854066302392898,0.021810213446882804
0.008901532348563274,0.00030172850433456133,-4.612055167114169,-0.0057953440433905715,-0.03170377423869512,-0.15376133285658608,0.0005857406384205832,-0.008257861139990011,-0.012335600251416952
-0.0027020168297163163,0.0007266570040242067,-1.2308442844584513,0.007440493152984501,-0.0030569745029838933,0.0003900724274038959,0.0067500013203168445,0.07398662034915968,0.005808385193078596
-0.007200183396037868,-0.00541547071856982,0.006536940938011118,-0.02764937724912858,2.580160618207856,1.7074120470237482,-0.026314480079684024,-0.001152137674488296,-0.0024704703520611517
1.8611887510601464,0.008331376695152937,-0.0015498053929625692,0.0017968023147920391,-0.002406929826915892,-0.0029159681897557377,0.00430752543048846,0.0005827375884734001,-8.50437026122565e-05
-0.013465702774070117,-0.1664819768369432,-0.006393224494852931,-0.0008504843937105011,1.9320935394761376,0.03240406530007317,-0.05303576536374055,0.004951722045407453,0.0008357867606470647
-0.007720912460240606,0.0041727688754767045,1.517334575536905e-06,0.0065076893494998315,-0.002199695515459371,1.5269499084256526,0.003004980507159402,0.02484720256226044,0.00464594438399981
0.0010836654611068102,-0.019623128942982054,-0.3287666942883924,0.0006510367688742687,0.0240013315137753,0.0021948883097087962,-0.009143762425246912,-0.8310697607490356,-0.165483994075874
-0.002286706928670974,-0.015209097613416168,-0.005443499929114382,-0.02348503781604134,0.006519823255164748,0.0012813804222178776,-0.006361916390923318,-0.010639419084386627,-1.5536337904011004
-0.039542522770024374,-0.05440928264636981,-0.024612429501405325,-0.006946172073870839,0.006767055244775541,0.8221154173819812,-0.3919447178462776,0.004653075372573928,-0.0028893848887055636
6.119524813669394e-05,-0.0043253018874689205,-0.004023309852224186,-1.9245537458987745,0.004546023147735897,0.00016693362602830216,0.002801062955773336,-0.2956260800590892,-0.0023618570609995285
-0.0005218501522486606,0.006568659396818909,0.0010949314648706556,0.010605536708168639,-1.0776400760381688,-0.00044534918596477596,0.0019806039853571917,0.007868144383624565,0.0035667383526267133
0.001368857823118427,-0.01182251224627719,-0.14145258239087985,-0.012417205805549399,0.6861732071094271,0.0005620260251960824,-0.003170922889727315,-0.008390227222582173,-0.022599499228359812
0.0005358267946184419,-0.010346074690245068,-0.005898427503937664,0.0023369632899716154,0.0055496914466718885,0.001043201182850523,-0.0093002109774942,-0.07311954155770234,-1.9087966744036526
0.00010595475819244471,-2.2577132877534716,-0.041975207643619145,-1.5568187485179978,4.32150751262003,-0.0022327408713106456,-0.0012526931501437855,-0.005961890502348283,-2.05081727868259
-0.27886218698788795,-3.5879189848102104,0.002034992884523426,0.0019978786620521685,0.003098662007157832,0.5898162064251511,-0.010118006126061285,0.007882590595438244,0.003334032678364785
0.0013959131353988574,0.02943520935372862,2.3645074983357794,-1.9999303880628003,-3.0401488899091205,-0.003114715109072033,-0.002839005240193727,0.0009982613752183775,-0.0029780969123191017
-0.0011906019616345978,-0.0052298020070398465,-6.540838726079469,-0.010851793349164498,0.9999088694759761,0.0038259777458808306,-0.006695043193705348,-5.139421803435416,-0.02861643303979905
-0.0009915632899870903,0.020630854668122697,0.0022708238132498203,0.018602557609905174,-0.0057624900345658574,-0.000227007814130866,0.514187304842462,0.48023354187310385,0.028174874118610325
-1.6144928016117135,-0.012846053377567277,-0.004513577554060106,-0.007933923331828838,0.0011012181723993267,0.0001287811575830385,0.0011060721595713956,-0.0012461530318708977,0.0004980571559051617
-0.060872391447015534,-0.004763328615329111,-2.7871870863220897e-05,-0.12218840855931093,0.00012199894067448439,0.0028998438807217065,-1.4398260803898821,0.020290342573628366,0.0011986882610176127
-3.082719632405671,-0.006282865611410822,-0.0029624772166795717,0.022044572577516894,0.00810346046235555,0.5146566628310999,-0.000383276805880399,0.0042595176441457844,0.00838636935428659
-3.481556308314948,-0.00046517632324022395,0.0020530184338256492,-0.004206675200018328,0.011686862885652793,1.300882718645994,-2.032269356923095,4.2382576074221205,-0.000819748074252391
-1.483190580042998,-0.020966043846659208,-0.0023566930416814005,0.01848626418800265,-0.0003982215614572737,0.00044528930592656465,0.00585635870651028,0.0002440542923413812,0.12279195430308001
0.8141827797181282,0.012814480784742174,-3.7968945278344624,-0.0006540428438563998,-0.004053776778744855,-1.833663922164134,0.000571056271043896,0.00015030625905137086,-0.012200847842188084
-0.006144359621541033,-0.002859511575787756,0.006209339558647304,-0.015849619308017985,0.00492335377390654,0.001695047898248447,0.0018952641798319295,-3.5190021429458485,0.011261683485863122
0.8010917419991896,0.004111113825282935,-0.008772690424896059,-6.57631280989021,0.0018351656007609372,-0.0007527700554571461,-0.0004508444152642628,-0.005350780310114747,-0.11764266542436386
0.008323992341025476,0.7826458447681094,0.011852120880811712,-0.02400415670961431,-0.002228062754320432,-0.00238281481333271,0.0004988260385014927,-0.0026875137903504087,-0.004316745579612646
0.021338888309386957,0.02086615948143425,-0.002744765147289177,-0.0027266880356092175,-0.0009309314647349132,-1.4606138315763892,0.007904852980531604,-0.0010035191935387042,-0.002421453138808448
0.0006220746442607873,-0.004820957862899191,0.004334704867987573,-0.10834439049034744,-0.009110881092749643,-0.015233775104193527,0.0029529610675446604,-0.3625673299060074,0.0004921562052248346
-0.001138228184935,1.3345804020196816,0.0022607015592730033,-0.0013485965224897514,-0.015690539716442416,-0.0010057018767549654,0.003340423588009152,0.02611784164503834,0.002617363312781811
-0.10251299600358832,-0.05162807361523716,0.013576224865034014,-0.0012808559834256647,0.02710260939591913,1.996897375348207,-0.0022047289480849053,-0.011535766676513806,2.5412355421315986
-0.003881195382926514,0.005964052144120602,0.008211308216567181,-0.0027763498328067654,2.8821014850643447,0.8138734223812651,-0.012025877746151659,0.005418426916974556,0.0003837239998319272
0.014751675445703112,0.00527124844648065,0.0008484224851854509,-0.009233744743087979,2.005219080566439,-0.0023051541510421755,-0.014954421495384564,-0.0442624747627788,-0.038289822370049256
2.8102767247232805,-0.012547884067847334,-0.0045509023867179865,2.0462426896787185,0.0037868712299514717,0.00277961434947772,-0.24398697151149573,-4.842990813960783,-0.012405083998130145
0.0015408100588914717,-0.001348949052132311,-0.024180306354578344,2.533357020432983,0.09980750478249079,0.15681798047273218,-0.007934299083665865,3.7354198932911853,-0.01860915847629263
0.8378736254872975,0.003919355190108505,0.3470454291343793,0.009255543887601716,-0.009486488679105029,-0.006923516476669047,0.00025156957515119847,-0.04570231846868749,0.0010661412831627264
-0.0034315236226272316,-0.021383521350041804,0.0006797288245462066,0.00029239950511058405,0.04995610122914523,0.7999690233353633,-0.8096862846998936,-0.0023799592762082968,-0.0009620095648976345
0.00819528713744809,0.007062119120545572,-0.005738389550251952,-0.01012048455681519,-0.681339332359751,-0.04096530751251409,0.005851337034590907,0.00031680282217746297,-3.68615651395109
0.005361854168602961,0.008252490393580128,-0.014495161046902391,0.009464439060185757,-0.01675334276254392,-3.06819529749969,0.0009931627983107705,0.006782722150678477,-0.001052563104779601
1.3638755386496446,0.20302303189850923,0.02703728275317683,-0.08446783191962358,-0.00951303531900849,-0.20751129282441713,0.0044476728885514336,-2.0093432069785098,-0.001980867772863354
-0.02726184209774417,-0.9404075909871505,-0.00629043457109861,2.005644257856551,-0.005767893799846365,-0.0007677367695626642,0.004172246809654181,0.005584628073860038,0.02689377970150557
-1.6771382056676858,-0.0026452279963826543,-0.0029489722261093095,-0.001163869218531272,-0.0005335481539162339,0.0005176628560913368,0.0025128653943344587,0.00798504710411152,0.004291565904437151
-1.750923002816087,-0.0006810881167363703,0.053512100485049736,0.00040442162659847745,0.0028701162525671085,0.007036350458369897,-0.005197056345244349,0.0014668065417255266,0.004486903941191358
-0.015568354403895646,-0.014617050639580347,-0.0043351255960530945,-0.000674753319021253,0.0014662913302129904,1.2936586275719308,-0.013430350881444938,0.004166050998883182,-0.000522534124087471
0.005882876564135359,-0.0029489932262831975,4.804353658679085,0.01990863874151294,0.16687865667368612,0.01953345903096683,-0.6473561747061756,-1.4868036139617384,-7.482687128156531
-0.002064126564248951,-0.013573577885247087,-0.0037084820662347385,-0.0005803593970768487,1.3965742326683164,0.00474046822301475,-0.01324576837456942,0.0003107169996129028,-0.0014462212387818078
-0.0037662787267620837,-0.016956159293012772,-0.008110905789061505,-0.00022239784338968797,0.008887780340027875,0.0025824305364885235,-0.00388364403297164,0.00018212608153998067,-0.0010527491344834454
-2.1910994579767378,-0.0055102385512525755,0.000802162183437042,0.003844886420277167,0.005737582928882233,0.02258814151763338,-0.006383987039966323,0.002384126431690172,0.00024305524584670307
4.326730266256802,0.0016740411187137968,0.0059111912689250624,0.008135490744329092,-0.006948267663435537,-0.004695464637748385,0.00030227208875140826,-0.0025595906193305374,0.0034591970363568522
0.020363243040989822,4.045576750051584,0.005094336394873375,0.20724385593970396,-0.015624963805932784,-0.005242469367487929,4.068345185557561,-0.004219426647774076,0.0003933906833031471
0.00672485486178845,0.00423119814418341,-0.005848035963410937,-0.00023645769966427316,-0.01104813757806878,-0.4922995272251449,0.18551091351347082,-0.0016601867513949277,-0.0004171745384164158
-0.7985393539370093,-0.0033108575040870945,-0.007181352589109409,-0.0022092724607784492,0.00452712545396948,0.9337780846155915,0.0003190089983102287,0.02245581375445602,0.001187378016580573
-3.429432483369274e-05,-0.0015119632426856694,-0.0030146038239118956,0.001650708032723016,0.0005827499083442731,-9.385634129180988e-05,0.003243028428759981,-0.0013386285797940768,0.0013965251235693243
-0.0005636486602447772,0.008015904411101124,-0.021230024085228782,0.004073052023923338,-0.02850044248479211,-3.158448707562375,0.005700217560244664,0.02048761819057041,0.000890573557214152
-0.0009947159101165045,-0.010378880324485144,-2.2923422977279504,-0.00010426199122641884,0.009851798051704653,0.0017871460130037924,-0.005715676902186441,-0.0011866531695941208,-0.005764213847571344
-0.7940730209570319,-0.04587857143187533,-1.531565777027749,0.016413254008860262,0.002727088245480685,0.006791913913291872,-0.004161140615762189,0.015598297963541464,0.003195691988593348
-0.018481128078542644,-0.009678296979815296,-0.057156704231331346,0.013329124409242263,-0.0084313880308865,4.337537871775181,0.011875634424672932,0.6910649192405371,0.005885691956022621
-0.003974302463099065,0.004747443613304314,3.6425200213557143,0.004937130981743421,-2.331676153761519,-0.00028711006648332593,0.043174323333622165,0.005380571924746766,0.2135505381542248
0.002472300818439156,0.008092379842446262,0.9834530651118493,0.016083182448575956,-0.020461133475219703,-0.0019138924634785543,0.002393938740891258,0.001726698679620907,1.6657405183835823
-0.005339551888273508,-0.10849568938425513,-5.367509201965831,0.007224399698858838,0.010903079101398016,0.0056514313005977986,-0.27124329109861983,-0.0013387724637396736,-3.7848758764218675
0.017820769319882034,1.3810888326783877,0.005345002322867172,0.004120092128920241,-0.034040017710300075,-0.5441395690665947,1.5936614161322193,-0.002797306128373679,0.00038395875209305407
0.005400738467087531,0.00010305829939231959,-0.004584936753559316,-0.004275143522245236,0.004242809181100572,-0.00046944956614097984,-1.215002509555265,-0.008168836415213779,-0.21768478468501443
0.43562432011599034,3.3313704349834845,-0.02562405725662561,-2.749843706436221,0.01474342566650598,-7.148122309956083e-05,0.004206806726676948,-0.0060528008325256705,-0.16346443901443647
0.009199021453731054,0.002325721085293622,-0.00963916512378002,-0.07114628443984039,2.15571639460571,-0.004219479901190842,0.001287206451696991,-0.9938983785263305,-0.19958629686189822
0.003167946592206086,-0.008500487389962633,-0.0035346398279637614,0.004043926975238157,1.3776888025994052,0.004244612888804802,-0.8071016871355707,-0.014123132921257747,-2.854854833983069
-0.0017216189912550115,0.04367093172142697,0.002446913004453137,0.010454133985405636,-0.03668964394466494,-0.00021043234002253094,1.5418200439568,0.19795223755161984,0.00971173021043898
0.01628981948491881,3.3897311705825643,0.012659451479482053,0.02168885301739154,3.8395630821880573,3.6016521991152466,0.020090376916236163,-0.00500036260405623,0.014206789601533168
3.499097561557136,0.014725969013694369,0.004330916182743602,-0.0053275547036443745,-0.007407379663486924,-1.2904986650978632,0.0033753952736682302,0.0002869088596676888,-0.0002613215412105435
-0.0029970317784819046,0.004480747986482209,0.002664779238462951,6.200990359845476e-05,-2.6859591240346394,0.00031791727150057986,0.005688004635645623,0.0056117550099236005,0.0040325756224875876
3.2872689227206275,0.00111003510208696,0.0029051613401014087,-0.0033875406506221188,-0.007902295340417392,-0.9195714303877226,-0.0016152145905760223,-0.01093184255362247,-0.003955416984582391
-0.002878119847686895,-0.007887212578239575,-0.00883879846422364,-0.00040771392945084667,0.00334690591374448,4.313929708415895,0.0009218134512807841,0.0005978307676092012,-0.00032389076851716686
0.00010850977811191316,-0.004247778130390101,-0.0045132298404099635,-1.087060170250394,0.00012553812238614453,-1.6496983714677627e-05,-0.054463546769857034,-0.0005411129130103641,-0.060576647756797095
0.0019406653178227385,0.028784983240483574,0.014899838383843489,-0.0020165829409706845,-0.001611049213596606,-0.0005097029664330239,0.0031743108520661287,2.259421555507429,0.00643739689307931
0.0004565077011561107,0.018150494951005763,1.9118418023213697,-0.01703474729400349,-0.017220183630156073,-0.004166551647326943,0.009436172196217868,0.5665711997182736,3.554174407418122
0.012495860078938242,0.006413736174030269,-0.007779307867637739,-0.34354613417810564,0.006665512175125399,-1.8054773801543953,0.010179750923986819,-0.007090999667395875,-2.3251566198031086
-1.1445205923525892,0.0021704649497078232,0.0045904202310943585,-0.009281979127780818,-4.670421735486938,2.003261740476936e-05,0.778776514032802,0.01170537506684955,0.015507421095654186
-0.009074068438219007,0.0018462059183732005,-0.0031183939676093786,0.0037841531167692177,7.261590604238101,1.5898390523616541,0.008937694331182317,0.026072680022918293,0.008949788781001838
0.005346500419465383,0.0027180800215362844,-0.004361305235294072,-0.02411243413804154,-5.161107649576984,-2.0806747748787195,-0.008384576962036872,0.00020894732552012574,-0.02570831481225888
0.0030968318507677978,0.023882585558709563,-0.004479461285047649,-0.09273608902750137,-1.7507816064089357,-0.022655254712933642,0.015594845448903681,-9.288025266350301e-05,-0.004370755659092851
0.002025775897192217,0.0016223530095322292,-0.051164593742635024,-0.0030088062668460385,1.786502752804464,0.0010826912421050064,-0.002561739612099991,-0.00011370419440275698,-0.008238985989640001
-0.002347681675251274,-0.011203340272538637,0.0008433149224490354,0.05509973755774861,0.15236155024572642,0.01997974238678979,-1.4359574563290036,0.000759491426639042,0.0030270034292661343
-0.1327841639433922,-3.6688316855749523,-0.005346214095571122,0.023360694506656565,0.011083144803532563,0.2689118657590308,-1.230999257203253,0.009324127147623484,14.3343798838484
-0.11752965163533458,-0.017471143471133994,-0.004918343126650224,0.2006603549846987,-0.007791341712601874,1.7051392416003637,-0.0035990489309455365,0.8772231710598031,2.6917974145672314
0.000707536111581766,-1.804542236417204,-0.22079362670062247,-2.0077142226134006,0.00011150155831279179,-0.0016747727250250638,0.002016134836861197,-1.6549377621430974,-0.0062726518563109845
0.5861771633381729,2.1908806198719724,-0.0004274411050917311,-0.0011461678467439337,-1.7841112856921741,-0.021205094703221544,-0.003169600191931684,-0.003353164231712966,-0.010021659426151424
0.021326802426613122,0.005022025328937068,0.01919768255906522,0.0038171653655756943,-0.004660970281784069,-1.0636928462475297,-0.00010724930916316405,-0.01017196047168885,-0.0003812998966558137
-2.7280252680239423,-0.007141393971272086,0.00031068190644856046,0.007871436063267054,0.008245772682012098,0.26227005779928436,-0.005388012260070359,0.0008042657998965626,0.001354150612497558
-0.0070180491922757215,-0.007285914391051557,-0.0001506272933978342,-0.016220514276034048,-4.4340901482395445,-1.258962306944678,0.007352076524561504,-0.005459500451595378,0.0014005836860565266
-0.0037079037567892287,-0.0032604204611992134,-0.054190277974552496,4.1639185011940825e-06,0.009250781341532151,0.008176731808498025,-0.00657099630724116,1.4728642385408803,-0.006282545919528275
-0.002413203002023974,0.021055331161517532,2.7051394794750436,0.0010459857527820122,-2.02007726085092,-0.00597019119958786,0.18221986030621376,3.926314695510583,0.06067918781199233
0.004401458903524768,-0.00834652941298835,-0.032959560951335384,-0.002187583283466762,0.14562894288034922,1.3627280164620608,-0.03327744489214571,-0.002550752593064684,-0.02020931289009379
0.0007032122985136946,0.010250053620065092,10.0933161750091,-0.0003612096648571584,-0.021651947845598672,-0.005931129636116708,1.672547280491334,4.368010900760504,0.012090520003946226
-0.0005877278059818469,0.009378578438341903,0.017921915279681858,0.003081945272883857,-0.8809085604874447,-2.3394851649787043,0.0020115699734704756,0.002767618301650579,0.005153504659229851
-0.040197166396660065,-0.039107152627736674,-4.842681133763409,0.015488724011852962,0.0026742748390777837,0.8493078466005572,-0.012557464932877321,1.798109132515856,0.0034995023851586947
0.0015207819974142312,-0.00774030963496088,-0.007455578490699737,0.0021545163099972614,0.3268406523913735,0.0027926204420175653,-0.00694683372523752,-1.1108567568576293,-0.014117295156716163
-0.0015855434428475555,-0.0038595599198020525,0.00842950005399612,-1.5127339822369916,-0.009735017172562144,-0.6813527601889211,3.8766315186426077,-1.8628417135639728,0.00240140164753792
0.009363377710923408,3.8833208395006356,0.020147549119697294,-0.0018861565730557707,-0.002707313460030447,-2.7652002924738603,-0.005935950343710361,-0.003532655449792493,-0.002069630953122032
-0.0027350914952713598,-0.01723650260769659,0.007340937285156432,0.005327930148638606,-0.007155742982602631,-1.4539873125476184,0.0052308643223451246,-0.006857392646001216,0.007794553233150278
-0.056719343350342274,-7.434188647453725,0.001156440641275014,-3.107799613465363,0.029087736137261233,0.010632243807862238,-0.00123090898135772,0.00481144802060735,0.0032383183500840056
-0.015816529756730556,-0.004847923665435926,0.0020744862577193055,0.035859358311426746,0.0015604439491057522,0.005384785327990004,-0.010321415122009715,0.37345553940343745,0.007888465873952767
-0.0013306297320621729,-0.004048238994605772,0.0010894101866192757,-0.010748838968847457,0.04255503502335998,0.0026413357420960446,-0.006944699560261692,-0.030774744658914416,-2.44418576515204
0.084501396867467,0.050274226430574845,-0.00011889563111684189,-2.495343831075753,-0.002541750074070301,-0.6648482875967715,0.017017132510180222,-0.004414105563165518,-0.005134634959040502
7.980561749766566,0.031034831987489513,-0.0032617823764784573,-1.1527894801179408,-0.017206391762241924,-0.5637142107126063,0.012274098050271909,0.01175606442954967,-0.002754004301180557
-0.0026389317587029357,-5.220706009035778,-0.03531061858522938,0.010159673457101906,0.029323281827080633,0.07463812436197573,-0.007405069390840166,0.003672927894748159,-0.000993569731926094
-0.003942485898478856,-0.007202963636064985,-0.10343616467815359,-0.005279493107726546,1.5010621325216267,1.0780270200018025,-0.005102151294702331,0.004011559968318548,-0.0062879923938350644
0.01703353586020187,-0.005497759442541744,-0.015767260917474202,1.080030698949761,0.029657694252138933,1.7779600106646614,-2.0658471944163725,-0.004703322930595874,-0.010091233825062319
-0.010064366090865445,-0.036974993432975015,0.0940221799568329,0.0037314243181490875,0.8793444893568532,0.007547378699304504,-0.007216633041833301,-0.02140085550932813,2.6113863670608857
0.009835411211944627,0.0052529916148178184,-0.0004548992867668602,-3.6163892414938017,-0.0053662218943430935,-0.28156185431961284,0.05429169699528619,-0.013249448134379675,-0.00210489688446815
2.954611525434238,0.01311492598473605,0.006061167721305279,2.193362211308813,-0.0007679733646565341,0.001551799176272392,-1.9842638703701245,0.0012803807959105226,-0.001310655628716434
0.0019614954957864893,0.0036487521985874402,-0.0005476455508931475,-0.0019135522085811706,-0.000758860425374731,-0.0006271989895740986,0.001193754816369867,-0.00045379351599580253,-0.0016913474258841005
-1.8537232642929928,-0.007564665425082374,-0.006816208647997639,-0.01059257644507907,0.037005520987144234,0.006144039630581109,1.5842583169945406,0.00018181660692236958,0.001193136838451181
-0.1008246788948503,-0.015599808980751716,-1.1273506043590213,-0.022086664011750464,0.2622634090436673,1.0271465048420012,-0.0005906281871302238,3.14757268676755,-0.0034316443872386276
-0.005509882003793154,-0.05006970270256961,-0.001285915431977131,0.00526161607616147,4.123891504200091,0.00732526751478213,-0.004478617185813118,0.001652290969965291,0.0030637224346218633
-0.026804577687749458,-0.0679212573282246,-1.2955783000999705,0.00332109789131521,0.01478619376076027,0.20881514456212782,-0.07543748062881034,2.985628402171682,-0.004403998328738702
-0.0021340571697202543,-0.001151592589586335,0.19071699814931178,0.006123772967887868,0.0009243901032060477,0.000804165836919065,-0.001230951683409875,-0.0017334490767561689,1.345956926076912
0.029430852868518105,0.1910552900830247,0.03509227597288136,0.0013328991373732536,-0.01884271757659034,-0.497636504641914,2.674854005246564,-0.0058492888266743065,-0.0005194744535067016
-4.347554889497056e-05,-0.0009046274319538632,0.0007641341714985325,0.001449044451857348,-0.008427411528954525,-0.0021507368825184545,1.054531954932855,-0.0006585719101429815,0.0039199878325473034
0.0016341931455359747,0.004192419541041742,-0.005955263107347321,-0.002295394376237164,-2.235295296241895,-0.0030343049408458403,-0.00020899875555049384,0.0010449255657281852,-0.002775866322546541
-0.0032500845078280226,-0.021586433100279415,0.0019015232237788236,-0.0012302956296704418,0.007583253848420285,0.0024169748860288845,-0.21050088738102077,-0.0019430683241546285,-0.0010910634522745336
-0.011995158968388875,0.008122906527605375,0.007249563563082373,-0.002837250942125058,0.01028810783530587,2.32600862636253,0.011264085312519712,2.6641051251517105,2.3703342796155447
0.033491285768042944,0.0035284401472975846,0.004959838525983265,0.01756305128034924,-2.9497586803460294,-2.307756597158061,-0.011441830175442813,-0.008791467388611918,-0.0036361676163216353
0.01879371462240655,0.008048429742541531,-0.002253869246341144,0.027151071561928357,-0.005194641780149639,-1.4445024013152474,0.04355581214612153,-0.0009372361158234009,0.0019085293164739989
0.0011159647220904418,-0.0034551286949219967,-0.009697133150680057,-1.018941448246966,1.4439233838965173,8.089641441865261e-05,-0.000512463740061517,-0.004819478139013049,-0.009729919037608165
-0.0018385072909857453,-0.006048047304393446,-0.01200298873837917,0.009591014488873449,0.03911756341930541,0.0037760606894433808,-0.0006846815493766646,0.00033112922433136446,0.000351361317211446
0.011175207300376962,-8.584929444215559e-05,-0.006091618960566307,-1.7847783137960125,0.004157988337937707,-1.2185351554154915,0.004271263038998441,-0.7918625328706239,-0.009520909398115548
0.0010572403864112553,0.007782375899886106,-0.0011198111666141685,0.006328683053252718,-0.001707649371139383,-0.0005373700236844983,0.021512034893217506,0.0031099622980609084,0.0040289612144137925
-2.2120727450740607,-0.019705040648420206,0.0022402271599554144,0.0063385729734384754,0.01875427579931399,0.833610787200589,0.00011554238393231275,-0.0049622581159378,0.01222715494822306
-0.011509368163846283,-0.0019535163395108333,0.013017991672694476,0.012335119228920659,0.008307573149632638,0.5887229221671673,-0.008997477997802768,0.008846928515206486,2.7258229821143938
-0.001351195027448019,-0.0006268896889410694,0.006113364171901726,-0.8712735011144217,-1.4999383132401136,-0.011119398359471844,0.006965361822667896,-0.0014459685487965288,0.0015009910756564509
0.0011731074099648065,1.2912099974521407,0.8136464325664099,-0.0027780067637743194,-1.2561054069429032,-0.0050587429813220425,0.017586362410629115,-0.00034961820128252656,0.002692433885254691
-0.008485106909148943,0.001265533764026057,0.001663258920207196,0.014049208600089493,0.005793522890065295,1.14791172047067,0.0025742978184347537,0.018001263360353306,2.3214564376841595
2.6051942552393928e-05,0.003019693124793511,-0.004356601314826964,-0.0037080002489116226,-0.0023594340090510734,-0.00039629783010065677,-0.00014707088742657297,0.007807154099676709,-0.0020609870022641518
0.0014112744516163057,0.05488956980158272,-0.00504470620633677,-0.7482102762390075,-0.0015649160547991925,-2.538039710236207,0.11028669698087046,0.004918253302979535,-0.0012242717882317913
0.0031823150946918596,0.006994759482625579,0.004892964747537226,-0.0003847924542371615,-0.01280129045062453,-1.0168506812023552,0.0028019210822039717,-0.0005431973543835254,0.0007792551555304379
0.017685419268751612,0.014160930155996565,0.001665316994612781,-0.3204522912425656,-0.0036542104587985527,-0.013704032604319488,0.9139088170747649,-1.9477932570720853,-6.31569598427394
-0.005235141894752358,-0.01405891134432695,-0.9200509783379434,0.014087757329833805,0.0010159881283494654,3.109284389225828,0.005296268982514812,0.002480231612824166,0.002668832061600509
0.0028029479846503995,0.005200197555818917,-0.008012475939461583,-0.01782208074075992,0.018607984545768952,3.125925866151365,-0.0014810189793915962,0.0002760261095626016,-0.007054069290031131
-0.0022614911142003853,0.0008331140636032948,-0.0009741299151796912,0.0021988542117855245,-0.0020162863845294655,-3.532688072074993e-05,0.0010559222677094557,0.7573349786676529,0.004027103408204307
-0.007515905742964144,0.00300409614507065,-0.00018496607840592927,-0.026726421264715784,-0.0033193320178060426,-3.315242953551374,0.010469903096033184,0.002924209805156774,0.0014336918687557938
0.001136434337519395,0.010068480434944046,1.1495069729056118e-05,0.06153313239100068,0.008007522457526811,0.9045951173380391,-0.0008041090355435446,2.038373224896255,0.0021288642787818043
-0.007981977313008162,-0.038846682074498096,1.9391116748535107,-0.0014086106711303364,0.08935872755213592,1.3649020445773168,-3.209556551197103,-0.009900584816088354,0.004552808649889176
-0.005069613419944191,-0.002533138011928969,2.8075208379174423,0.003988806643676878,2.6202365750048355,0.007721873037289648,0.008586857368819778,-4.570728604745163,0.11902170995086603
-0.00377089343062389,-0.0029764696216209347,0.00021543783527253277,0.010994987117001477,0.0047960188600561626,0.002821500142219701,2.10709094463223e-05,0.0027387845869672562,0.006773675405802639
-0.0005874541844436611,-4.025196387468867,-0.0026331674413532097,-1.0961758421720715,0.012959896859821143,0.001444825926077059,-2.5954233081216174,-1.9402273942129895,-0.012699607791816683
2.268061781813741,0.0015327267369553733,-0.0014291198801787176,-0.0406140850285345,0.0012691955384127387,-0.0019135077580166174,-0.0032848878822893425,-0.012426773584919133,-0.6117356787927233
0.003969024687344353,0.009333237131158226,0.012004839674341612,-0.005451244403681678,-0.0029208395219888954,-0.003677901624812295,0.12591402943640667,-2.54754978199155,0.0070184712467729685
0.019088453028367258,0.011311880850603473,1.1879610106090503,0.00882685870287174,-4.984886637304734,-0.006134329519332682,-1.3269028275267507,-3.4953500200593774,-0.003067255800817209
-0.058417615493827624,-0.0035582253671381653,0.007655444470626237,0.0003884620589822141,0.012672098433658366,0.06792127502945744,-2.6117092298128903,0.007336203163038402,6.610976447845975
0.00683950243973247,0.009683218301455687,-0.0026770491648537703,0.0022212918337579587,-6.798010216505442,-0.005745660319489532,1.3399353627079522,-0.0032875560874548633,-0.001608676299264887
-0.013149155652671926,-0.010793340518687827,-0.000155589609890156,5.753574268881958,0.0010974794595793452,0.006048222614557924,-1.9155111475564806,1.8507673598527326,0.007220756590175029
0.0009081715762022189,0.07287662786744606,0.0034426901590968745,3.6348739330085267,-1.1242680634195423,-0.003467357736675357,0.04540974560916821,0.0051544863275686074,0.010542110308780515
-0.003534896112442877,-0.009541382691493322,0.010226745467440965,0.0044277574405351666,1.8945987910165265,0.007956899219825883,-0.00626847997918614,-0.00013172961548191513,0.003576369572168433
0.0029364193775051894,-0.9993780168746609,-0.002225625660527898,-0.008670615559173778,1.7335875935610252,-0.000548928812777516,-0.14169852133421185,-0.3885989397073324,-0.014149114067678607
2.0383375390936376,0.007298625653654023,-0.7322293647647085,0.012371405847654594,12.501407014077516,0.006897920883138564,-0.9957443364368204,0.005889597400162538,-0.07341910069138535
0.0010764643330825295,0.00027582334761618293,-0.004130933195284584,-0.010003513028371309,0.002650460332328288,0.00045734311232935093,-0.002345123095496222,-0.0012291161903083417,-0.8744030494065349
0.01345747347337884,0.015270434138115395,0.803610549146746,-0.838383762121858,-0.0006107560837991183,-0.0013639237562307785,0.0009554418841987234,-0.034198552451845415,-3.54985999277876
0.017437831862757103,0.03192762910101213,0.4452124476539265,0.0076444617369728456,-0.48240837441293993,-0.33269825619863846,0.011844077785742535,-0.0037139727541788993,0.0029059739645700302
-0.0065981791673261035,-0.003102337997577485,0.0014486434028652207,0.0009731609250506082,-0.00219647732176152,-0.00015361864515506398,0.0049831043851647295,0.0036602944187943396,0.19629896739061062
-0.01042783956131246,-0.0023483998707257803,0.002921931227441079,0.009266673264999142,0.0036172801260095713,0.6467935300185116,-0.0010399548431078535,0.0057310226830612305,0.00548649371976862
-0.008787396998377706,-0.010103055007326433,0.005413460933239507,0.00715085893723095,0.004421420507231745,0.7149430109785067,-0.01580786439281079,0.001103545351416433,0.0025773273001303814
-0.0334061021712947,-0.027478441503759526,-2.455246608522212,0.009019601659517915,0.008163806637482729,0.006051674831939625,7.554735219679996e-05,4.565455587258186,0.029033244984337236
0.020763960173958734,-0.007608372617189663,-4.560606263174194,0.011011295357708995,-5.445277674992543,-0.011477459638682075,-0.01905949250166549,-2.3512670245929272,-0.023869644846799903
0.00018317509907505615,-0.14517644244217254,-0.024446141772501206,0.007596340920014762,1.6261486156892548,0.0052257288354026765,-0.016860617668342903,-0.013786068043761382,-4.085186884406782
-1.147768255716151,-0.0012447095137021874,0.006040691724031527,0.004706926625959472,-4.757493531373433e-05,0.0020736787014048286,0.0007202010934642374,0.007373584147338366,0.03123964430339067
-0.00014158595463937065,0.013333982620325483,0.1505651718908511,-3.043782786633768,0.000545816377739822,0.00025562049167304724,0.0020903821871864257,0.004902585836597646,3.9962769554434185
-0.0016427918841093424,0.018103306779298486,0.00775501108373315,0.003206788955728547,-0.7642797058406041,-0.0022762512598635543,0.02523875753264768,1.2336216443225592,0.03512673752667727
-0.015569734705805076,-0.0037273582721511515,0.002841907783758965,0.005005180169528303,0.0009172493695882578,1.4337436973653297,-0.0010342510941443173,2.3900368780797976,0.007686780882984717
-0.00030936770874015126,0.009930091628593748,1.2948151736518119,0.0008718446560480667,-0.009003862040356359,-1.7330619802470744,0.016781016672421795,-0.00044616570716924167,0.007449918232980118
-0.0022556885066861883,-0.002991660278463802,-0.002862475617366045,-0.005067359751426085,0.001989560536085475,0.0006340053104168878,9.390198231527165e-05,0.0006407890754006588,0.00010649639068358556
0.17808730823033703,0.01638440779419768,0.0015071040278789097,-4.708070233619098,0.007594768758720616,-1.7513122823383371,0.0019348311526118794,-0.014486954031243924,-0.008000515249911438
-2.1521442842171257,-0.005850751940996296,-0.044512894713550244,-3.0516190196885122,2.0276192186514326,0.006389105264446554,0.30944592564452666,0.0058975188464465075,0.0018312261102749767
0.003903465151669762,-0.0012747576331374848,-0.012339529927740395,-1.4877579223500528,0.0003467810450289146,-0.0014571194992807394,0.0011379214552100616,-0.022186914619971757,-0.46058313143649793
-0.033733867029858144,0.0048768310955905015,0.01115465498435163,-0.009454609036093563,0.012843821645328178,0.45969460822080055,-0.0012085060113324435,1.184574241492222,0.005389185665096545
3.533585224226923,0.0008108682530955915,-0.0027360969415435744,-0.008459025345707753,-0.004882434374390912,-0.012714013996096936,0.0013927079730370745,-3.52861787895699,-0.006580722315701365
0.007499202804053707,-0.000719947824196524,-0.008516481681112641,0.0009024680922961589,0.012253540899854753,0.001660095325932811,-0.002663607683658415,-1.3761716428777333,-0.07290896539583569
0.01701541985853082,0.002885861962444348,-0.007069166721943555,0.0008869416086235773,-0.0020992190274900374,-0.002873604707173295,0.008515779523727063,-1.1437574723123696,-4.78758412343028
-0.002697763317801484,4.8359804946698866,0.0010867444445590221,-2.5323119333838444,-0.0016606666635077955,-5.969935258555805e-06,-0.002295346370583179,2.241446217361817,-0.004187601418125082
0.07404898736571389,0.006329139831489811,-0.003737989009039177,-0.003673298518139635,-0.011231641220483216,-0.2941674755086664,0.0033220100083229294,-2.337002151685476,-0.010674477263234158
4.6693274769320015,-0.0018690837888235556,-4.787632072915473,0.015358462049552152,1.7087106480216139,0.021204444013217333,-2.751132474914465,0.0023840191506047936,-0.007967499317110716
0.005298645372508579,-0.0010910515207376943,-0.002287370786424005,-0.01799662821176029,-0.007493652204049128,-0.18469150678171548,0.0034997335145919095,-0.6701083301794811,-0.0038949872746840124
0.00042799658141315366,0.007873771891996506,-0.000672979164824511,-1.469490750520032,-2.2287278355256066,-0.005330217068074031,0.0016065204024771926,0.0018084628569748655,-0.00221592013685139
0.0006038949357998827,0.002453150389635672,-0.0007812011613271553,-0.014771761026503901,4.927496371779055,-0.00019109871888606245,-0.008897193238036321,-0.0007393537471849544,-0.004962619789780069
0.002724546207394045,0.013783631399017605,0.47438063092176375,-0.001343393562225191,-0.0051145522060062065,-2.5760546940657054,0.012969853022485156,-3.1119460643712156,0.00854984623334265
0.48846527830262043,0.008298834227001296,0.003566679370643153,-0.01141272086176233,-0.007128601030550432,-0.20523287884886726,0.0003206653987914889,-0.010932792219416643,-0.008095532937073668
0.0010260098339352104,0.010478000730544479,1.1156982561922373,-0.00921907964733236,-0.014649483297102875,-0.0029853865678225204,0.004452019525625751,0.001893275628091648,3.256235957331425
1.6403339304731177,0.01416765957618539,5.383291803865875,0.0044015415898033435,-0.005390035366073926,-0.006206751628182593,0.010410467245018457,-0.005042743420315757,0.0035659955291915887
-0.13996541427756953,-0.04705615325490393,-0.002243441664835772,7.588286887681548e-05,0.02477910452752144,0.5501626103717497,-0.0011427665715007251,0.0005655419492040675,0.0029044126769612695
0.011750126775069517,0.00893886978167159,0.6035592352444201,-0.005642369780088459,0.0009665200407537045,-3.6725910829078834,-0.022243176556038524,-0.006771991744522886,-0.004587676264816425
-0.001990522641799628,-0.0027075174406947524,-0.004919739806019089,5.538164188034875,0.0030025603805567385,0.0035110470070754476,-0.09580132120646227,0.01005210054455445,-0.005687349642163598
-0.002467350953117231,-0.0043805422560744545,-0.003134737241512203,0.042880241393661596,-4.701858584574584,0.001600041213802389,0.2742758347723733,0.0035671670777312394,0.009631170888934198
0.7382832934908576,0.007252182588288242,0.007205886231690944,0.003349435259879858,-0.017940918272427497,-0.36093368303572904,0.0007884485363695605,-0.004739809213083325,-0.0004114179248824734
-1.4114879928429926,-0.003913285423102187,0.0058659530472237875,0.0023425945881768483,0.0035333104815900573,2.0523054139207915,0.006270152163586007,0.000709766643127173,0.03562557272762326
0.0005869608937578835,0.003374477417131733,0.0005335385429735054,-1.252159695741232,-0.0024675540175989425,-0.0008815217316269835,-0.0007781272461859676,0.002754871023013418,-0.0037078031500442244
-0.0011452051498374001,0.011602394849521067,0.0022222583161934624,-0.015956654342812834,-0.005991237444383979,-0.0021674653203217855,0.4062955450314565,1.377103141066159,0.005983944136395393
-0.00933041874784171,-0.018182957543628215,-0.4532142222602656,0.005352749536310909,0.0059377008632105,0.005560019958130106,-0.0064317152057349475,2.920239679145575,-0.0035318743218947374
0.052349597316150194,0.00546764961442945,-0.0016042811513200515,0.9927783994787214,0.00019481337758446874,-0.0013050504221340693,-1.613899197688781,-0.006787115454315465,-0.007846424949141614
0.009708899491559633,6.882647424634239,-0.006581874597392845,-0.04009645176694321,3.7104764909763657,-0.003958086581908566,0.0003844860373590194,-0.005263907004459918,-0.0235666018503708
0.1645666908352635,0.011341205326386928,0.004179000738738659,0.0006966788519372062,-0.004517470513306157,-1.204419859743442,-0.0027642896719880794,-0.0037959868487530816,-0.003851901467413989
-0.0001491199949973862,-0.003946067058497406,0.0006528871666505662,-2.590069882079732,0.012288603940023735,2.2836847788400654,-0.26155357937164947,-0.0021057588582576448,-0.007270931488752932
0.004865867869596752,-0.011255155128053917,-5.402278261677679,0.0034933793823654913,-5.489465977941535,-4.6714565710639135,-0.011656300826946533,-0.004086548692777914,-0.011402615223502888
0.003907656360360237,0.036778034461746434,0.028692485452662567,0.0839057558754432,-0.5095027762166753,-0.001343282471684801,5.136698034423012e-05,1.3706851695560485,0.007277211327743165
0.002198968527270817,0.0012522643868042162,0.0018774356497966312,1.1945161458389033,-0.0069637129538677334,-0.0015603632456814688,0.0002935779759670762,-0.0004182419721457897,0.001213997281504722
0.022555087801192475,0.017526503824938363,0.0965964263758528,2.592897020118919,-0.005363024081730283,-2.16427076762466,0.02686220658729821,-2.068220435821258,0.015816730196793333
-0.0007459119146553117,0.00011797809604804747,2.7412837458402404,0.012399550484119629,0.0363761736273015,1.765882075165126,0.006218779592611717,-0.005292116128967919,2.2745787583510584
-0.02117356792754596,-0.025332136275209055,-0.010610228409412278,4.129284663730018,-0.0017242370112253158,1.2922711191670149,-0.8704542721350226,0.023167566666322387,0.0006562802970108278
-0.014080519100528915,-0.005301644327121055,0.001258362958977334,2.0318018563253317,-0.0023585701636414935,1.6085530941168182,0.0018777502613952501,0.00718180655613139,0.010219320688111759
-1.8526740025286301,0.011935053359762998,9.799928565523626,-0.01527854765236314,3.502353032738359,0.037984610033379385,0.0042146134214312014,2.5624250588114883,7.064009346240439
0.0002762692799771968,-0.004205342281538016,-0.0015045460850331787,-0.0011765124463819204,3.097218400946923,0.0013117976640926732,-0.007399163334014588,-0.0011749365354502238,-0.002145235409812204
0.0009292404089157758,0.007221997889309939,-4.245109019468917,0.11579021029792498,-0.25533596658419394,-0.0034178832868323565,0.024025911817163417,1.3587356231913374,0.011977476660251474
0.004286827765459897,0.022145826084453174,0.17839639632649162,-0.01662105299281337,-0.010475435845003489,-0.8666045077375499,0.016690134700040077,-3.2454497186308617,0.004148803750522401
-0.010897780512869402,0.0010246437773203387,7.656987486391202,0.0043605836130557775,-0.06577056368430778,4.9247627893351575,-0.004491376676276304,0.057323411098103655,0.005489637066950492
-0.0018755070101548763,0.0020880116057364617,-0.005355226653521133,0.008375110964952458,-0.0031761129892024687,-0.0001678962524704411,0.7031589545604506,0.8648031494399822,0.009422990838815547
0.0003435656378727882,0.00073995875057302,0.0106333384338403,-0.05732006382695001,-0.01621821056131898,-0.25386017085919277,0.007864076031376219,-1.8107843012505096,0.0037980828126408968
-0.005044924724022265,0.006904912405662447,6.456829121326122,2.9292775994976115,-1.3354443232002708,3.884089296410213,-0.004801250592420925,0.026350250685647947,0.00727195093446989
0.003078296489455356,0.0011724125642222777,1.0670287445128712,-0.00724734334096459,-0.018134063935144436,-0.013715019727148128,2.06219285343761,-0.010069969142865263,-0.0006008563934022503
-0.000454460337151681,0.0005468973936823569,-0.0041596998487170665,0.0039076528507361865,-0.007217471621451071,-0.0012547775656185263,0.6617617727878553,0.0027085618163158517,0.003936672529545942
-0.0035855746509253672,-0.003936071929608872,-0.01522771386094679,-0.002926272834516736,0.0003455262672923398,3.5303634565094275,-0.0032253786280307117,0.004734400108960033,-0.002162954905835731
-0.11361141328379223,-2.0059280316053663,0.0016258167429753535,-0.008157008543692902,0.00275166684097531,0.002451954033943273,-0.0022649443759490025,0.002812525824252403,0.0026262974854990044
-0.01199081652714305,-1.8589558773763972,-0.001123161353070494,-0.00014426349806479768,0.00446673712634299,1.8007470544872821,-0.0014171224686950618,0.0004087996128899979,0.0013865551787263248
0.00017238827975956723,-0.0061263753360981995,-0.008983500562438036,0.0026649492471223445,0.0024518902336738762,0.0008547892592980029,-0.002083705848563316,-3.57309842963673,-0.007153829175807286
-0.003697718875533898,0.0014364065699293271,0.028115820053893997,0.0001381309315275428,-4.428106883947076,0.0007963003062294305,0.00311622328637483,0.0019693423236923236,0.006545121018030767
-1.3069587810282897,-0.0002966987171830575,3.5663499322122787,-0.0027064236962788596,-0.0015713847290772746,0.0015117253285035544,-0.0009926237492935714,0.021370146467832647,0.008987333676289143
-5.19998464581061,-0.011699787572512263,4.299681712070459,0.08013237746850041,-0.0020346204426292536,0.9310796380621925,-0.01290244633376847,3.3753954874457675,0.03535565434488763
0.006542939656106785,0.008922779111070839,-0.003610023140042863,-9.145850077706166,-0.005639832525321072,-0.007214685972081622,2.674127184049037,-0.0035716514906826238,-0.00853447369880768
-0.005871277173016963,0.003970316897262613,0.0023530940350772567,0.0010122498411386056,-0.7596192299131762,-0.00011651267148045374,0.9958242028741373,0.042667741109707544,0.012028669050936875
-0.5173111974613552,0.001467296618431044,0.0075805394533922064,0.001742464571774219,-0.00010510957814333088,0.9392426356426932,-0.0008551391842537143,0.0289872909144332,0.008450222716198521
0.0038351507196429093,-0.005435133308875198,-0.024680224047487504,-0.002239856642920968,0.02737671538886358,0.0007732255032889927,-1.3556368666421905,-0.007738260005949421,-0.21770897900862968
-0.0016267177213457606,0.004865136899811939,-0.0038909357961338796,0.005573117063268178,-1.7249314950581693,-0.0022254702483781932,0.05012282372763185,0.02607465937314485,2.5282288341854566
-0.001350766072221907,-0.11122528652510824,-0.018250708324204615,-0.006310072239571401,0.5580324902571668,0.0014375468006049413,-0.002046481336346818,-0.005450548394238093,-0.0035956180705842213
0.005564962986508625,0.001188255270070258,0.001882617157781301,-0.003572136993261602,-0.0021672587903788696,-0.0028532357806138157,0.0013009887827678899,-0.6855867608002406,-0.002625881322565529
7.3729079806120605,0.021281691598697507,0.047852761241375524,-0.8491548919645588,-0.00012762485634099097,-0.003041288230975603,0.0007020309125986418,-2.2685563681986336,-0.0004503726252065854
0.001975500935708625,0.012299795801304855,0.006630439977662567,-0.00333719193832802,-0.02283882855498631,-0.004305524079267058,0.015203174367663734,0.00029270190263113555,0.0029129826316012116
1.5974153409896859,4.845071367052167,0.04471550115688949,0.030775654028312692,-1.2550052863805732,-0.0026927562753448347,0.001168934082505034,5.065742144839055,0.020489649375445174
0.005196102361298072,-2.200197895756298,-4.480519046125748,-0.34757269690272186,0.00531422991466568,-1.8348805882347377,-0.011893143055964173,-0.04125286223775199,-0.34241620399787664
0.00033091439373927575,0.0036127630639144134,-0.006220349638230988,-0.0024579627588033385,-0.010885977919503591,-0.0011555012245763891,-0.0006466253944489809,0.017235387758764785,-0.0024866995960825707
0.0016182554314467358,0.008445516263455438,0.00790377658029845,0.0016164156006053683,-0.764660098675644,-0.0050926243785788805,0.021743190777231507,-0.0005388331670125334,0.0036281178737294193
0.007206702246302046,0.001164826686399229,0.004459498677649422,-5.4073929605498074,-0.007554611156452349,-0.01728909846386449,0.0016287470666551456,-0.16361874574928736,-0.0030228796348646704
0.0026111235309674167,0.01059905686355003,0.004507696446260534,0.0018005120858910753,-0.030630721216770546,-0.8343746245622622,0.009529052319730336,0.0006409648953585934,0.002588495732267617
-1.3494204678960706,-0.021606031062130084,-0.0031630572449889947,-0.005288667126687466,0.22442955317407853,0.22940586202763968,-0.005367891264203582,-0.001183396937659687,-0.001997473498278656
-0.027045124364929358,-0.004994749866662726,0.006983172169996176,0.014973730315690128,-0.0022803302066350672,1.355747136747119,0.0005274345649826373,0.00496866454082587,0.014727680188417816
3.0405274974224676,1.7788086393466096,0.004176470610166114,-3.934283168540646,-0.009016872735199521,-0.011161557508093247,0.0012946012351141012,0.0014621363832089897,-0.002989174730918101
-0.19920848184045215,-0.01732564669907949,0.003628547431399458,0.04200820738534437,0.006442064436888649,0.020602689697455184,-0.0638450795280758,0.008042878560897564,1.7192609092334459
0.002705699106441195,0.029989474439079178,0.7854455580876794,-0.003106425934369522,-2.0289413477528875,-2.663483125073018,-0.001412387736802953,0.002299255287190216,0.001009197024257242
0.00013190788102843132,0.0052063577226165725,-0.0004192847718264555,-0.0028095116489781097,3.211043611135097,0.00188423118700759,-0.00231664721242315,0.0009391565008100081,-0.0016524078761862033
-0.0021628011613571375,-0.0031968059922103283,0.016124705277366067,-0.015637191912397062,9.378646788290625e-05,-8.607227461719118e-05,-0.0024070463527837344,-2.32679191467735,-0.0002693686586227005
0.00928132392146383,-0.012448455935058857,-0.04075636033884092,-0.0034231614689265097,-0.0038262917155280074,-1.0060340477311476,0.0008042276315177593,-0.2602018157984275,-2.191346187295312
-0.07486013266729925,-0.02146853728410844,-0.862267047470362,-0.0008859076455538777,0.009128600262673967,0.3846786244544276,-2.535431374761165,0.020651302252538868,0.0010527197441138787
-0.49739745193363216,-0.0007446909031636889,0.037860152951338294,-0.0033662351013499514,0.0023986560901587684,1.1853146797709502,-0.03167849076745366,0.017813515339672487,5.296129923938226
0.0013183864545171246,-0.011517298862185284,-0.0016879585152781548,-0.031129999495756865,0.0031620568003469015,-0.0003659705777078054,-0.9703753107283457,-0.31442463237654206,-0.9755231458516765
-0.0020407588090403037,-0.011728759140459372,0.0009003951843952352,-0.019123706279518704,2.2714982166468047,0.0014671630776898759,-0.9189317520933921,-0.0011851398369447097,-0.002665292425187234
0.012996319497219876,0.020869210466009258,0.01602147160819605,-0.0024601488273278613,-1.8517915940697034,-0.10135360264526705,0.002720213650545643,-0.007832806530957085,-0.002840897596038428
-0.0014063258316068497,0.003681042985150686,-5.0421266611506625e-05,-0.04528857652376168,-0.001134678515418261,-0.0008818564637860017,0.09521619251401986,0.0015070505776835787,0.002467664751851886
0.00489977653357772,0.13273490757999878,2.726516658694597,0.010646343742579169,-0.5351732945803083,-0.0055813226243346704,0.020430636403113295,3.7916381831632866,0.0612893892470443
0.0045369044555106305,-0.017677108635207828,0.0016454087094823098,-0.009293274840505565,-4.188118350636857,-0.03591306801904304,-0.00600627151956467,-0.06553096431544717,-0.006267340327247779
1.564840815335341,0.03862579553892644,-0.005490717719389342,-0.006405351491048165,-0.0054982919427046285,-0.003977109563574909,0.0011992529840668033,0.008661335594785841,-0.012455080813941817
-0.0025678681146939705,-0.018416836408099324,-0.004754095897677936,-0.002544364029902495,1.804449931159001,0.0043133057321371945,-0.022141136783203733,0.0005662087006978178,-0.0019703472139995866
0.002707149741756074,-0.013191168396116261,-2.137724987825308,-0.0023944514378738306,-0.0046340638895403085,-0.008533407207828827,1.1242770974477112,-1.0540651083334374,-0.0015190074249342468
-0.13518065676386526,-0.017307196209613518,-0.005151642487189334,-0.00617946537079073,5.087199694960897,0.006070722982592758,2.2615639746833267,0.008779127684367755,0.00664038006500099
0.022303137000134407,-0.004992473348959026,-0.024375668187615718,0.0017665449428505495,2.613273578842118,-0.0021218476039158163,-1.3514859681483464,-0.024234928990632246,-0.3375617190705496
-0.002059748486456304,-0.052826681945887244,-0.007588215069947874,0.7104232596136868,0.0015933917106308892,0.0023231250340280014,-2.01425395254263,0.001446630122508826,0.0015090892713775336
0.011563169292226012,-0.00016600922118716602,-0.004291051746567375,0.009969050823210077,-0.0006823363152101987,-0.0008012711810731971,-0.0019144718499884237,-0.016687648314470442,-1.2125018988119598
0.00677835002793581,0.022684573741227794,-1.6145596627451653,0.006285897979675969,-0.009825303394785304,-0.003242930411284019,0.5527495121618908,1.8656773633184516,0.0005441788424975467
-0.0047105489091337285,-2.4213744281847256,-0.011027268192306122,0.001386255329179368,0.0066387832150212045,2.1219940251891702,0.0007476589260798083,0.00026096360819878595,0.000397293151610717
0.0027554119934024776,-0.006385410431222996,-0.0037359368654902546,-0.0005726136786201059,0.2066339774549819,0.0033007663198011614,-1.6886589586464198,-1.4343096962869164,-0.011034953763386444
1.1613182209859294,0.13983999346097467,0.008170094879304313,-0.6112232372401313,-0.003948642684064085,-1.0935101135339664,-7.061050210428743e-05,-0.001301797885347787,-0.007208754961030815
0.2596065848980958,-0.007511847591931776,-0.09562349498922114,0.007953003583703886,-0.007835072274838914,-0.3831505044270544,-0.00012660818032543715,-0.023605261112716876,-0.011077543950456452
-0.3246426944472985,-7.7816881036896275,-0.0015631600537950596,0.9642660064550577,0.007777777855125567,0.09517481919594509,0.0019391639070328037,0.026793612808758076,0.02697435296532972
-7.467024164462284e-05,-0.0028444423499388487,0.0007587044671940856,-0.028415174329612318,0.0004825382720965592,-0.00026467033573477776,-0.0029033150464789674,-0.0037804478527157736,-0.004075018852870883
1.1990751703186093,0.01777853244790915,0.014728030932239726,-0.005408399545625456,-0.0043502158169968635,-0.009979040553765394,0.005626775510383233,-1.587889439559016,0.0007016750209255587
0.0014539737161544507,0.0017402533063784267,-5.681042782346894,-0.000621892465484894,-0.001150484207388188,-0.00045531816551878587,-0.0004954553133921218,0.0009448005152773505,-0.0039522309207879955
0.04568928180359921,0.006221520838827876,-2.916859209026094,-0.01056235086925927,4.263965855809087,-0.020841520124817936,0.006257935504568154,-0.06548174731404505,-0.4967020353774889
3.297518257517592,-0.0023008990247294922,-0.003321417508692113,-2.0160564996399155,0.00801937927431258,0.0017984237423456103,-0.0033936926268351916,-0.8573687152496469,-0.03129993335046605
-0.010359052545320359,-3.8225211715641034,-0.008086173176831017,0.027378583720122057,0.015194529203432838,0.022297310706927295,0.002503550279005874,0.004496070239087938,0.0064784743190400024
0.005392366234498042,0.0056456322160559624,0.017133976709349658,0.013050435951004281,-0.002688904500351561,-0.0017170941644498727,2.4130602198215234,-6.43034589548102,2.0304510553623327
0.018527170939734227,0.0001070286449712709,-0.018861014204196558,-0.02511384838236956,-0.0006119321438340097,-0.6200838815906302,0.0007776985737957785,-0.010246005648470603,-0.031951037638213844
0.012941161792738022,0.0094351283316803,0.002528540171780776,-0.0038217586565828993,-0.004667884443567868,-0.006160388607143417,0.011100005560013946,-0.009243643747200823,-0.0017008606525860549
0.0031673566078712617,2.6378680920404314,0.02902008763770897,0.010019152496347716,-2.3267914898747897,-0.0015903180331183903,0.0010124403345809427,0.0040327057004548375,3.953270226097274
-0.0033233201287426227,2.5900241286711356,0.006839559920084778,0.006010372454112754,-1.36701397568394,0.001970774461645567,-0.003981200378378867,0.021886033614027228,0.0038047715237932746
0.000664980762788786,0.0009242750068543526,0.005155427424225926,-3.4597525120837966,0.05936345608561225,0.0044968066624766975,-2.6923562862307495,-1.9817172364733149,-0.005273807390613255
-0.0016102492504515287,-9.261314526943849,-0.067483006906943,0.031050083037306053,1.5455269404084504,1.420815443131918,0.20887124929779244,0.0029118270390754986,0.0035546304195277108
2.326224210351658,-0.009105843141441024,-0.2269347451266626,0.0011853501571078824,3.778462081671893,-0.0035722193168395517,3.083990994473639,-0.015212145179763223,-0.01051906149092157
0.000894672913141362,-0.0013955722609526253,0.013480686994315344,0.004751688866245405,-0.00393143405371168,-0.00362569867914145,0.8212987277889467,-1.4868281787773414,0.019579996657966444
0.0016592875661653273,-2.2067141254685074,-0.008947830268300795,0.00020740199818010055,0.0013287908414877283,-0.0001288503217141448,-0.0025770981798087945,-2.844388954425792,-0.006030349572766665
0.0006456263854966796,-0.2511525931070193,-0.006847423004638023,0.0055601381459899415,1.2580706285983323,0.0023364713443235485,-0.8729057414857835,-0.0038964436012887318,-0.002327039423625832
-0.026625529895761973,-0.008304303375353567,0.009881590433956847,4.942049489663971,0.0038243483024499626,0.013029851647874721,-1.3314205703227007,0.008614796894834909,1.177734753933612
-0.001537204494322709,-0.030674688435540096,4.734154309276804,0.00039050333175193685,0.0008682875395524996,-0.0004929612935681543,0.0026641908411784527,-0.8692494174820719,0.0051042605090257515
0.0001567669828209592,-0.006464223573623112,-0.004057521563258867,0.011654005014267789,-1.982234918202241,-0.00238413145444491,0.9862538308750867,-0.0004209147769561744,0.00340294515419407
0.004787850754310264,0.01382884851621485,0.003388040665759297,-0.017724637185842714,-0.009463278263809438,-0.33360434089227,0.06264112161133338,-0.002807571607063352,-0.00024733462961128204
0.006193904400427072,-5.611182670232787e-05,-0.0017121405349161374,-7.019249204622445,-0.01721931296428851,-0.017945176268932737,0.0011476761689276534,-3.7366377720468247,-0.004486298497971997
0.0009594286531492163,1.1176872325193352,2.262120531760605,-0.008588545039812287,-0.012736518439295987,-0.002916884099738519,0.010239533104923471,0.001259189666629701,0.001785159244329872
0.006338906587099963,2.741712137788472,0.011129310545737743,-0.025407729089330387,-0.007220313518762234,-0.01709170213651513,0.007717800614256302,-0.0049261802098183516,-0.0016035542874387604
-1.7996991507478617,0.00040950259845364337,0.003777201534733784,1.1028961482588335,-0.001330258647407996,0.0053714253530807304,0.002275772155896895,0.03995513599729478,0.3236807247375456
0.0009367339373220415,0.24245115481998902,0.01022247821922416,0.0019551060703115776,-1.801105821481353,-0.002243474727513739,0.3031459869336151,0.0013923124399625652,0.004130842917042186
0.0006797492567126098,-1.38661609305063e-05,0.007754666232150088,-0.005422248086223753,-2.089502972885739,-0.0063376262852111315,0.0022905869467263838,-0.0027936919144384035,0.0001523554528132954
0.0027103680351042575,3.048774062804114,1.958530300314967,6.927243029799883,6.536042320279451,0.00119203587328498,3.94711658608426,-0.002450278616798234,0.009839415694291587
-0.8458523972260372,-0.010585645716701349,0.004878644593181207,0.013196878262542004,0.006006970382644791,0.45018062498616274,-0.016831744058576653,0.008707100446767285,2.6966719737053593
0.0033930798321536726,-0.019264969461157022,-1.1032471784131828,-0.0006775477524870697,2.6613217882498805,-0.0002446879532998353,-0.020479824811499122,-0.005517380838412796,-0.015393816647172473
0.002847709821865191,0.16777371985315204,1.521015242813399,5.771358354010876,-0.027454127990209187,-2.9875477284394014,0.008543287642390623,0.0032041453758283045,0.009913429616141448
-0.07275657361910892,-0.02491874454477177,0.005232029929856592,2.118205528754536,0.00924071886648048,0.3778446941148228,-0.012300899742949303,4.692433788348858,0.015845050390846188
-0.00544602690685192,0.021079053405076154,0.012122347059596895,0.0008772467567337693,-0.008455018776434665,0.000948522177080826,2.3933136706807234,0.07984438893574419,0.016436996538036312
0.004426236842052615,0.8633184865242001,-0.009787549263582409,-0.0004282890559184783,-3.28304950212933,-0.0027655289150447793,3.2765958281922867,0.0016081549432004991,-0.0031315704070265897
-0.0002663640862130834,0.08221349591483562,1.5992198738413816,0.007162253674572052,-0.008983969377120546,-0.0007507287447660182,0.007464166985411817,0.05371543404465387,0.4496309372091818
-0.042396447303383364,-0.011062597661412238,-0.0008769848096048805,0.029328721652512532,0.006966674945253312,0.7050358986344603,-0.0006554283717864276,0.006296942834584145,1.639169291125668
0.004179012708550577,0.06450051600085963,0.022257299609097628,-0.00025071948984503253,-0.020631608970791332,-0.8430258629470011,1.030331406958096,-0.0009225500034544289,0.0032789050780949193
0.0034336941330223793,0.040092184820097625,0.6317135496930384,-0.0011623799891413347,-0.015388496281892483,-1.4453072515258605,0.0012236486167915145,0.00047418871628094033,0.0012963381382650081
-0.0011791285195022173,-0.006808752642454257,-0.01717359109782317,-0.0035539183789706852,0.015328931804623183,0.002369238515270784,-0.008663652615268412,-0.0009101373459031465,-0.7781142035844227
-0.013225298765843555,-0.007130456201193078,-0.008509141306030941,-0.008363401243158125,0.010522840238986197,1.843185445679636,0.0034103169744433837,0.0018405505996204065,0.00040933432614925075
0.0012707205276789079,-0.006787077872302592,0.0009013375646148118,-0.0008147886463539247,0.04051628783991851,1.1705839271411598,-0.1676735936073227,-0.00488560218975107,-0.003866672146495412
-0.003956538097694237,-0.0035145858438522005,0.011128639031430555,0.1034303463387497,0.0009090383876556155,0.002893931625860262,-0.6053538345267201,0.004567474466250207,3.263465834543837
0.1821234587277566,0.003372229535540675,-0.0294013867407312,0.009588429794853984,-0.01305824962692459,-2.001223678130549,-0.0015471827477711864,0.0005355354578493177,-2.4052565038229075
1.8399527320052793,-0.0030398264507402774,-0.0016745766149013405,0.009941910969725106,0.01904984286049732,0.004502884527032222,-1.6756039796993099,-0.0486398520328549,-0.010118883436369991
-0.0021995617267206525,-1.5024499792035144,0.01365309149630738,-0.004987569005191392,0.02553377928146472,0.0018043485232089153,-0.006271660165721756,-0.2641142202231508,-0.0007768830525554183
0.012738590794311529,0.06842178411535642,0.00639319023188652,-0.015140641665050978,-0.004066177389749629,-0.00321272303872002,0.0016492433392233832,-0.0026274763311863935,-0.0058447060939116205
-0.0012212617517810848,-0.002690521822438621,-0.019164349023171993,0.06275444327629494,0.00042552357541411796,0.0010832517076910858,-0.0009188177639043479,2.193323050171814,0.0003947174674857508
-0.009319127054837827,-2.841244916386012,-0.008061168325194615,2.733249918432887,0.001522613266735369,0.0028267301459919962,0.002741172632086085,0.004444876932562587,0.0074723433931782185
-0.013545751158881274,-1.9527192645821465,-0.05391126554470688,-0.004092673820992028,0.07953922104606598,0.01607974479573504,-2.4922566503147277,0.00560420470304234,-2.3342946767652972e-06
-0.013029884080612151,-0.00825644411159748,-0.0029956910733826645,-1.7772597892420834,0.011852587097744244,0.010394242612826982,-0.1767222020743027,0.004851482923315624,-0.0041731649790382585
-8.621331588375136e-05,-3.049782373382163,-0.0001825728758289777,0.00040716083554316607,0.020865761135548944,1.8130485269393786,-1.5931001369744475,-0.007043875284609591,-0.0023186112358924617
0.0020207081107218514,0.44592251274569694,0.016037846220071095,0.02776892445326786,-4.626033320477857,0.0003370694402674429,0.01402087738449655,0.0014264497605508963,0.00605716909070032
-0.00500352849609606,-0.0039429024918194965,-0.006704046223234932,0.026551902252420503,-0.0009996207625577996,0.0003340529419792156,0.0008710665626175569,1.6276504632260318,2.468123171907923
0.010118265348579764,0.08552197607548151,0.2763172914715486,7.2676585407743595,2.9673276404312516,0.0026356824134852186,-3.2265546396292755,-0.004510645282324092,-0.0027151630560138668
0.0027582071176351503,0.0050710382682996585,-0.844201777565583,-0.0009578610699403677,0.009513385843549271,1.920294298389297,-0.0004691541869283472,0.0033255010525351184,-0.004816865573379523
0.02999082949601431,1.4893538237936768,0.02946722359455734,1.1847153379599993,-0.02010080522444435,-0.005311931165157332,0.009023116317397537,-0.004245583388729712,3.824002756207428
-0.014570417904828633,-0.015293081201934317,-0.00588453299938848,1.5434761998729614,-0.00012736999510815084,2.1697134755427925,0.010531470957526101,0.0036545619724245018,0.010640719289854217
0.0007878510012313865,4.112051491589494,0.019483906710451387,-0.03088129999003488,-0.9029339439375033,-0.04637826403069517,1.1925985325478807,-0.0021399232086560076,0.0005110206850668271
0.0036204245312317987,-0.0168493775260376,-0.0016619922546441247,-0.0021266219288849017,4.473644717568624,-0.0028515775680745398,-0.004692498750528677,-0.017134607710645653,-0.0044443697754908435
0.000497107959113563,0.0051042092087772994,0.007494869257952864,-2.200344187506479,-0.01794519074481732,-0.6355495759718179,2.062600421863288,-0.001970894571106205,0.0018794240986877223
-0.007972489737999116,-0.0036962967622168677,-1.323155372483673,-0.02224593737678451,0.00240306284006353,1.751933970595051,-0.10975462163406402,0.01483691256122057,-0.012706070589042674
0.0007002777746094591,2.1422655747058483,3.9139303344047747,-0.009687997409719817,-0.008451678914277679,-0.002793221329238175,0.0071389719339554625,0.025169150889667646,8.61297518087429
0.011494017789361504,0.00012125868974837556,-0.009561328035012246,0.0026549257810619025,-0.003165736436943663,-0.0055323331209464815,0.030276326202832982,-1.0417334953982849,-0.0016803666945259255
0.007862385120631336,1.6087563067636612,-0.0025855024173521753,-0.0030023074434826504,-0.9007882607473996,-0.032468294376965884,0.01136790977084131,-0.0012229646621225994,-0.0021764093182691053
0.006583470467435244,0.01898368859756655,0.0020816636471308616,-0.008643410575419199,-2.290433406872511,-0.026054186135321733,0.0034168955036559564,-0.0040727313661258905,-0.003952366500140776
0.0034205421953961822,0.002925179959860375,-2.398909317652957,0.00372337473433077,-0.0013206582041177355,-0.0005514668586145697,0.0007226081493778898,4.6631383199427106,-0.005416511487621609
-0.0010268416989325834,-0.00398763654860915,-0.010096847731508055,-0.015090859625230433,0.07027060224664194,1.1246313121030047,-0.009962502030635131,-0.00013353367012951126,-0.008135033329643951
-0.009428893816260149,-0.09616951485417546,-2.301910437033961,4.659914894985666,0.09636279834327058,0.025948886599393636,-0.44108035232459036,0.0004830666124054153,-4.816755721090377
0.005595049665338692,0.012893355949274321,0.03187775271567311,-0.0010833458461825818,-5.807200520187131,-2.0672252690992217,0.0030599116492186426,-0.00831632085101075,0.0030333794395921657
3.721053271963032,0.01574584266884984,0.01196939230521019,1.9291870156177966,-0.03582108760272276,-0.013982003137386647,0.009179832808930768,0.0025893376664916446,0.01986566557917823
0.46308250786946914,0.008503015391834928,-3.221817422110264,0.005649906198573671,0.03761964326930489,2.4232240654542165,-0.0004979655241180297,-0.0017614069233966682,-0.008988445710058298
-1.764308456734627,-1.0676681888746276,-0.0068999838510704695,2.342865442769045,0.008616411388699938,0.07772288044190004,-0.005425148476208667,0.0024956850630512713,0.0011793533367217002
-0.1847146876791671,-0.06823788119019701,0.0008490728753123792,-0.014590881520492724,0.00770748289574033,0.004736839312703212,-0.05857559410003742,0.001033796356991203,-0.0004935344728934447
-0.002595052052226891,0.0002669073579722545,0.0015834799031071581,0.0036624243192220113,0.0007649688006063934,0.0009699855355958406,0.0013223316764349347,0.004684060865104961,0.006559399798163474
1.4284250257860982,0.003469410870980206,0.003976936257611628,-0.003731486166276741,0.00018784440436964145,-0.0018437263797468984,-0.0007385762214966035,-0.6211825642419904,-0.004994939127076988
0.05607445513391354,0.021639498042948208,0.070600189774625,-0.004217361737485031,-0.011551606586521266,-0.02296538948091677,0.00447597004909984,-0.014566581245004552,-0.0021194694627359517
0.019764410937228007,0.0008909451472280581,-0.03451966585086526,-0.0198386963586622,-0.0045732364984532,-0.3075946052468406,0.006004187308729751,-0.02047144234606093,-0.8042626919758553
-0.041058971101198494,-0.007869979891262443,0.011039294874911315,-9.239502307060825e-05,0.0033627851509058226,1.1504804508233464,-0.0022179599034547956,0.0010227111617242169,0.004940862752284742
-0.0024876151296890194,-0.004609993896185048,-0.8774656938117965,0.08650707584609515,0.028498198168871763,0.010019013898857954,-0.003350846683882047,0.00441531851300163,0.0007878330366982043
0.045423967990519364,0.005161021880329637,-0.0008712716686079987,-0.0027229424476916154,-0.006728881885924999,-0.007137168592766087,0.001953843085385612,-1.8155909113789046,-1.9384391396265572
1.239358954381229,0.014562784214446903,0.00397349049121274,-0.009440043189820288,-0.006825032864328284,-0.3299871783748001,0.0035389931540077413,-0.003435084625375987,-0.002076741897268048
-0.01962902461347818,-0.007206904833921723,-0.032673343801763344,-0.0003480235959878765,4.805595188224476,0.03239038266839356,-0.00020448216498842784,0.04389764600020619,0.0036799135158676133
0.0016172399320461607,-0.008544402564377588,-0.004653115354622799,-0.001905468782274682,0.16884192908717058,0.001698530296593692,-0.14290270059520102,-0.019858079549064236,-0.024842286922795213
-0.002335313496701949,0.0023317107880678895,-0.0029948166328672473,-3.060416264331331,-0.013331210156922513,-1.5514780291328414,1.7811948836606586,0.00365438227571524,0.0010243993288522393
-0.08839507381307524,-0.0043870728969993,-0.0007487339700724708,-0.015863710212998903,0.007472858751526953,0.004768363047990547,2.4920314498047613,0.009947861205338731,0.00486037235823342
-0.001314058824690538,-0.009189370224353503,0.0023327662621478833,-0.12824295016543363,-0.0004437799796887451,-0.0006550742661095615,-0.007103622723582073,-0.786069888552035,-3.359539972276582
0.20572515868805646,2.801182595469954,-0.00021132994274579084,0.010544651642078543,-0.0015460259862888487,-0.0033944647209351916,0.016884076293885372,-0.007011917143338664,-0.0006002864558754934
0.002925582353664219,-0.007992578839849517,-0.00370548865470142,-0.06570529828139535,1.1438069724764652,-0.0006559911751627436,-0.007272867591107852,-0.06388235984091589,-0.023600054344936183
-0.00549483083500516,0.003466479981320283,0.05891131907566366,-0.03887050747036804,-0.009464747067395557,-1.2252278219200667,0.007831816394555213,-0.0005965814987926533,0.004455861485104002
3.928803729001434,0.012753724181113322,0.009630256825405248,-6.881580940881021,-0.002426379222184069,-0.0025872038010600544,-0.00016309994166335134,-0.00031052062241557747,-0.00034657454964300005
-2.2770792508978586,-0.0034566420775220957,-0.002194684810825083,-9.84770217808649e-05,-0.002125240390532454,-0.0005487161670405787,0.010640216907721656,0.006362807872080066,1.8500256087781408
-0.006197984431700934,-0.011077035206497228,-0.006856545667664146,-0.0003057457519919085,0.9990485021137574,0.007749821972902301,-0.0008334004050933117,0.002247040088337685,0.001613994148326687
-0.006840406346236592,-0.00272570663906542,-0.0012820025838441874,0.005958644603155719,-0.007703769267202297,-0.0008963992624782882,2.3245918416862508,1.4614047521861417,1.4441797645019276
-0.008192724780604385,0.001430282984648621,0.07813438781163051,0.011559818745814326,-0.015095671432643565,2.1448136023162574,-0.01729470470144534,3.098391252318276,3.546837582694973
2.59567939044189,0.005546688725986015,0.0023811531509226663,-3.9447067461155174,0.37327293001901696,0.007273633383220144,-0.0052024215685635075,-0.010585390042783823,-0.02708571912978386
-0.002770464438521799,-0.3494320283023682,-0.04047397800128024,0.003891673188655534,0.013641587079124252,0.00239427092744514,-0.004515422304423013,-0.02450235499156711,-4.465584869571017
0.004847307055265987,-0.007622937900683756,-0.01636963217691718,-0.008121021385102737,0.0030310655047933177,-1.1054177926413689,0.020181376630731246,-0.017443789447128117,-0.0035000565436802654
0.005207244981790185,0.008494692696710188,-0.029758045053279187,-0.003505049091633691,-0.018129162439387475,-0.8091493066233597,0.0048647594777296785,0.0034315405092910853,-0.0034875764887073984
-1.0742923698951432,-0.002626546724259401,0.004820262816192363,0.005164050049871598,-0.002165850996409738,0.000542795691671433,0.001542369503545961,0.00775647948420349,0.1852684590125139
-0.00016710147043587364,0.2416777183574621,0.008744674669265838,-0.00808634927607707,-1.3325875470395019,-2.277027556172575,0.0025247063147797177,0.016926077679890905,0.0012488575952618944
0.009158509444547864,0.006597479961630039,0.006452113412892643,-1.9295240579410717,0.0005047343711631178,-0.0009937890412516823,-0.0013302281362114706,-0.013157256438939861,-0.016070298690231494
-0.006972587478834414,-0.00324850896517958,-0.0051583173281030004,-0.004400627722775404,0.0011117396726312715,0.0013080628308761574,-0.0032788749623189556,2.195182874767441,-0.0025219881244200083
-0.01332746808547991,-0.005809908915714673,-0.0002916477462847067,-0.008195307110391292,2.6474057634337775,2.623983292573609,0.004651664463042507,0.00042882542185918027,0.0035265708518243954
0.2823864287365882,0.007513769925795319,-1.3322496613097916,0.002613138990740888,1.7546458483487215,-0.0010726001711212838,0.0026531121667211876,-0.007292650899961507,-0.012057973156611088
-0.0001299114975293357,1.4368052564199805,0.04652925591817601,0.000979713135633326,-0.012953267681258384,-0.0018138632442413467,0.0019699964930744666,2.007162776577123,0.008352713135448428
0.016090672877314444,0.025581696870045963,0.06187138193821734,0.01280614339486815,-0.005087498551576475,-2.1525532642947423,0.005017686111916053,-0.0024723248350920573,0.003314673669293923
-0.04421560867364747,-0.0735268003219698,-0.009424245043037165,-6.987771025419738,0.010930816815909107,0.003935479194126858,-0.0018263792223676151,-2.8762382563545774,0.0011521885774030405
-0.733476424834594,-2.874842721798636,0.004844517390167995,-0.939232477562933,0.012371355990715205,0.006365321932422355,-3.702591844426154,0.00059071587786989,0.0037175951910594883
-0.015115437615070018,-1.3707291884328008,0.0010161097017065412,0.006763578241878927,3.3751475152131674,0.03510672791317482,-2.583315779771578,0.005970710204853328,0.0067759272177976455
1.9796045327231295,0.011985061844617074,0.006535530358963086,-2.635557515264296,0.0021264453432915387,-1.4044084488829374,0.006760577567803294,-0.02888255485297378,-0.001733911219635606
0.0012676899895833187,-0.033585787070699785,-0.02802526139312514,1.76537003273143,-0.0027887145398478117,-0.0031178053521825552,1.8710997078627947,-0.006269632247882731,0.0002795117236599927
0.006203563549006912,-0.0006353897356578264,-5.941937825691797,-5.923544237918333,0.058691411354748424,-0.0005576261298151711,2.7881095418109276,-0.3297940012283058,-0.024953658842073345
-0.0019722602121419845,0.002046756375380026,0.015191328988037787,0.001914594505867874,-0.002742917850715256,-0.00012642398174765243,-0.0018170214777958986,1.7563065860249019,3.3969363592125985
1.2427091329996296,0.003723497403590131,-0.0024782188121479296,0.003080573685061175,-0.021129505587243635,-0.8677496498117583,-0.005996113498355299,0.0008480076499632742,-0.00906389368771622
0.011277223715482891,0.006148271658046172,-0.20882611331016657,-0.04104242910554739,-0.013193587072792431,-0.3009737771131974,0.009389302826100829,-0.0010624165943415795,-1.222473786715967
-0.008159885147478063,-0.0022707897818316503,-0.01666880302441545,2.089043744667971,0.008506180869203406,1.5497739316436738,0.01452160081232784,0.025344621432933062,3.7212178154039854
-1.1476577347849155,-0.01655966576038434,-0.0022501312201230325,-0.005438190126948392,-0.0061081457084723925,-0.001188652174433702,4.549620785677756,0.005080688975756208,0.006814737647507826
-0.001431229593969064,0.0015975865465871289,0.0009860693326222167,0.035004526803686334,0.0001554032767343387,0.0011473981265086258,0.0004967237097038397,1.3913950186573445,0.006572336764857183
0.010298624441188462,-0.004984886018535522,0.003062512011653057,-0.007750530348212512,0.005924922333219729,-2.860210596365364,-0.020940208905851965,-0.07892403742338633,-0.007691377709574919
0.0009782411517990945,-0.005473805663289705,-0.0006656942442623422,0.0027635280176448954,-0.27840345747162015,-0.007299405550389082,0.005523407582248154,-0.0037220079042641096,0.0028382621810929673
-0.0002851239875438958,0.0070336984709740615,0.014522795641602545,0.026154450720374787,-0.2270373394806745,-0.001118535186619791,0.002443315418694624,0.008731041157393276,0.015116083247099607
-0.00015650616352906209,0.17856944250559495,1.9812117845267123,-0.010895873022364087,-0.008271246791076128,-0.0021141768663332375,0.0061647925054274565,1.3814984953289695,0.006910255877639243
-0.12855042712923312,-0.01663976057009552,0.004571721913595016,2.1524975030806845,-0.0010431511067821864,1.3469763074507468,0.0010206394071963637,0.0036407116463642785,0.04127039041334725
0.05758119308703164,0.02014692673788218,0.0019313669192764114,-0.5739034021192123,-0.015372736891409361,-0.13177752344507834,0.0023869184455897925,-3.8395414697717536,-0.021343827640954938
0.004557145072007444,0.0014956213474962966,-0.002309438717373397,0.00597573219704791,-0.000550409755325195,-0.0003442293468485422,-0.0009540617625068138,-0.001742315463830104,-2.6850237392933183
-0.0016439891428591015,-2.4853448524102335,-0.045970736008719426,0.0023295514515395757,1.0396824159367668,0.006271090579816341,-0.010470429465669819,-0.00011347245507345449,-3.372005905627447
-0.002113959273219397,-0.0022067489276878377,0.005982030177485877,0.0007267083065474311,1.6039134060064335,0.006288293468853665,-0.9787534862872986,0.0007291924544051758,0.0008041130162859556
-0.0023612569952807996,-0.005536930234252113,-0.003774121440683774,2.9686246521791433,0.013642993177590011,0.014269200526520018,-1.1635283449212936,0.0030348425845851687,-0.0005148340172639876
-0.011872067811045845,-0.015526012708130487,0.0017343159135858044,0.019117462226405514,-0.0189100833196732,-2.282361263320893,0.04144417587752097,0.00045209032481247687,0.036206607224179684
0.03675002786514442,0.0005150404100536937,-0.0011628338169324196,0.020068456195599632,-1.8756423433904459,-1.7247656906889954,-0.01595678754251202,-0.004821609467854371,-0.005624491171379649
1.226799382029952,0.2798490601232465,0.13504265936143606,-0.140311335216243,-0.0028066076590726186,-0.4299073434185392,0.012471594080344248,-0.010542791334186763,-0.0003459024567982055
0.0017685511948812467,-0.03708848877512136,-0.04347497959538397,-2.1022782563719566,-0.0018167135973730755,-0.001868252085167662,-1.5966493574491374,-0.0022186649441332325,-0.1771174784294442
0.008091421860142344,0.0011770512834896384,-0.00027405085239641264,-0.008182717800257238,-0.00330592600449038,-0.00331216751331788,3.7499630281086736e-05,-0.39743941970915736,-1.135053490621313
-0.004429676295470586,0.0036371869897266484,0.06017596515735563,0.0026782876789643965,-0.9783258762204788,-0.00017112068792646262,2.349519188942198,0.004146093790674888,0.037547565182271224
-0.004742171025953812,-0.007053006143154794,0.0072876539590991316,0.006965119404650985,-0.004973577726211344,-0.0005692565980987829,-6.71585224026773,-0.0002719090231864951,3.216629832746906
-0.00759739062403772,0.020668184498058483,-0.011814701281197115,-0.12019417969383339,2.8086542653942597,0.007053016002270339,2.8236524422296694,0.02198669818525778,-6.492614052148484
0.003883306984186933,0.026483409366093086,0.0002736329494457837,-0.011304628352862538,-1.9429440178520776,-0.0076394805629113605,0.0009194043754577346,-0.0005260814428344309,-0.004192830825130522
-0.008280499987728812,-0.0034729088004742566,0.0229917306174921,0.027036517367473624,-0.7152121030572118,4.087264775614543,-0.013159987714434385,0.009647136484949914,2.7618500578708005
-0.000494579278780577,-0.0030836401394136667,-3.9565743648702782,0.14511450558715944,0.0021812066808684157,0.0016142286913751747,2.320935374719957,0.0016425121126722128,0.0038423352537407312
-0.0020915846012016757,0.031313956700303125,0.0644416632956487,0.003541880646832627,-1.3476179014030607,-0.0007639665691547212,0.0128436981657356,0.010404941219227198,0.6416489783606534
-0.06403953433383236,0.002566756819264635,0.021491181357068845,-0.00966669636093398,0.009626061865258162,1.7832454826357578,0.005073501519705009,0.005949528948647878,2.184882225038533
3.1843072852356435,0.014452601542726411,0.002105390278601923,-1.054470931989972,1.3331304105772488,0.001543959826546479,0.001058468989123415,-0.010492616598217945,-0.016052200699582464
-0.0025054993457053493,-0.0003657560405649629,-0.004937359983955754,0.03876964863510274,0.0020491205227853027,0.7274833918141228,-2.1720037169617727,0.019283243533616837,0.0016442754062387895
4.632539572816205,0.003111748052601865,0.013667555085890588,-0.025703461740408672,-0.009257021791537867,-0.5062079289383068,-1.370655310471692,-0.019321706022800804,-0.027470525984768512
-0.0003224170060730563,2.1193174883083516,-2.4438580444189038,-0.01878206432999545,-0.08859388758081672,-0.007437296404608607,0.03435166379340085,1.0633731981249206,-0.0005720432696586944
-0.0016975940148883893,0.0015054355153617592,0.005540322220934332,0.005591683131426439,0.002104617773361044,0.0013434188015890563,-5.931370725341156e-05,0.004083233105600253,2.341121585501559
0.014631687105767626,3.5936268347836893,-0.009049976113835456,-0.0013723769108603965,0.00010774169407967715,-2.2926294172802604,0.01035248456748361,-0.000143912206584316,-0.00265118507244292
-0.05107059287649965,-0.008693666813182637,0.013178650720535158,0.00031655210380102106,0.002795181816776332,0.003348420265342168,-0.03679874678074099,0.010078790789909448,4.003619212851773
0.00034731108250622006,0.0018538087799604827,0.005677860269538605,0.002273137884668687,-0.0014532103806481939,-0.0003821593705342339,0.0007116713508584151,0.00015777204669754213,3.900275271573365
0.0034825580603600834,-0.008589381573209404,0.0005311282083552936,0.04140152862032896,0.011378963879189935,1.3117478759848769,-0.016636114018128895,-0.004889309350928385,-0.001090401472492621
0.013825664664528666,0.0050531287343541335,0.0044648547873657116,-0.0017705512840502076,0.002834091165434982,-1.3332514018191512,0.0332208551153525,-0.35549660499892605,0.0005369976909157699
0.006247605442151534,0.0015253223393580687,0.01199343114763822,0.029001451788536317,-0.011364350960111624,-1.2874236586905965,0.0032006529641178394,-0.004178695425073884,0.0038129170494917517
-1.0750045282695555,-0.008045407142433285,-0.0016164936285754006,0.0326214408009434,0.003032491113301167,0.010656526802752813,-0.0017376756917002831,0.008429241051938758,0.006783052365191666
-0.00017993263295029358,0.006388533869248002,0.001514599173682461,-2.018750335382492,-0.05188317120956835,-0.004282000697637052,0.0077332224889372775,0.04177933783780291,6.142733717386855
0.015611766663489544,0.11245082287360741,2.9035694586047844,-0.0034546750033408614,-0.4337272120808365,-0.06505947454081204,0.005602507218417026,-0.00484239828872473,-0.003158789589639854
-0.03580006026121306,-0.00250684064810513,4.486112711341817,0.0026057332336529735,-0.0008057229757168771,1.3663072115564439,-0.0014934178306809792,1.3661152935104894,0.014925838399735575
0.0013096330502917755,1.286677583191158,-0.0026251980245158638,-0.0054997122179498495,-0.007869184929794742,-1.510865172812011,0.03143947425881838,0.004859822740353777,0.00033599623206245245
2.452367528538449,0.0008628640205840246,-0.004051406891730966,-0.022835013273494076,-0.00083774804810079,-0.007847438895086866,0.002875963071541931,-0.0171630315491466,-0.008034247664388997
0.01309313510937235,0.006500656646806305,0.006382332160095303,-1.7108612326562027,-0.022391412884574552,-0.7227828277100679,-0.004135040417412181,-0.005544855556382851,-2.252498110752978
-0.003063407188943614,-0.0015696360058830641,2.661212451796053,-0.004903681304118293,-0.007889013053383333,-0.002698890086196464,0.3785336264923833,-0.0008096267788622693,0.5662633546234676
-1.7283755915924703,-0.022428993391331642,0.0038578324020859256,0.007354368993121988,-0.027171093918885808,-0.0012575485775023765,-1.5747537751358105,2.737915222784001,0.010164360134855305
2.929341746405906,0.022742608228667444,0.0040038330311885665,0.034012970604756707,-0.01245410782947895,-0.006341328343335596,0.5025070358055059,0.002464209412561211,0.021357267319135648
0.0005174049484070568,-0.22169098239550622,-0.03162060053907276,-0.053497002868536904,2.702954500560116,-0.0007295072298955374,-0.028997248358045426,-0.005419023270997107,-0.5102885968087516
-0.0008876088412096447,-0.010102385160336479,-3.8860689435960283,0.009666192239092639,0.0052302651295895175,0.0014760574511302792,-0.0016182395733305372,-0.0024369964638562285,0.0006762430542008053
0.0028431804714286572,0.09703249027130234,7.036944743325783,0.006670230187039934,0.046683639759695195,1.0102403486898346,0.0022264600465161377,4.7859779016474855,0.004598994188556971
0.008667953465853584,0.026358030559243684,0.006124391102578654,-0.021470157334922576,-7.738125896325657,-0.09424661565957315,0.03291607414370511,-0.011462159918048888,-0.004450886810316912
-0.0017506074319386458,-0.005299927349036584,0.00192128659285206,-0.0034766399817879046,-1.1148016655596074,-0.006121764315708005,0.0013056661328185882,-0.0033112678667016476,6.651182353481418
-0.012699189361684468,0.0023726718055618184,-0.0013361234173419883,-0.0005682290002528897,0.012350843341994568,0.027075610254711557,2.495091978436019,0.041547083656566786,2.7923517651401815
-7.362804285344926,0.0080612733299575,0.0012152726110448014,0.04815581553809453,0.0050705326483562185,0.42666356639123815,0.004517773805054748,0.08203540410972249,0.7609887457040516
-5.339449329107598,-0.005196005587306276,-0.02576472538278446,0.004975222885894794,0.019180271414223293,0.5099528866776786,0.003685237704898703,0.006673517087084716,-0.0007524807788264892
0.0008051811308647724,-0.028244141925296395,-0.01703486234531067,-0.026591598382304373,3.494150817831965,-0.0011008870018162226,-0.029538236472468445,-0.0031217393211168763,-0.014062300833212003
-0.00915723608020741,-0.004877852658950466,2.309449887121094,0.0004316692929117183,6.255708847700696,1.9238968246414103,-0.0020048183773429887,0.0003074037611492386,0.008604663495052588
-0.0009475007722236362,3.5424113703569935,0.8614050064796519,0.0003191888193819631,-0.021996819354888286,-4.883465958369952,-0.005966126991274523,0.004226239496503088,0.001517717087075758
-0.005511270287717973,-0.010250958967973095,0.005102501745153663,1.228127950582199,3.8527972824385888,0.02077687514914245,0.00023042564121829073,0.0019341299478790805,0.011977140726343219
2.378931654506344,0.008989785609212753,0.006670052500976371,-0.8822991637186648,0.0021721207595056663,-0.00017622292725829176,-0.001508070378185497,-0.006878700583997652,-0.007077502782780319
0.0020337740400749953,0.08077483134650036,0.007513212239530718,-0.0036381512124142226,-0.0017497951240810522,-0.0009377964189886359,0.00847280673965533,0.0009459108961808189,0.0017915227429740467
0.00426653654814067,0.000596269484932048,-0.0025909633304408188,0.022393920223148678,0.00041152286928167756,0.00018048571776222181,-0.0017911735840500133,-0.001792873640754429,-3.634583498791557
0.025060068310828826,0.012838286953451525,0.0016070311618374222,-0.0015998439812117,-0.012116207026647391,-0.008102769148762963,0.0030389263411364597,-0.0041048701821998655,-0.003844954983858698
-0.017793524678657587,-0.007444092185801367,4.0761438265124825,4.4491079347514555,0.01207312449148646,0.05684382297348442,-0.0031036517796875687,0.008364328103438989,0.054091443486466884
0.0017833487362353129,3.3267857786432806,0.0034545137172773133,0.009762176507482706,-0.04645500521442747,-2.148147105396708,2.128986204958288,0.005444190230463608,0.006034480205544705
-0.006697207666377952,-0.009673441367538563,-0.004862533844631423,-0.008546131872404793,0.038368203940405854,2.236975950658287,0.005125998673792695,-0.0021245961563052,0.000210381589438053
0.001353063587497403,0.07184491987089547,0.005688077994956319,-0.016041713843165304,0.6388245507062232,0.0034109862842234967,-1.4547552852787224,0.001170385050010215,-0.005902165649104427
-0.013411231573120574,-0.009183033667026011,0.012668159036206699,0.0245384578029144,0.0030987994681045423,0.00882487785185293,-1.6517325428874066,0.0023740751454460335,1.4293591708954583
-3.8404772133179165e-05,-0.0022572593325955485,-0.11270246569729242,-0.0037655085610235977,0.0005307693379385945,0.000121082387178491,-0.0017573668981844615,0.0015186519197223614,-0.007277849358710692
-0.013715318842515046,-0.0021408585431118387,-0.0013015752116930339,0.006263068582584876,-0.0007395772864758343,1.21963892976764,-0.0013546127208769049,0.6444622842523727,0.0034782102865706793
-0.0032322158305407647,-0.023600598802886008,-0.08925588515821903,-0.0030528814793825756,2.231901826062972,0.004843753851210983,-0.013252257344785386,0.0023701516828107715,-0.002874842072383827
-0.031081704600720732,-0.016229705153840337,0.0022532928800519728,0.009318385590183926,0.005378669353782201,0.8305997546603825,-0.00717965752340588,3.3606214541467296,0.006784022644566318
-0.042451227531104196,-3.3355918482476192,0.006288604340279252,0.008595538585414161,0.020591700495602605,0.6340747695909481,-0.01128873807874406,0.00037428069072957537,4.567075189425667
-0.0018068205457059737,-0.0015546545846035955,-0.010693989420008864,0.00041261485713210103,0.004423108216023085,0.003678010523398858,-0.006193865955403668,2.482283287800677,-0.007339764148884292
0.013195764971024686,3.5628538908273635,-0.021079338710362792,0.0013016290312625395,-0.0002602323728974343,-0.0016410286137615905,0.011290222180906098,-0.0005806914679383653,-0.0030926162259526787
-0.17960582292526617,-0.033223899487074604,-0.00190771030460056,-0.0025496792270812696,0.0009751728047963613,0.00208297654502107,-4.211047345591225,0.0002320332541621839,9.533662476772063
0.005066892905980506,0.006154397559992408,0.016681257498866873,-0.004052257406582757,-0.042739719541860545,-0.008309406400354963,0.007190964437025332,-0.007815456258418868,4.005183716085933
0.0017869198750420506,0.001015691702382568,0.0021459465784622778,-3.2256312390520336,0.0005199783957893457,-0.0024440715136978403,2.059143937670056,-0.008294839679037116,-0.0009138782861902485
-0.0022577983616803524,-0.007102240374498717,-0.011045019118760532,1.1946809383596113,0.0023546548382026456,0.0011581543130092511,0.001795575651150052,0.0008706306385816258,0.004086548701945347
-0.010333673417761258,-2.03257268711957,-0.012668314253987956,1.906797468253406,-0.04089775767320081,-3.327768776270088,0.022004159788218014,0.0015557259118769498,2.932454538670255
-0.011315243885374582,-0.7169931636138109,-0.011126420902717947,0.0021953063501759518,2.512315816518033,0.7754665502899911,-2.3584373693495904,0.005114627588221121,0.001294830772575875
-2.369101168032667,-2.137990263969929,-0.005626165359324319,1.6820792651640095,-1.039378158638692,0.0008505569126059931,-2.4540023300848723,0.01374595710536973,0.007902473080100073
0.0010227860552778373,-0.0037018428249738188,0.002606526729287701,-0.007005250864910294,0.8774352121338255,0.0017346985289193092,-0.00697743724766888,-0.8896354022808675,-0.0060204691961989465
0.003217834987914353,0.0049102168752314665,0.0005207727920851735,-8.035167103711821e-05,-0.00029992976653030927,-0.0007226526920792734,0.0032526678699759744,-0.0021199029716269585,-0.0006804322490606205
-0.00032287589860609256,0.003236527668059222,-0.12824313426845618,-0.03778146631567797,0.00791022782816769,0.0009017708635606012,2.516100305532507,0.0028590864473531374,-2.3278859678482737
-0.000734362618111925,0.11706203034953777,0.013064247905059327,-0.028647476564784696,-2.4289913518585955,-0.0026981277851076263,2.412005736811944,0.002043209448607695,0.0005133725476995886
-0.00034539728555542056,0.002117505486399062,0.0036089759089358705,0.0024471370828156266,0.006013282207419907,0.0031879625030644277,-0.19045014117766576,0.002138585993893733,-0.0024438729217858383
-0.0014881929028958997,0.006403434357895962,-0.0012755184150806513,0.007343797133121535,-1.1226829269925418,-0.00029320381242447374,1.2462003816720542,0.009399520641943424,0.005202522007831601
0.004244410480128475,0.030527944790096934,0.021706488113084805,0.003041981831318069,-0.4896167771100468,-0.8222643236196663,0.007384764798066039,-0.00017069292554477457,0.0033498325520127854
-2.355384754155519,-0.011233985929829632,-0.07919607132702727,-6.132518841857486,-0.0008109308539827626,-0.0015614601867901929,0.044097345259570035,0.002563249293810283,0.0054258625124407565
-0.008323218221697758,-0.010735402937826988,-3.45888733342407,0.002746798756333095,0.0039149696736050345,0.005638645320611424,-2.013061901091153,0.012566860887296305,0.0038540585362088417
-0.010052235475279128,0.0029220864584229775,0.020311841705075308,-0.010492299748155135,-1.1571854083094328,-0.0036025310204021097,0.017753970520309012,2.1163134471390643,0.45667196909043706
0.0012866491833175633,-0.0018145708680979145,-0.002565748106874666,-0.008604418440698171,0.0021528259263726077,-0.0020181781874772375,3.141917889065181,-2.7186939636994953,-0.0033506505644315676
0.013633205448446102,0.004624356137164463,0.01155911887249999,0.008148754568005871,-0.0032228978005014834,-0.004919968140939923,1.3690934308699163,-1.2720582291002087,0.0036072790626815706
0.006153791042461032,1.8557334304380375,0.03702165747792249,2.812747546931676,-0.8452711616005617,-0.004666987594187141,0.0018774533933712811,-0.001313781872442527,0.0023479050081804467
-0.9591720426844667,-2.559699935425736,-0.004980142216191766,0.007095806400766453,0.00729516777140328,0.006375552225465245,0.006147526832904135,0.00288928834891275,0.01352578243705584
0.012181074589415308,2.2001856064116416,-0.004783347636409025,-0.009236200414392506,-0.0068301067636771726,-0.003704693707288954,-0.0026749241803689303,0.00020452784809437357,-0.0263787907776442
0.007311799547729508,0.014723587916691226,3.075106076568374,-0.03772444942857678,-0.001120642232379497,-0.0011901567586141103,0.00100018042846993,-0.0031473842859262996,-4.691783342080216
0.010573895013624476,0.007006222583769303,0.01133388782587455,0.006301061934060055,-0.03141114903636233,-1.184774757037883,0.03487611454836975,-0.005321474180558852,4.818397169713787
4.177468074429342,-0.0034505787074209926,-0.010766597120443477,-0.0027035752544043723,-0.022005187096569512,-0.08477889310547093,0.005974964899036372,-0.005275799534484538,-7.2587503237357165
0.00271661677998845,0.06855645586273715,0.014885479181538978,-0.0006562761535411927,0.018374246756391988,1.9037956164408856,0.00517248669794193,-0.0007194258080067662,0.0017257461696531667
1.8514701858502887,0.002900922904014748,-0.0072759609711288255,-4.319318812851449,0.004983737624939536,0.0008142311965496737,-0.00016790820935697753,-0.005476271924357966,-0.022125165108561426
-0.06331915736072277,0.011553454889193007,0.013615641081737628,0.0007124739597836102,-0.007684068479703654,2.2771909835322206,0.012238370269672866,0.21517204009996016,0.03650533181496196
0.009526530037529013,0.053023472235307595,0.006328020332058544,-0.0034508666288707327,-0.026532876651685033,-0.025219767305745447,1.3779900837043138,-0.004174651690073777,-0.0021279454035301017
-0.0009189313823027671,-0.006998182080839535,0.0068680333158985625,2.3388864245815055,-1.7421474017886394,-0.001535368557195431,-0.0017685836529820103,-0.0009308639909440296,0.005790939444561469
-0.009577397915361371,-0.0017120954528446197,-0.00307691733068073,-0.003991090488548201,2.8738472197435736,0.019694878847947073,-2.0663424333304286,0.01417699154230842,0.001705379077775425
0.0009000163790917996,-4.539808562783573,0.0005656086403456606,-5.33926547285672,4.18098004420154,0.00017227336352773626,-0.009805859892608057,-0.005152319107517563,-0.004850409087357316
-0.0027681011235781094,9.888967201557557e-07,0.000996721060733766,0.007291919292304102,0.00510109347995877,0.0066194585862049075,-0.07802120783389312,0.013307135026552595,7.415010403271651e-06
0.02716528284845016,0.005630477374061809,-0.015551022549258069,-0.0033483561047683514,-0.009006686276786044,-0.06612994506641168,0.24026161989666545,-0.005225331321579372,-0.005758531333764807
-0.0036172790157577685,3.943181597711222,-0.003897823109881439,0.015720206514160836,-0.012308419998908929,0.0004406849254353659,0.00885183269328936,0.07072670876737674,0.006766910983918893
0.0004475655731936701,0.016727538060930608,0.0033697133503590624,0.0843863034549423,0.0015291842266732907,0.001626523332136292,2.7340541474160833,0.002247554378502324,0.004806365407163012
0.009105081626643016,0.032161336861962375,1.91764702823706,-0.01973329191012573,-0.009254623272525131,-0.9818930904401711,0.006436377215370839,-3.8080967760824147,-0.0006254418187508493
1.809639271023326,0.002717791459464953,-0.9730523488019491,0.01063959377746428,-0.028666017728092852,-1.5615845269825899,-0.00033768622756293054,0.004545352590307491,-0.005433598079191804
0.011105374590156064,-0.010022129389758397,-3.80294296774011,0.0038329523545460875,0.31412042153075603,4.977506387599782,-0.009365990278507375,-2.911475358979928,-0.018415353266977488
0.0644945962818047,0.30104981016229887,0.011687795741026318,0.004163606400535813,-0.005940700842595775,-0.0038483857331416847,0.019539934497441454,-0.009071118962366731,7.437803476299716
0.004374254050920734,-0.004435886681672059,-0.007219810115387874,0.0015404365398115271,-1.3647169988757455,-0.011178579359299168,0.0006050567688789899,-0.004485021223635438,-0.0030090549180995527
-5.366527396373819,-0.007308194966653997,-2.3310174596856506,-0.00400419246164912,0.0005296605956177647,0.0035916835227487176,-0.44599756457416695,0.011379174503942088,-0.02133998242772911
-0.014460475768226618,-0.009912125192237964,-0.0006628432826886362,0.00222189891469493,0.007865445906869259,0.9558557842760662,0.0011470465423241982,0.001561279234138421,0.003792748517099119
-0.010922598451268476,-2.0560706538621907,-0.004925706130419923,-0.005624494339797928,0.40150884583680946,0.0241609735066136,-0.13849085862690136,0.002676431408282017,-0.0017539759351252566
-0.011701167461324269,-2.847754957318392,0.005775175589355468,-0.019970772023381794,0.009564356548601563,0.0032661102541383016,-0.05665378350125319,-2.0714944523989693,-6.787940646781049
-0.0005928973163997625,0.002516167199860614,0.0014038512945980172,0.0005061282716014998,-1.331101150722258,-1.413218628723186,0.00999803832876954,0.001497919793576441,0.00401342496839736
-0.0069195126646884875,0.0034150273565294043,2.1137445420812426,0.015191578076458434,-1.7225973046885557,4.447411971431409,-0.0010023959375311392,0.026405509452382625,0.02037864442471396
0.00983863745009485,0.0013747705992521063,-0.0007768730415279208,-0.0007275661262013502,0.000563063052515328,-1.191613591296358,0.06931294852009168,-0.8539054799967748,0.0004202638809671297
-0.0028742064801496603,-0.018812020829354736,0.004246032793399816,0.08877268534931534,0.7713816447012871,0.04926902306691025,-0.04785244781986499,-0.0004082882357911066,0.0030367088853624144
0.00805169675145985,0.0065201125352439,0.0019505559533576592,-0.0015064047338407497,8.853014967484281e-05,-0.0006727261847177534,-0.0008833713711465392,-0.004046856518407889,-0.00750808730855072
0.004795660957492946,-0.003033322075187774,-0.008142737339500274,0.0035871282409177105,0.008150682571938664,0.0006559141985923581,-0.003463653021001923,-0.07955390465243362,-0.017096389616182303
-0.009579721240379424,0.0010713654130482088,0.004535169729434661,-0.8582755083983566,0.001001840635499773,0.0010108670327359306,0.0007555237087068217,0.44605355689562587,3.11128316319643
0.009980851841151411,-0.0006972721117184111,-0.010042105137437274,-0.011353281819182316,-0.01587620370250821,-0.06762345044429963,-4.18228729854598,-5.834126711073116,-0.08085173463675344
-0.010752230842416579,-0.9951429885944236,0.001470976762635621,0.0011602571087212857,0.003366875543101164,0.001219707061039253,-0.0007758935519492464,-1.8034308079338497,0.006328640724322349
0.009391708711325872,-0.0027297873179233673,-3.617496833593417,-0.10594286877212257,0.020649696229898873,-1.8259809255490798,-0.0009040856437859818,-0.4636114748486584,-0.1587786269414897
-0.0003200576844075097,0.004788567984396411,0.009575663380390002,0.011285453011242157,-0.05587067150579905,-1.5838400196087106,0.006607475979934177,0.001442658352355834,0.007453494131132174
0.0047194810232762206,2.5988622323599913,1.9846233714253825,-0.002035886338491274,-0.36535930205995726,-0.017080991076434585,1.0746328228179056,-0.003286780666866891,0.0004923503884691847
-0.0013636162482496862,-0.008093072150785216,0.010203779295062707,0.017158576947252084,-0.22248224033966846,-1.9617159644160878,0.006078436025878736,-3.665478390194441,0.7950379989473584
-0.002619908483343522,0.015377362868018163,3.836090383674539,-0.0028388843800774416,-0.7459229720174267,-2.128432422389279,0.005791521747552389,0.00677551746716612,0.005694190237962263
0.011302052567458754,5.3737192843707575,-0.004638326937550133,0.0011887724211526313,-0.004139956268857381,-1.7738782352461198,1.8951669203861918,-0.001095947244051848,-0.001284291896260708
-1.1839492579398199,-0.0019433991951840757,-0.009179540680926676,-0.021724764055125783,3.006224501087455,0.0074968179815109726,1.3679544009944482,2.111528875918804,0.0008824923610648572
0.018766015441743666,0.025276143715828658,0.0039834942543408546,-0.41682237728816723,-0.0012598304882113324,-0.003226392253124456,0.005352571734370594,-3.2373483380616177,-0.004424131729551119
1.9168146700678594,0.006131177958446754,0.25068154916654695,-0.002170563687710219,-5.753314718805017,-0.051731202814703,-0.07456597493273019,-0.025843676184585718,-0.007887958282697042
-0.02620405886608996,-0.00029449855356828737,0.010970352082501866,0.007572869848934179,0.003399086613503681,0.2386293632111239,-0.005175510521787687,0.05770137905063089,0.011242662490766272
-0.0059286267461934146,0.012190919519520983,0.012298925785071416,-0.7987151420980086,0.012375137884813432,0.4357757169441183,-1.241427328060957,0.0062706243567058565,0.00015049037125462565
-0.3517401214932891,-0.014536345883999475,-0.0015796397928329597,-1.5078323169885997,-0.014717719750468261,-1.6663778647580232,0.002927406225535889,0.0027227795632614616,0.0030520854769630623
-0.01788494885712629,-0.012060559332630082,-0.025993603036223445,-0.0036108955133758616,-0.0019027588418058794,1.937028911985264,-0.02485942600202129,0.01396731243860749,-0.002591139002459702
0.0585146895802742,2.628756940859805,-0.0007818189739674797,1.1693207529371121,-0.020623412811931155,-0.007181524956498843,0.006238614889454527,-0.002527720374118254,-0.00011029310401865612
0.041181980388527384,0.005507405454286435,0.007836650611812684,0.02027076389544813,-2.688252215488653,-3.074850892773327,-0.028903768442945038,-0.006981442808985494,-0.0037137162284915926
-0.010517514074967352,0.00107594563070961,0.0011321874701661835,0.014567142949392785,-0.0029286651763204413,1.2467625579829371,-0.00010256150828596988,0.3946265277121413,0.005948427682780661
0.0005827279995278614,0.004285780794931922,0.012485190330961784,-0.007892973302506455,-0.7412745464762531,-0.005602945874684269,0.003063529359132877,-0.00030917325939235074,5.312599147294382
0.01452979851775454,0.031238859042062604,0.0014571710606175493,-2.54646653289252e-05,-0.003116551257565686,-1.2326416615793523,0.026548147211152534,-0.0010531929021037627,0.00039172086622077384
0.09344915746468146,0.026511196174397865,1.2042661255465248,-0.012016593781946902,-0.01577078490924022,-1.0811093637323221,-0.003834779831510149,-0.005293746673808178,-3.4648196450281286
-0.019833025469886502,-0.027960757067074484,-0.0025348780279320364,0.017139877575548475,0.0036971229765314635,0.0042142366440847505,-0.002825549980689727,0.00455410147029972,0.00746780321874122
2.055377342538898,0.005467302353427332,-2.205197855644176,0.0036714885587448786,0.0049822293404304385,0.0009827414354240441,0.0026256449102395087,-0.0015027768525305131,-0.004083462972409815
4.146211190035805,0.005825358651198503,0.083550983479795,-0.0016888247325602661,-0.007777244930567917,-0.007467455931358338,-0.002024589027561925,-2.0847695128001758,0.0005888672149790691
0.01042730856002599,0.002194137937086264,0.0044726120964717255,0.33435596016476143,-0.3416992290338103,-0.007840073013283183,0.0017426122401882245,-0.006390077954203372,0.00043330556391769025
-0.0012469252195769255,-0.0005659970761838981,-0.0104055780064993,-0.003614810975030756,0.8738381145921175,0.004035202945032918,-0.0027058394702669797,0.0019044267661099327,-0.0027607520675309617
4.047695214693996,-0.01725402010859967,-0.4917519883613309,0.0025380953459367382,-0.0012361612590343837,-0.0018570288613344586,-0.0044103483741962865,-0.00257017199275726,-0.04168452375733889
-0.0010159400182941838,-0.604375359924982,-0.009063072233290618,-0.002047948487536247,0.004127002331329387,0.000987877030479797,-0.016299462695598926,-0.0030240753387487597,-0.005415302326255027
-1.3337244934855859,-1.1595028287902522,-0.0018580996810653727,0.004610965744491659,-0.11246376104698097,-3.179988571030959,-0.002318043968422334,0.004403011102533527,0.004323477601487633
0.004997837862891049,0.008593414080064678,0.008641706668690671,-0.0011552869486412477,-0.006802959735779601,-2.317179900155018,-0.0057198389153618745,-0.0007916924602743066,-0.0014900701333725556
0.0007197854467802522,0.016048585097501455,0.00534026302092452,-0.00035436863462981125,-3.398988855497334,-0.002841876625839887,0.11402796720945149,8.42861446761177e-05,0.0025757408213487364
1.9722170070012288,-0.0020428849619952977,-0.010178934795731146,-0.000949494770856426,-0.0026432037206936994,-0.02651436625183612,1.2325683347281813,-0.010291633368872212,-0.0034628524558342685
0.006574384699295777,4.408871332416567,2.6131108939439684,0.002910405840548018,-0.0023292521567713775,-1.8404518075576395,0.6784358400102999,-0.005996488958746007,0.004558223936247636
0.005427580107281159,-0.0017385712377333204,-0.011916534585058897,-0.0005495073415676443,1.239288481472947,0.0023616310939876296,-0.007508506371014618,-2.9074291843826634,-0.12291456729197314
-0.17225229624899419,-0.03238576589775255,-0.0015179655337225007,-0.07821205415958753,0.01615254888077549,0.0035655717155734304,3.403874555299761,0.0018038835663746924,0.003391825060818334
1.6150113710279108,0.0013532748213155245,-0.9538744479508738,0.0014671486158598895,-0.0036538479862227545,-0.0051752244212730746,0.002120026360946811,-0.0012496542339771517,-0.006807836707459471
-0.005714980371044698,-0.007085853815860521,-0.00045407157154441803,-0.006892460068669833,0.04073429717200294,0.667808746387736,-0.6718768304505789,0.00099686088507942,-0.002179249649985522
0.006561301108339922,-0.004668118703430828,0.03101462129965843,0.022553092633045755,-0.007850819471313497,-2.0149487619642965,0.004466513332428895,-0.07971261150244371,2.658938599859633
-0.010772799442804433,-0.0032918372260579915,0.0017550763033511267,-0.1138892520947838,-0.01053213743956749,-1.2123532687057101,0.0035836458471141114,0.0006680320363780225,0.0013247215960048853
0.0030290400256939337,-0.002295906284993721,-0.002551357243286476,-0.02915413243680917,-0.00871649124286953,-0.005124536707148719,-0.003332951151148964,-5.780848732090312,-0.013908091579972415
0.0115981990995528,-0.004166533333285455,-0.002499904891755167,2.2882111938420224,-0.0030482491867221025,-0.0025886007145276765,-1.682666256373331,-1.6532776159446505,-0.007170342744673784
-0.007808991343933761,-0.0014966955284422805,-0.0032696474722530462,4.5006478153596685,0.008180192539377098,0.006448534443798279,0.0007160690468915321,0.3679856437772976,1.873849168779329
-0.006812584838885916,-0.017227741451457897,4.244788626620907,0.006744373686748765,-0.00022826044765816844,3.565161577871223,-0.0029415104796232105,-0.001564444145161551,0.0060146982520744435
-0.0035700910861976914,-0.023546576019911752,0.013648474075584317,-0.001317209798719958,0.09415761399875278,2.0718457042172216,-0.0006407717938693158,-0.02844099471833863,0.002323852200977007
0.6964938942646884,0.04169292549644754,0.3991110622050722,5.911435530088529,-0.007532046980755941,-0.005964041812699626,-1.9889063584164157,-0.00611931192146504,-0.0064227348843372105
-0.002506395625045555,-0.2497335756996426,-0.08103730130315992,3.712787254356656e-05,2.4733193065127166,0.0039945019496460815,-0.012305969860591504,0.0010505289217006093,-0.0021207954825022118
-0.010134270818231622,0.00811844507316506,5.426939257982329,-0.007893823902525174,7.680638897247787,0.008489225308586978,1.6825471162106038,3.319890298221057,0.015852441864231237
0.0026415130114222415,-0.0072781077973547575,-1.763915825188298,-0.00015543567056468689,0.7332451247545704,0.0028980034355277386,-0.0050656637666332115,-1.9032561929494631,-0.033388721259698245
-1.365060949599216,0.00256459079295914,0.0031101150765544426,-0.0010459732791748264,-0.002314084312774219,-9.109499345181829e-05,0.005257729142852295,0.8578555675096461,0.023045166038944867
0.000300147946320866,-0.0028814751071719533,-0.002852783488664127,0.010210168812566582,0.6546756780915807,0.006991239133008868,-0.013705187890998349,-0.0014788433414579458,-3.980198719082222
1.4078499331748553,0.0052799568041882825,0.0036156295986506755,2.8144878644122184,0.0036994467331185853,0.0012155224803850938,-0.0011545200853432021,-1.7151411156047707,-0.0021889919121723667
0.011323515646505085,0.0014593218663186969,-0.0025538082879281395,-0.0012952445864526287,-0.0035593880135072623,-0.005649906937574646,-2.867336609397087,-0.014604688434770544,-0.014887315615486386
-2.2098626295578425,-0.005152635056534162,2.360811435933284,-0.0003029808675698714,0.001836786614250241,2.930605899797476,-0.002387488828744011,-0.00035440314778306496,0.008938290366594909
-0.05195848892632579,-0.006965317501180089,0.005252210059587363,-0.0016272957636683967,0.004986757601239879,0.5991646487345561,-0.8367114258673762,0.005174998118283019,0.0026540011039682507
-0.007596874047539254,-0.009784097771572586,0.0005587035640913225,0.042346694605549365,0.006569437305253369,0.022725893289615037,-0.5948022563125347,3.4565349563661854,0.0028345572294650387
0.6301591768243473,3.3125553609791547,0.003836118347644035,-0.022401807629202537,2.8010071073548715,-0.011182211066525054,0.008971390408738206,-0.1170512564305644,-0.007518641793031751
-0.045780663022599206,-0.004831106837645418,0.001134607665842345,0.0026583342155875617,0.002145973453453137,0.002929218183763877,-0.0024777746540432903,0.856892583879798,1.7111505820255368
0.004714384879015279,-0.0004187147446988171,-0.012316817153132625,3.345385938105821,-3.483159257521185,-0.01400600998823448,0.7750911779515622,-0.001722238954462255,-0.0008185626650616812
0.0021679373541292277,-0.0049958608754005615,-0.003081115876673179,0.005458700533141184,0.003067404577642421,0.0006330517844465287,-0.007621828808441859,-0.72589080382171,-2.2140867831994657
-0.04626820023640971,-0.025662234390950937,-0.003864714287387716,1.575634447125788,0.00826954695669102,0.46274619447959514,-0.005586676967125899,2.4874315956133755,0.0056807896912739325
-0.00495409201131862,-0.013116325293981126,-1.644576718773493,0.0013994190018873772,0.036546393020865126,0.49658587284577066,-0.005269414579943697,0.0028372073076013337,-0.0010967709164183695
-0.0027340519036097924,0.0032469514160510067,0.003465685447832601,-0.022682957610715412,-0.0026017729702800104,-0.0011646202136195833,0.018571386582965053,0.0042531502589448905,1.7983026729817697
-0.002620400515967465,-0.0037628263835549347,6.415128017173152,0.009312764136714724,0.016265792532534934,0.004711775399977192,4.983665908173213e-05,-0.004041547596654663,3.4697671471134575
0.0009697180077327186,-0.05905188938791106,-2.486287861818247,-0.0015122882470822736,2.8508167158413023,0.0004704893434456098,-0.021416396089991935,-0.004329726822221911,-0.009190513956766046
-2.2566955006124445,-7.324369670041705,-0.0063332434575889,-5.617822374766799,4.734926553935303,0.057513738752652976,-7.921055319418464,0.012981180730144148,-0.0009135641448482223
-0.01726858171105934,-2.3021792464303035,0.0018419283098739317,-0.0012507246846204132,0.006444486981224518,0.9770482156626865,-0.012012817723591307,0.001022907086495227,0.0005167187033392178
0.006173571873084082,6.464199809405603,-0.0027314582259923836,-9.684312668786083e-06,-0.004857338565696756,-1.9690480574811018,0.004169883118186224,0.00018642157897052992,-0.0007555451334484431
-0.006882093795556046,-0.002458852021926049,-0.0024539646971122884,0.30785031324975853,-0.00021117975452687103,0.0012236011911813352,0.001820885013922376,0.36002986246348995,0.03747437808861395
-0.0008907796140144202,-0.0023188829447936773,0.003871987162259572,-0.0017628036614242273,0.0004936005900401013,3.61078359909007e-05,-0.0008276937748764868,-2.8490466519471314,0.0005977843438588828
0.0029501151894138636,0.006691598011469592,0.015989162066638866,-3.8742075919495003,0.008952103130945147,0.0025677929051390823,-0.0028576472927934523,-3.2595523459658375,-0.008719399928567226
1.6067808651692193,0.009827718602919653,0.0018005478395611866,-2.0476044520627497,0.00020842000214080225,-0.0007621524993294115,-0.003785258110978889,-0.0013325070836759053,-0.028350228720564544
-0.025896654256320054,-6.098578356187275,8.310829675599706,0.006971072574339807,-0.011704290784328483,0.00011911192165822574,-0.005920569705772545,0.008930960275165758,0.011370142968120528
-0.016455656636223902,-0.003589866983267114,0.008193082954007898,0.5568206878998293,-0.006798412060086773,1.6051457413144083,-0.00070444566386893,0.008064032615056619,0.01859578868604806
-0.004523106946858088,-0.08366071878253145,0.001985121299753957,3.960875707893542,0.004105533398221672,2.321360523084265,-0.02583252680344389,-0.004532689887803995,0.0013574425668316029
0.035746969600821084,0.010206038205747977,0.0005928648957277943,-0.052335896174967575,-0.0044461066278353376,-0.45710736990653145,-0.00017046645503384153,-0.006972303518310013,-0.011668311212015697
0.00138769046022175,0.6939448114944442,0.0625794304845043,-0.005664734472313575,-0.030358280823548245,-0.00687971835707709,1.2804665605313748,1.4764967224515075,3.8379046044683527
0.000235155942203716,-0.0023534831203023848,0.0022172812317978303,0.001949717431034093,0.002743758593091125,0.0008047215223783581,-0.004576350017387611,-0.003339030154898098,-0.0016295410756323732
3.213812908563051,0.00014957314968878552,-0.002462191993350878,-0.0028337889036516356,-0.004462151899276456,-0.009671918756392964,0.0010673666119563607,-0.00368845715953988,-0.003749629866361917
0.00850147994593989,4.602026968196011,0.00392235553926748,0.006308970132400563,-0.009089987306399844,-0.9746409543739929,0.20173671809355986,-0.0027930839303500505,0.003975843459605202
-0.01948444344660552,-0.07669878133369917,-0.00974378887580482,-0.011921306855900447,0.03172785875722006,3.154495975079709,-0.015263138167815438,-0.0009665510003807887,-5.924561651300772
-0.006050406093784499,-0.009748711981093366,0.0017636153666661502,0.001785887535242333,1.3012932096663752,0.6407373385321984,-0.004161319308059203,0.0007390225343359251,0.0019038817703563495
0.0005116258297490413,0.006510132428635117,2.3029116800788065,-0.025849628639639223,-0.002201823365933036,-0.001249211153653655,0.0026109138684051723,-0.0009648620556733624,-0.00018132425235423653
0.0009274662297980851,-0.04673309149313569,-0.004010779881306384,-0.005752440267514022,0.018977312829463962,0.0009225618493247951,-0.32140876565293774,-0.07047147420827621,-0.01654492136105224
0.002405419246172963,0.7298083252220202,0.011001431181328306,0.011279215619915886,-5.084270379493096,0.0016413717096685487,-0.004297471727333028,0.0027800338180873664,0.0013771543109407213
-0.07427109796653247,-0.0026546807510420267,0.018553323150499262,-0.008436967377520789,-3.6041389437904137,0.0019591077202178453,1.4952790895269126,0.008286542392829544,0.023020913068234748
0.020950958965861445,0.004588378301204353,2.2109261696567602e-05,-0.0010081214968113861,-0.002718138924727478,-0.0024674716502150564,0.0014734721989811557,-0.018723452691076184,-1.854533416195589
0.0068419875306616985,0.010510668548288646,0.005069893314973137,-0.008666893036724578,-0.011760433633433556,-0.48277915775212643,0.024795926444380514,-2.9693548878953475,0.0018318632121628944
-0.008964822669766951,0.0038715166360101857,0.011217115432062868,-0.07156205005179493,-0.007766958557760641,-0.0020858590360542653,0.6296329226319294,1.7436934207099366,0.04970361812812575
0.09947660081455545,0.007891907319463848,0.01212665432736098,6.929942768305822,2.819684607027625,-0.0007899932695913658,-0.0371875438818233,-0.3967804311939279,-0.013503482386247496
-0.0031870746206881743,0.001090374626711313,0.006850132531473329,0.013604852050095997,-0.023281702999367333,-0.00019461330831775647,1.5674939599411049,0.0067062738221036425,0.091753150825101
0.021259771454738924,-0.017535158816233805,-0.015647165406688243,0.0108425006817619,-0.0033659264910738673,-1.397497295459852,-0.007385231449734644,-0.009714133723230375,-0.007011307629481718
-0.008025385631467014,-0.031050570843293893,-4.312846200230731,0.12812821036425145,0.00925560768486934,0.019427885688607656,-0.16674627287827637,4.455177924956731,-0.000823235973965053
-1.2628792484579896,0.0018465497749252592,0.00022489043319211732,-1.064906528619191,0.004116703742742282,0.006433381477355843,-0.0025428944165650363,0.05984897948694195,-0.0008784199038743426
0.0013407168629049337,-0.044075754824015156,-1.5450068352484934,0.005336930210559365,3.5185045167187923,3.197303322422549,-0.013735634499483368,-0.008080409488105511,-0.014580569172224833
-0.0003756366950100256,0.0022614611043932963,0.016977793933930434,1.2486380688601002,-0.007778506147757562,-0.0009540392351982966,0.0012841282275336474,0.0027968097368590485,0.028116965669882053
-0.001929533428028509,0.057302844310110124,0.014970160844109633,2.7489553572223127,-0.007004996122463204,0.0006523709761870403,2.842472143199868,0.009108542986568227,0.03196523719368502
-0.0006468601886902396,1.5457651221913036,0.009735433490050266,0.005632373607499659,-2.8920441957417067,-0.0001988026954121841,0.04021094845659731,0.002671874437448208,0.006860800281795453
0.001076372586874158,0.0018652493881987737,-0.0005121079603416928,-0.0024612774543450607,-0.023187988886887764,-0.6502460291699899,0.0085089840598922,-0.00011113086105684852,0.0010779746276680154
-0.014765008313800378,-1.7230536222205632,7.191736587637554e-05,-0.0027839698564483557,0.00034163992546676347,3.356376605335194,-0.0075564359683713556,0.0007609283162284407,0.0002388051059696479
-0.0068963133250091735,0.033945374056683894,1.820015198738611,-0.005606907455109472,0.02009990562224584,0.9892511396062507,-0.002590289911121646,0.1762223587670264,8.484993245657963
0.007161753036981727,0.0007454962355946098,-2.8426361877878854,-2.7562426128172373,-0.011181038695641077,-0.4425933509363248,0.011629476630670335,-2.5576651332147713,-0.007514272896660373
0.09321270614711558,0.008760435015348067,0.06122686208575391,-0.000870402378127415,-3.29070734290989,-0.07428663347452469,-0.010014233702336606,-0.09991002896126311,-0.008792286593026085
-0.012724457106530841,-0.010543093118022972,-1.4833312533085186,0.0012023862600620827,0.019424428192760256,0.017635861282692063,-0.004117271299396236,2.2984496225004585,-0.001299170308196311
-0.0011840607127030012,0.017146800780150396,0.01686911848435563,-0.002387102090372873,-0.00789707991755886,-0.001376334446823768,0.44355313159477466,0.009121262395636223,0.7451455476972333
0.02705525363775698,1.09859528434599,0.003051021145304764,2.176937741348462,-0.14039860854977615,-0.009816289277411934,0.006299678546371155,-0.00101779641109115,0.001023444045434807
-0.004516257048312919,-0.16037362852659198,-0.01511053809499466,-0.0014619117968455555,1.4594002060761353,0.0050738049339282415,-0.006285785422164228,0.0009216992837568988,-0.0007860798528223547
0.08689205711902996,0.010458033933043705,0.003505918339680617,0.0007567527992822488,-0.005541349589949635,-0.4480930408882764,0.01188557656767011,-0.008997519478422084,-0.0004438350911821062
-0.00475962163948046,-0.03688631473953413,-2.3158913595217188,-0.005524585527893172,0.013016272791314343,2.140083956351333,-1.8637126225423675,0.000514681699570016,-0.00844244831184286
0.0011929177161372553,-2.607514327474113,-0.019216815975759458,-0.9189494083705607,-0.0011921944022508998,-0.003015390269318647,-0.00017728685642329212,-0.020498975946267775,-2.265168406188856
0.004391957514198967,-2.204770588640172,-0.009761740024204841,-0.019692458040630054,0.000939899721653651,-0.0023969989491365237,-0.007749291775738517,-0.5560157750317671,-0.040271896477290195
-1.3680771540962113,-0.041308169615586615,-0.012797931654307588,-0.0007922312753999138,0.007899746042059307,0.03779878567774447,-1.1660628345467163,0.005068507969073235,-0.0015906841452486206
-0.0017923967517126712,-0.006975132454287623,-0.0009011013591867878,1.4446013353211615,-0.0006727774936606239,0.000436021805373419,1.7399569832421122,0.00035272792251288005,0.01050750711581215
-2.302430477400985,0.010370360233771587,0.011451969363078017,0.001812650412648147,0.001081832549759243,0.005891714203814581,0.0024233074686302,0.9043623050457554,0.023676650639591262
0.00452465116623825,0.11848235887977743,-0.0006376683637791117,-0.007971406465750279,-5.286183842863134,-0.00514352742708607,0.003877213917699798,-0.0002379249806596269,-0.003770426228156534
2.4820913538042935,-0.004038495098396546,0.0043810677571880716,-0.0010884204285224915,0.000258739086106366,-0.0010616539789747156,-0.014952060944949469,-0.3740254020409717,-0.011003817240517105
-0.0055375309408130634,-0.05917536644381399,-0.006954070716390676,-0.04861012683761168,0.06301509295109398,4.472216217974724,-0.08989772967029008,-0.0076435157450509515,-2.173658852153552
0.054795849738245014,0.002076310844957493,-0.0003881689842744903,0.02186315037420502,-0.02606176496793348,-0.049263925458813876,0.004916785428673971,-1.0752716800316002,0.0005095371426975023
1.4149679249616383,0.003795083789048637,-0.0039087849948574015,-5.6381729479763605,-0.0023918130372772364,-0.014815431974949543,0.01388768656040984,-0.016394456165810284,-0.004303343454213224
0.0014595310140949813,-0.005629076578802423,-0.0011923103219477816,0.0003880632823692713,0.02721798795287427,0.0032483245603389267,-0.9304308896455424,-1.5083530954388416,-0.009302040292496427
-0.021547384343862646,-0.010405600137922395,-0.002216129215372742,0.019265033651469213,0.008018056140318742,0.29624812949001716,-0.0013684331643516526,0.006268546651288702,0.006255929802574606
-0.00499730638638108,0.007408748570024715,0.006988771920048864,-0.02379646438814157,-1.9538326302615587,-0.0015085735547996637,0.6076807715454313,0.004916676368163595,0.004424594322563124
0.022942173995836104,0.0018827755781983674,-0.024342458192973506,-0.003665379440665648,2.2352429185585376,-0.0025321114830253594,0.00012177801955914826,-1.4906104502782873,-0.12992323988150056
-0.050115045469374786,-0.005541296339750914,0.003473269162428434,1.969128214042506,0.003246761341152672,0.015814918972150434,-0.009899412841557167,0.3091569530690134,0.012637796396988008
0.05828754673115475,0.06156219026260887,0.008048502608324744,-0.002761908161494064,-0.006547299317286731,-0.906873028054944,0.014970709417868933,-3.003258847171927,-0.00033900565237383884
0.0023992750023493913,-0.007993873725698144,-0.09505311152561453,-0.0019555785570454405,0.0010635885414871918,-0.0008374758891820819,0.0008556767442259073,-0.6155831461252977,-0.008489200672431885
0.006458981670529343,0.011418886028589759,-0.009623710684853952,0.0025419068087694056,4.564760433747247,-0.00043204861551139617,0.0007069558832090174,-0.0009277882740909953,-0.004536744189796604
-0.004183437362934916,-0.033753958267783546,-0.016821915463627046,0.002271188482430575,-2.210260293425904,-3.086250921849471,-0.003411941991413703,0.0021057047711456334,-0.0016745187537812248
0.005622368541275746,2.450156833837685,0.007435705657049957,0.0013077527820930784,-0.66965300319848,-0.30556135257881534,0.3295224572449933,-0.002363996683408011,0.0019669441712368264
0.030761301468778236,0.0044441713546737125,0.0019811340278313265,-0.007025426020566217,-0.026096246645382043,-0.47472634139447345,-0.008341641515997832,-1.841840907434602,-0.7363230879194265
2.337250220683258,0.2003469846666408,1.8851140444079935,-0.009102611932778476,0.004356880154583416,-0.0028678898802300123,3.019055575514958,-0.010696084431468654,-0.003288314763251257
-0.026941782025630308,-2.2945101949930677,-0.0007821761830621339,0.005377640646747921,-0.003545639072478946,-0.0010534724086708072,0.01739073417149477,0.0003501353361906401,0.5737289537671596
-0.0002475090308702737,-0.013043001713444049,-0.002044681406548097,-7.042384093427318,5.367640801994206,-0.0014103080223715298,5.56350269317854,-0.0042987732026766555,-0.0005982527120566745
-0.005092515183368748,-0.0020586183192260583,-0.001987167734292576,0.00986851795479772,-0.0008540821267755197,0.000536309425942729,0.000582542703413555,0.7453415632888762,1.7651425192675936
0.0035473721630178943,0.03890243479865729,3.2272928155355283,0.019186657671283705,-0.8380403311614478,-0.003862828787964845,0.02036266773246654,3.4971375827576634,0.15407238871384132
-0.013558537801104262,-0.10798954156983209,-0.029456668608391422,0.008279466200893051,0.007147469095615741,0.016168098139556553,-1.8602772476969422,4.976989829728446,0.0010375443433449372
-0.0005809912525494381,-0.003651418504378108,0.0019695170862129713,-1.5736409088928534,-0.00020610840116611073,-2.0864923388889793,0.0008483237608206406,-0.004538366670090399,-0.0008578020526254053
-0.0020064404108065615,-0.006193996470249253,-0.0016579475464479614,-0.0006410186110512668,0.019616585600873274,0.7503098887563578,-0.021521886828144904,-0.00011676759468620484,-0.0024531947743348073
0.005480248701247903,0.003261459742005319,0.01847309127778001,-0.010017886288887367,-0.004672241821097806,-0.004446033963557321,0.00034885164296714595,-1.323698434795685,-0.002095017313462311
0.004842953247642404,-0.01193390372332867,-0.0021902263344230227,-0.0038125470277076273,2.42716389698317,-0.001969854925017396,-0.00970953430767999,-0.16428890554608158,-0.008999816438759415
-0.0019479319432857377,-0.006824608902686893,-0.013531000280014667,0.002528534625585341,1.8728560073858094,0.005512706737557431,-0.0018670744217476627,0.0021195254553369952,1.5842181090022604e-05
-2.010048611259051,-7.059104923915301,-0.04979474242983842,-0.0011009095614769523,0.00643930193044745,0.006348458315207417,2.3878709746873987,0.01113258949346425,0.005706422101608724
0.0026262193396676212,1.6274644607357642,0.009627459224429397,0.007222684630534293,-0.2892901620474424,-0.002443327480974232,0.002210338637058759,0.002060084823249337,0.0023640422892012357
-0.0032301263958976712,0.00714421154452128,-0.17724947006064612,0.0017457364592489539,0.009387297298075456,0.7493485110532746,0.004900144789937326,0.17391703289415714,0.0005615585961194448
-0.024853353026660613,-0.06402358216497506,-0.029651703607448288,0.0016482489384655463,2.997587044516756,1.048564780676763,0.0027142486664794123,0.005565114270383004,0.004222955076346873
-0.003254624112218673,-0.00127473410203649,0.006796590634658097,6.366853198492176,-0.0009198489890898179,0.002359548139421637,-0.7762484705476489,3.362166312239909,0.0015034931576914934
0.021725760940712147,2.7863953362818608,-0.003029187854202864,-0.020200087742073398,-0.0018649547390725552,-2.03176176229856,-0.015654692459353414,-0.0006700967892611736,-0.030915897635743234
-0.0010316020846576762,0.0006450087215234407,-0.0006454203085763197,0.0004037372267149328,1.416464732969283,0.940525494626919,-0.005943792111829112,0.0016350495827576889,-0.0017426364737782116
0.0018457262628180536,-0.006003650435489123,-0.01691043654474509,-0.0032031205533405616,0.7390715376138844,0.0013071376242120274,-0.008515557225065144,-0.004754161057108035,-0.016204140326866786
0.0011463612934130485,-0.013059711443198153,-8.611177087164755,0.005362154813601465,-0.01500041860395096,-1.7354676893154695,1.66685974251277,-3.5150941953216366,0.006830953473449641
0.002323426738071177,-0.03613966835537141,-2.3670242892784734,-0.0022080153351893977,7.128105669912059,-0.0013867542198399696,-0.6224377317563725,-0.004984887159783027,-0.01118293536081947
0.2601194953009487,0.40236413775707014,0.001133223017663998,0.00030721980051789943,-5.914994381969102,-1.0354669036667055,0.002100028817069867,-0.005470087647715227,-0.006536990678046252
0.014504922407581305,-0.00825463165560375,-2.970741842280902,0.01380785022018094,-0.0034912996940393848,-5.125859425014632,-1.8947661749957199,-0.004207383999038999,-0.015709433941771933
0.046559408430599525,-0.002426439719995413,-0.005832755414545289,0.007507935807438131,0.0021583033639967775,-1.86166877425027,0.0014518461222270823,-0.013530586893947923,-0.002913600282828062
-0.0041555807773346765,-0.001991651278114525,-0.001646724257416396,0.07919933387594305,-2.6032564204858666e-05,0.9155820002797169,-0.0053155075510917665,0.00963925096110682,0.002168549213227982
0.00023915870794323187,0.00017165067865276438,-0.0019684991010188706,-0.00482918903567116,-0.08816554833970802,-0.6685061136418053,0.002669993169288676,0.0009620228641686389,-9.049655134148096e-05
-0.003475118768843673,0.0019719193640447413,0.06045789275085792,-0.0023303634753098768,-0.003525472839688709,-0.0005275545471050795,-0.002665979844388315,3.2313074191173037,3.4642794234551033
0.000989824211385706,-0.005462021562945826,-0.03962463361484875,-0.03319431825598473,0.007149327856527488,0.0001908410185144007,-1.4404585025643855,-0.001707020557512307,-0.05957827301023815
-0.0031619627670333088,-0.0006760564901261545,-0.009953066320066168,-0.008856518160457637,4.5943450660488694e-05,0.0011694742055893305,-0.661543992990592,0.07730723191359418,-1.7338231371681692
0.00025224118763861303,-0.004714824546710678,-0.00018893466332029277,0.008843775126860205,0.004008829152215482,1.3880819220259073,-0.019617692473790638,-0.0001746629234783499,-0.0009572646096023055
0.010353544352951796,-5.5291925768691215,-0.01460633752675472,-0.004657125878493162,3.6434236707591623,-0.003930109665919612,-0.013621370475750016,-0.01063787555902016,-0.015926012884847768
-9.33649026932425e-05,-0.011102409360428254,-0.0007619369790618988,0.0016864317850330984,0.027684526503031326,2.3025500932342124,0.000772137459385161,-0.006920737674873319,0.00022401719758976743
3.303852098254701,0.004751930841314989,-0.005878511388885108,-0.005185206735027791,-0.0038871296591677096,-0.8473199866970557,0.01295230964703814,-0.002245779575489015,-0.0014259953087499139
0.005326837132207413,-0.004120877145505242,0.0037347641346748457,0.0017821589050762386,2.809121248621228,-0.0008121852495312984,-0.03696347721738049,-0.016765890642898146,-0.004659848861290501
-0.008782068572210137,-0.013688041924495797,0.009569563751318155,0.025939961153071685,0.0006313777175741997,0.005201754786433248,-3.4260335325256444,0.004915364239861454,0.023399003749786252
0.0009911896127851151,-0.005900564302233985,-4.462314059984819,-5.076066067253222,0.005292981121122307,0.001197192725094328,-0.0041679793281018,-1.6205716352172508,-0.09467515048977715
-0.000466227233077883,2.693859270400651,-0.004770463311087769,0.0031196367320167236,-0.08942114932219569,-3.4835711818380384,0.004757628927587909,0.539137227011804,0.0015089406054727278
-0.003506905447746559,-0.005514124655448397,-1.4309646800589788,0.0034853094845411787,0.008601190567774957,0.004938393544885823,-0.0093302814611575,0.006237970680596528,-0.0012314138195517032
0.0026457757662316592,-0.02319948171339542,-0.000581065469753762,1.3553131133776442,-2.3870334111044746,-0.0028135034108459564,-1.3981830262497086,-0.0046302311615801575,-0.0013296779387325505
-0.011117171882746257,-0.006959750007401012,-0.0020913617222722324,0.0021211733024231313,-0.001207015794532102,2.5263797669347206e-05,0.0005559261801912916,4.450285627433659,0.005751406550949675
0.010649031632040501,0.003560690317507916,-0.0017082589684437367,-0.03053205822139656,-5.910507675559867e-05,-0.0014198126893636323,-0.0005488763016538133,-2.8103142935586383,-0.02081394715543039
0.35642743497975904,0.005577050529597909,-0.00208048089944131,0.010544934747874704,-0.012454713026477769,-0.005970423224426601,0.0019093860508455894,-0.002306680728617338,-0.002659581189655198
-7.933477658964464e-05,-0.008629885870135119,-0.0012628023769249716,-0.005320272181604438,0.008193292722207769,0.0011835708987773504,-0.017700503065999813,-0.010532769293172256,-0.008867236430841238
0.00023150576031229914,0.004740844468032511,-0.001896622075713332,-1.7910181681311723,0.03079029103777664,1.2511859823939466,-0.07824392115667544,0.003783706802645153,-1.3598520939825085
-9.137064182674856e-05,0.0011496203147254042,-0.4887867009594561,0.003892612212790938,0.02427543973081052,0.660418465249468,-0.001603321362008952,0.004342160506670133,-0.0025758373333379715
0.006624365592699438,0.002720902900893809,0.023445052015172933,1.6820207456656997,-0.010783299601733395,-0.004341958527746154,0.001377094179111275,-0.01053878461750994,0.0016050742793029303
-0.022780463319061563,-0.002568355584989087,-0.002350253552999511,0.2060526654482587,0.0007800963679868433,1.2805641855937646,0.01593445070186758,0.565986040587589,0.6513626704948656
-1.2446174080302732,-0.022238032725980326,-0.021650275609120487,0.007103470575520754,0.00410434318067537,0.003390996902309647,0.0023863228491316935,0.001631983969565499,0.005395376645963769
0.006912476731994315,0.004891384390904849,-0.00890980279084845,0.005005694124090547,0.005294109920351481,2.3704420448231502,-0.0012758023787475259,0.001626744638201569,-0.0027960087011372307
-0.00524021087863677,-2.0813490805868837,-0.003758156087959933,0.02237942804343865,-0.0009560927042843483,2.214269995618346e-05,0.0007199096819578039,-0.001600144343770614,3.6630874630877868
-0.0005223098677195858,2.8497590924601233,0.004584339502668924,0.0019193801066906685,0.0074205038550105296,0.004216847472623584,-0.008824601170825522,0.00333913765136743,-0.0006015589714934672
-0.0003319413476277692,0.009622784432130903,3.2532909997321062,-0.00011911686706046927,-0.06369668872671742,-0.0037342002139212974,0.02319717754430834,0.005146312713543509,0.6690540906519833
0.009516951554064235,0.1409765955742639,0.11424474706291043,-0.001124721521201355,-7.588439357874606,-1.4139452719634136,0.37114767572529384,-0.0106844116528515,0.008403773577036554
0.0013716815798149062,0.0017569650520212476,-0.007565788080422894,0.0027230384230465723,-0.0006812538859544692,3.218540209169876,-0.00783875188575836,0.005039460475130871,-0.0031305323183313007
-0.001351208849152367,0.006967175258463178,0.001956160190724561,0.0011519206043129095,0.0030340627250991523,0.0011175840547903073,0.01946425030024351,0.006524498131028299,1.2228702399402813
-0.016162439273172027,-0.015233986004313985,-0.009463435796549634,0.15969467395771994,-2.599443861531825,0.0017907408230726507,0.008511773328364745,1.4481911643447898,0.11658707416559239
0.012717470082802218,0.04103892111698182,0.010688726592300163,-0.0016640319364147858,-3.549837502193407,-0.051684367820659105,0.09594914661548874,-0.00947648076458121,-0.0016071648058238186
0.009476502684578152,0.0022579321006941304,-0.0015672114103132328,0.00018788233094893192,0.0014910952382998716,-0.00021751800223321146,0.0008758926931034371,-1.607158952095384,-0.004698612193019789
2.2219227136052675,11.291992754874146,0.019598671930796785,-3.4953844857174596,-0.005724542478155126,-0.00786631287619646,-0.006619110952936158,-0.03697238964485935,-0.015099394849318604
-0.4308815730257297,-0.020291888419552994,-0.015728040785786063,0.4612487604333294,0.006598973924745257,0.010730249019230673,-0.0023333090329126765,0.02164332970492508,2.2310383711604627
0.0030666571721620437,0.0006722495531308781,0.0019747673376236657,-1.4286125162708445,-0.00887626660303654,-0.008261235431915911,0.0013014960573830613,-0.007840971999220108,-0.0026919748352153628
0.0026559181032568173,0.08781559241512053,2.6849736983037564,-0.004504181680301916,-0.0031027811855585683,-0.001846835425586907,0.032525989902864205,-0.0008670132780938022,0.0016404812611577457
-0.04110246497043614,-0.1824114337873432,-0.002648577387889893,-0.003990860151728636,0.003386472625640652,2.0617961025037292,-0.005190097376192054,0.0002176746746697794,0.00016295847641108543
0.005109241451649933,0.011338177457988985,0.681399605424451,-0.00517311434179904,3.5161609101254765,-0.001403895831685112,-0.7106000872782426,-0.006950299200348373,-0.005638365811036886
0.0007172370938947591,0.007358971638164414,0.0010637017476973903,0.00099918862621677,-0.00501499130459554,-3.271139149017611,0.005561570094452961,0.0017214225632038228,0.0015869422479015023
0.005578825657115686,0.00502889056948188,0.0028983139732897613,0.0015440088590071186,-0.011167512174658285,-0.004413461228124634,0.003470042819581025,-0.0031173600431797567,-0.0002157930224156157
0.0007143080522958589,-0.006277251844512537,-0.005456352660535192,0.0028667824197871217,0.10537890589570166,0.0035822470063914605,-0.011900424396333167,-1.0073630712243384,-1.7276134332198443
0.005156979051379125,1.078173743911155,0.0010198690993897504,-0.0004446177665193514,-0.0045834792651846205,-0.002605460001018104,0.019798533483276547,-0.00014232834984420517,0.000457648173633852
0.006163936936207124,-0.00019116669644233045,-0.403016083966764,0.00028635038897914,0.06648597563768188,1.894557934605097,-8.157234081873632e-06,-0.0008272053936586223,-0.005568264330642522
-0.019149638840441213,-0.0012794286555364697,-0.0021143871727385515,-0.002262304462926333,0.008734454399957514,1.358915246742489,0.005680294873876168,1.6901856498829635,0.00487932026444058
-2.87120975840497,0.004626691580261071,5.681442898441176,0.008913772534080617,0.006099751742349127,0.032498393254154954,-0.0006697592971879815,1.363375454173109,0.035141552429422296
-2.7416218525375595,0.005979187807756489,0.004545064274392005,0.003754712985342114,-0.006413393733375974,-0.0017792446600031681,0.00889583109721151,0.04609687012317314,0.16125081851732515
0.01145083412748156,-5.83538011622621e-05,-0.00286890793401654,0.0040951520951782346,-0.004553014239439872,-0.003061001716301401,0.00012164544019703342,-0.8175668507585869,-2.1488627190386387
0.005956560363249612,-3.577004383572021,-0.005828497748103609,4.448392875976346,0.008155573941367053,0.002738789492037312,-1.1589454494121574,-2.047487187210509,-0.011156873589125418
0.08302995368300393,0.009894602525668542,-0.0023414562158501845,-0.016147938017182045,-0.0042408473648378135,-0.011063666029671073,0.005296371805754782,-2.610070047700919,-0.010862390312258087
-0.00042586525734865,-0.010095441868043533,-0.003046484336852322,-0.0001377102535704849,0.005044799905721114,0.0008743984952256258,-0.001772561931984118,-0.560331246028356,-0.0027754297254447844
-0.0106610142108442,-0.002781667221679771,0.008611761782844693,0.0056102669359408665,0.0012169083170534794,0.0019976765586709687,-0.0005545001538480444,0.005577043895521996,0.06915362892688286
0.002978764563206305,0.013039487780783137,0.0018845402082319938,0.14825604710612872,-0.0037019866165285235,-0.0013365636292223463,0.019206758279615044,1.7908868997009166,0.018479702731333703
1.6176287148260207,-0.0009377098019737115,-0.0013385738853048806,0.0015417271816056677,-0.00040755359227583055,-0.0018255392384083236,-0.002958429193261815,-0.053640395652110706,-2.1589415073151916
0.0017393896692020029,0.043259715209099436,0.004242576382557735,0.056736889180471636,-0.07892847194145969,-0.0025080863248372713,1.5534012712398737,0.3709099180882165,1.8120540252092288
-0.012009777613991995,0.006772093408463464,0.004344405656373689,-5.261258582661674,-4.665307945290627,0.0017390657346880722,0.757547504608115,1.2469992321706105,0.01760127127147776
-2.0489991895681356,-0.01157697925835538,0.004584686186159126,-0.0005072944983207381,0.011551531654510172,0.06559282719681597,-1.3781498305599955,-0.0003340478859715293,0.0013522137287565704
0.001387196617031108,-0.002925528797556144,-0.013468342707599631,-0.0035530964732354694,0.004485762205552956,0.00045695600839935533,-0.0021920122006423327,-0.004475427438791422,-0.015102839979230393
-0.0007614625810744326,0.0033483389198213894,0.002243132895077548,-0.01834437225954204,0.45598180168105495,0.004456223625620782,-0.005695332236141241,0.0012034827826667392,-2.439404079956472
-0.004743378354262619,-0.13101004247726133,-0.01826573875883214,-0.2568188118973386,0.039825671981315036,-3.5180628114639,-4.751615462445136,-1.5913968082480094,-0.039827021293208364
-0.0005961858052176972,-0.01742533785663153,-0.002285870636146825,2.4497469488006445,-1.2884592637998153,-4.409444701991468,-0.01069091178127285,0.002319452647118969,-0.00034679477378733725
-0.029576531988415092,-0.008358791086462997,-0.000731606321995799,0.002749232664380752,0.006059878904230445,0.6070959640812407,-0.0012553528110129733,0.0045768169075183435,0.0036010573905078166
0.01504894228567994,-0.0012451179863387299,-4.31112033904662,0.003924003154979552,0.004461447429540816,0.0004646722069439578,-0.0007697755035137779,-0.5846282438417769,-2.226480807249402
0.03238062287929791,0.3065936757720342,-0.0035403333940875283,0.019646958100823307,-0.6377430651374186,-0.007095602489610539,3.908873623693175,-0.0016357382249096355,-0.0035706773827483846
0.0008816724051635242,1.4649377105908676e-05,-0.005561572001330456,-0.0036516548270275014,0.00026469174249681127,-3.403996777052862e-05,-0.0023393543406669734,0.000517133811367794,-0.007653216761792149
-0.0006651380270558255,0.165442319708359,0.016739806872029764,1.4545454644910485,-0.22585984770110812,-0.0019135858655462412,3.188531474136655,1.4213084435832903,0.06099242672537708
-0.007272199787504249,-0.00445749318013236,0.013183607866129769,-0.011730941873369368,-0.03648839984041414,-0.007691216894223734,1.3362961727431697,-0.0018202589798876172,1.3794524123162049
-0.2126552465562158,-0.013060113495622328,0.002463713637115551,0.01943479057037605,0.0027072612318896055,0.3012593014599295,-0.08767104312831664,0.010432952145209541,0.005628724881998112
-0.009265703212537866,-0.005734137712035603,-0.0021391628720368455,0.010390272022667856,-0.002778662703672885,4.635128749615841,0.009133506388918966,0.0037230781682835766,0.006926497566010659
-3.363335885337557,-0.00857484852758998,-0.00794501590801082,1.4513708099505838,0.0024027590454891376,0.008242497436059022,-0.003795033350377869,0.011012225266776421,-0.0005242222436293714
0.0009892294754968566,7.564450229121782,0.01445297632789938,0.002626548554219142,-0.006994681214091747,-1.7561959992538134,0.009742602303504988,-0.0028434548651190533,0.004484818319830525
-0.00166442564227811,0.0022766153593275487,-0.004328178256980313,-0.0009650952273062514,-0.0020724398981127024,-0.0002774975491106228,0.003218384633018591,0.5656823450568049,0.003049107609970649
-0.001148809777960353,-2.6754256338753795,-3.1182950286605253,5.556847813129909,-4.160995328541802,-0.010916319370930377,0.016127230876104688,-0.0016057782680452713,0.005745902399088072
-0.11213511722053898,-0.002929760849497115,2.2139390965328776,-0.2576861142881565,-0.04976169459843614,-0.009004030640390584,2.3374523792397985,4.403553195991686,0.7025587271754041
-0.002357516749331441,-7.821284587620353e-05,0.011628677593466566,0.13779497728597473,0.01062543724220956,0.014896355135067117,-1.2166978466426794,0.003118291478846091,0.00519957423999729
-2.420807355447001,-0.005777517329362056,-0.02326777146065593,-0.0003647409465459383,0.015889988480089615,0.042247037233226925,-0.002562700579072985,1.1334835646448114,-0.0030440407483471113
0.16098551634080335,0.006251263517010151,-8.781802971120824e-05,-2.9599379331397206,-0.004756937873411332,-0.07728081391351355,0.004320368138339114,-0.1050289787993792,-0.010413133377706746
-0.0014347144426838654,4.5657052081884975e-05,-0.003265738558776106,-0.0002501566221817242,2.1909948029717814,1.206244946761176,-0.005165214685364301,0.0033265780255892496,-0.0027391974940717354
-0.030422188615584586,-0.03391503000660133,-0.008136915346492808,0.004651722645181156,0.004696489112984925,0.929067357567716,-0.01699721124757106,2.198936881428529,-4.32568494309199e-05
0.003662350725468831,0.10339007665105922,0.015433699074996903,0.0017314018625385849,-0.02557534597322843,-0.004126662904450617,0.03811663028406727,0.0003020814294670941,0.004784917150455061
0.016444040425756624,0.010496001929451134,0.025411984657826375,0.011657559406028934,-0.006506480259524272,-1.6469626821010874,0.0016739531333905683,-0.0035481918211639953,0.0017554205562213682
0.0006790680787278642,-0.0044385527519097134,-0.003972934231422269,-0.00719573819427176,-0.007928156126081099,-0.0025782035577262205,-2.3065269540087487,-0.0005000287133677854,-0.004589646003658106
0.0007650344035522736,-0.017484065247018066,-0.009132370158767465,0.0005652655318143475,0.0036536691445094587,0.00046853013419799645,-1.2784704921425734,-0.002786664997096194,-0.004974575254023499
-0.001008703358543674,-0.3677079149563696,-2.49078097241605,0.004703526809024615,-0.0003237728644239165,-0.0005444000959857259,-0.0011208162591196036,-1.8507025854649082,-0.0008024363146894795
0.003900860200899796,-0.007156005428892762,-0.00015061634241034152,0.0067332462008564305,1.295856362447894,0.004200317044050241,-0.03062273519488324,-0.1517856002815402,-3.7484860312691644
0.00216757873857843,-0.03066535263122755,-0.013288158747847549,-0.0005057036707884982,0.9436720486604655,0.001723015993027448,-0.00804209401380346,-1.0106095114727744,-0.013710160365171628
0.014352717273450322,0.0034923687486796634,-0.003441161045334507,-0.011984546219676215,-0.0021395707498863387,-0.003209067760179397,0.0013541394243963914,-0.013887589249164285,-0.44943811674414985
0.003887955107953113,-0.00283827776922025,-0.017464640643057167,-0.0016435022992542544,0.8205195280081757,0.0007265188629866828,-0.0038831203033404585,-0.007125172226942864,-0.015586270194535535
0.0009263358438347679,-0.0023229183597969047,-0.0036687541407428733,-0.031630541121085466,0.011088755418591646,0.0004013057278655176,0.0009741115390555139,-0.3430126476158736,-0.005606863215880014
0.00048295003310917795,0.007585934320486848,2.9142903087187495,-0.008419744255695187,-0.0036843358657053828,-0.004041007291318455,0.9956354256122506,-5.123190329406404,3.5613582348193895
0.00177330434148908,0.011510386683763044,0.06810296620468641,-0.008983500467684714,2.258555455596358,0.00048298902093561746,-0.005944914311455606,-0.0031404325952087836,-0.002387859123823996
-0.028390206051021563,-0.015037388039190778,-0.013431802454626425,0.019501040149139223,0.00036512115543295377,0.0016083719152991582,-0.0014638040359738294,1.4323124702970758,0.004974597786611575
-0.010234468259543272,-0.10509501990859516,-0.2923164154078517,0.0027001248835162306,3.6013266110045627,1.0473283675409437,-0.004100890298872183,0.006140605450416642,6.842793215188587e-06
-0.00277177422746383,-0.0757459098453146,-0.004184407843280665,0.018423821170377053,4.706807937501958,0.006327096060907367,-0.006599403152507276,0.0010576233911005276,0.0021643846405643204
0.0044800730209831295,0.0027557173138410274,-0.005297720657918342,1.1056765044126164,1.9776343821470568,0.00503986048892649,-0.0063411747528593345,-0.00031441037047913976,-0.0030309184610494743
-0.0035959211747405495,-0.000888481296013863,0.004250798787630666,0.0025992442434194882,-0.004094060879494086,-0.00034061307255258766,0.0005512010505605554,0.009088745557572435,1.1353455157787362
-0.001009331178238478,-0.003209629931880213,0.00340544184467254,0.021148985109141448,0.003198635131199219,0.0018508094530474888,-0.0018688502299540012,-3.7675853551123915,0.004590832456309882
0.0011360560200388906,0.013136021997248504,0.00851704226798188,-0.00253687302351196,-0.9580701639697244,-0.0045130165661467145,0.006420940711214513,0.00041889453360523764,0.0013564173722362231
-0.008354985835033385,0.0018435475690874448,0.0016631714381714069,0.0018457256528487676,3.5889772376256666,1.3837759470108804,1.1057233350833393,0.008091397890210739,0.018754893996599256
-0.008293499400578774,-0.024616064030172247,2.719137481140196,0.07824821010804939,5.08080221409428,0.8144476461983956,-0.0008882165465478355,-0.0007328298892401719,0.03591465386249125
-0.009484542271398388,-3.118599167193892,-0.024563979378981304,1.8307353394121293,14.565738717994364,0.3807680687231674,-0.01805123047815299,0.023070242874783875,0.0030104711541763876
3.0999214974992104,-0.002262917608706034,-0.0038720365793352696,-0.004104161507594547,-0.005025684206378389,-0.39923943329876477,0.007032633551946804,-0.031851392040783716,-0.0013851740418034109
2.040351997523036,0.02111310997446085,-0.0009976393182246743,-0.004310941174349711,-0.0014445062334837201,-0.006513520355720684,1.3594676378425319,-0.0020347579457897676,-0.002949515170319411
-0.00758400643798901,-0.009411002731565851,-0.0036917229730877377,0.088431239182195,1.809433870476362,0.054660874037445684,0.004231981746782572,0.005891148105716164,0.011501621623073659
-2.290621838727759,-0.06940700313857344,-0.00738040871793328,0.01370872310063811,0.005341515732925406,0.06912645190695052,-0.2823563074692903,0.00209280383824255,-0.0017580859978264113
0.00804648965013471,0.05591362482364012,-0.0013092327694237613,-2.0371008834915587,-0.00514968502126574,-0.983611678511294,0.9427421296512524,0.0003550792670157926,-0.003744940692763314
-0.010518665920074995,-0.006215241173230326,-0.011459756367874446,0.012719685029316537,0.002263446730416353,0.003103062884426546,-0.0012066097321145213,1.0329656650716021,0.0033581412390864106
0.011014472262535768,0.02113691441837337,-0.004962479093933485,0.0030784479816490518,1.8614893740347718,2.029823505835642,0.005924411387514789,0.003717524016520146,-0.001184838288560891
0.005846963408039467,-0.0013321929063451754,-0.0043193871422387625,-0.005402535103363473,0.7927127279688523,0.0006030169624258452,-2.098978145554844,-0.018167690851807673,-0.9746824160659672
0.0044647725337899555,0.06383788404279622,0.08434725992298844,0.004174652665653858,0.0037225980590571504,-6.228927075695168e-05,2.51856613055797,-0.0034155155889601064,0.0010938970613814658
-2.2404340431124457,-0.012878218375758282,0.008933099374370871,0.002398584783461879,-2.3021764982289166,0.0007072340520921302,-0.015340818171249989,0.002220309365551792,0.004973886625642687
-0.0007665636329676406,-0.0037030628657118325,0.00694939580310127,-0.0036982834022447363,0.005251089223718222,0.0008863055207333091,-0.0026600877328536604,-0.008497793124932264,-0.0006236213283036111
0.0044199977441953114,1.1375861132584202,0.002494969627122503,-0.010253367337176439,-1.4180969202782876,-1.6539114442873863,-0.0030961693207078728,0.007289178970716653,-0.0043721920717214105
-0.0015988298338757354,-0.02408652710033206,4.878305319267836,0.0007748533894698373,2.0942246403929876,0.0029186423586979107,-0.0033142105302668094,-0.003670539926420068,0.001332571922517076
0.0019599582104448754,0.0028740860898676737,0.0045712690192854875,-0.11675005300924327,-0.0016876079251737673,-0.0027376017375586818,0.003579110568873554,-2.5024043937212563,-0.0005465117514526704
-0.007972262168047486,-0.021869757773960385,0.0036793540217738953,0.014751123759182402,4.001746144804806,0.045355830600157576,-0.010707771642949272,0.004340320978246935,0.006488969339594882
-0.003378683067564155,-2.7109124520411774,-1.9231161506243417,-6.356700913470309,0.008311381387261063,0.003853443893083167,-0.01025576666514411,0.0016219335782017702,-0.008792689434503474
1.996172203981912,2.584559073356761,0.07820559954028805,-2.65406640479731,-0.03384957508690545,-0.6180412896936992,-0.016591239723663026,-0.0035363007112273566,-0.012635565390536008
-0.001652659992470197,0.00821631321496246,0.009810559913437728,-2.4997649894771685,-0.8219012791742819,-0.006041313355544541,0.05820343905122151,0.002751129619186181,0.007807930058873906
-2.7391050435874598,-0.0019974605559383856,-0.013422039105361251,-0.04235199649554853,0.0019935107055513643,0.0014592490260993424,-0.0014638127712327947,0.008789007746037828,-0.0058175595235654826
0.037173831690180514,0.050286424914964045,0.05353519813575245,0.003948319047050126,-0.0189562994329303,-0.04643953383351862,1.8549480573567336,-4.124467076715102,0.003950064251840316
0.04744930951218718,0.003915111902429876,-0.00873319807363094,-0.003285956296646242,-0.004138454388017396,-0.015514196089162116,0.7895687423291475,-1.7093975421108087,-4.874565783687093
0.0004791077216933428,-0.014006676389198256,-0.0060963208710261094,-3.240912625844868,0.0006507130189804594,-0.0005315517252405585,-0.003459391921938047,-0.6807029191554733,-0.014629300936692138
2.152342054059517,0.02124433025068906,2.7693419824787098,0.00814599825344437,-0.006550275399756583,-0.00851268889128945,2.0393891406483675,-3.278918918019434,0.010806600851510667
0.004685196382177842,-0.00029642119620538034,0.004036079032201857,-0.01129306992947389,-0.0006859749497870049,-1.4674624020776754,-0.0030752741777029108,-0.0072765603614716335,-0.0031668970929634166
-0.0007184205740319305,-0.01713804705203418,-0.01922107003699306,-0.0025521532644337463,0.12282864254758141,0.0030384212259593497,-0.6577970668351079,-0.001134885831179907,-0.008200941094924346
-3.4108524304558547,0.003938654256422147,5.102870860010686,-0.00047005256514136024,-0.01331423273395703,-0.002783201907447531,0.0011515448209876156,0.025491969596553553,0.012994131295311045
0.002265186468234112,-0.08384455163793014,-0.004311933683539844,0.0006508865347518086,1.5253003810533867,0.0005928527225983991,-0.046201019480245964,-0.014200276125035653,-0.0057274469020335604
7.493762138596202e-05,-0.00626695672036576,0.002508591107768134,-1.2549805553439763,-0.00962340500705234,-0.6058375379535804,0.0007312259854414978,-0.0065330075549443565,-0.0005495109770021159
-0.010769163514658297,-0.0019757163681459857,-0.0032596679467701136,-0.013057901439891795,1.0620067015382206e-07,-1.8987211317310045e-06,0.09071717009995779,0.0033877676127324987,0.006988298543996961
0.006833946552741294,0.015112428461425048,0.5749450828435388,-1.644592217665685,-0.011764427924220305,-0.010077982734115176,0.0029398483352072874,-4.784011178387099,0.000678601458534614
-1.6892434212601268,-0.004552203664869317,-0.012909777489548163,-0.00048537353107769754,-0.0003321711145611306,1.6684495794706964,-0.0030609633873873443,0.08519778062780534,-0.0006552267031496931
5.208686284037674,-0.03617223989109834,-7.462184659841272,-0.0008198289141875693,-0.00921425963558642,-0.8969676959011582,-0.00129524919999624,-0.10727048774164391,-0.007304607877197
-0.0039516976083399935,0.019651810952488302,0.0012060819972510477,-0.01770251802119092,-0.0012764552158700472,0.0006863989947027416,2.073065942959977,0.030200562994725857,0.001989402516816941
-3.1634568671185432,-0.007924164124678612,-0.07024493990612224,-0.12355737164169651,3.428922421033308,-0.002088555507026746,0.007033833951664871,0.0007157998152013123,-0.007364866585656833
-0.0011620916004155997,0.00549655574817462,0.0025744909937652693,2.4035130959366042,-1.4520100296045668,-0.0008334558471763953,2.009317494820208,0.00481905435516481,0.010197710437844135
-0.0028690846883184518,-0.00798560185646642,-0.0032904594334640276,0.009286149452588762,1.3222145122908082,0.051923545845311087,-0.08205653383168447,0.003391021003268572,0.000491236209531694
0.004875101912338239,0.12660920715586366,0.002247403862539181,-0.00563631883822961,-2.195653548533121,-0.01479431079723903,0.31245197322514434,-0.0021059455900933567,-0.0013910737361190525
-0.7171982640836285,-0.0057420725009729055,0.002164407144032269,0.002553634849530067,0.0019201798816849344,0.0028450290367201163,-0.0010718469958331239,0.009626632566774599,1.4965779429557493
-0.00296003585423912,-0.0011906631318187577,-0.005447963275322109,-0.04783793695680122,0.004215446167341043,0.001633775600450455,-0.00309264196670558,0.006612281111530484,-2.234506159768817
-0.007468049931343021,-0.0023829036646313417,0.016934338624316744,0.007060452108754521,2.799769055209495,0.5088201855076786,-0.0010503775563657867,0.002758127381472124,0.010292324954553348
0.010683050096656446,0.03599287894900327,0.00891939255244932,0.026527487711588277,-1.8411962969936724,-1.237621011262636,0.024596721413833122,-0.0021222696724984558,0.007018708222962659
1.0728615059724127,0.004480283009250658,-0.0010138790093218901,-0.03490213504746116,-0.0011757894519352913,-0.008140761322849206,0.0035452035450499967,-0.46372263311025935,-0.007875537152432416
0.002161649899400314,-0.001781773784218399,-0.0068257787029387925,0.005348152525440242,1.697695403666991,0.007086057672704517,-0.013139747697553146,6.740075858208128e-05,-3.046484888186276
0.013053457534069104,0.004285304997527012,0.0014111898181646428,3.740150639126058e-05,-0.010624332535336586,-0.05499899921668355,0.020963634003215225,-1.2431115292779378,0.0015506508960743196
0.0018907039678580826,0.10313230239914824,2.1398886649680815,3.8227687499190313,-0.004856636917257731,-0.0009807619225906043,0.00338462595626556,0.009126470890557261,0.00807436852403938
0.0021322234253467742,0.32515963039215307,0.008128869571968182,0.051373551364210554,0.00030227657890235897,0.0005335018939723031,0.007120021620151603,0.014340920205117243,1.6582815700572804
-0.0021787332385033494,-0.15960235416120794,-2.4985666091881975,0.02127986608089065,0.025498539061345124,0.005281723874528684,-1.3907569174999304,0.0006267575206936465,0.0013264750512339708
-2.371530951193093,2.5143414763187865e-05,-0.003034894553895639,0.00209764517376043,-0.009569519015466425,-0.00286474987889309,0.008836872310358814,0.1593282622813604,0.011862611355419002
0.41477696857094676,0.023563416869580127,-1.5827553973970225,-0.0013420241112913128,-0.0022897539514357464,-0.004214726509247825,0.925208240237306,-0.0013517902980462546,-0.006938047379090396
0.009930233050220413,0.001080963770444747,0.002678766179757982,0.0010815170681544362,-9.885009936429147e-05,-0.001671356320782226,-1.4505530608226354,-0.9429185581756894,-0.010110261783651254
0.023757848842980017,0.005297012497692044,-0.0016726231239896222,-0.011332047130108935,-0.0070235259155233265,-0.821056156261583,0.0031859363843042138,-1.5582363663277583,-2.567939364859523
-0.0022423512150299627,0.005096422117474075,0.0077189321580548205,0.005081087524819658,1.7445773762871735,0.7949250060367286,0.0008821808163315716,0.0017133035420755852,0.00418462404419364
-0.0023072775673754486,0.0030408465689743536,0.006165880306500328,0.016373691959104777,6.500374281280632,0.01634588524656122,-1.0196720019448862,0.005670564345204413,0.003599598623903622
-0.0006946000593363747,0.014069927675857513,0.021122578917608003,0.011873551144628186,-0.06212011335114,-0.0013283734434066156,0.004232282937413895,0.3161200559095633,0.04655234971183429
-0.0024664557936832626,-0.4870728764405905,0.003816490115076443,0.0043865725758854565,1.0578100930030305,0.007151162879419394,-0.01691048115597292,-1.2580105766139995,0.0002295515339526301
-0.0021361969632888445,-0.008656600354706376,0.014804377628024917,0.004096296024875859,1.9370290398709158,0.0069894801493210895,-0.1891149594021728,-0.0009502807017794258,0.0017646381628508875
0.01085755897029754,0.0060071091490151995,-0.0008699546471868723,-0.003144761671125881,-2.2378240273770285,-0.08171401141956547,0.0017680166494289003,-0.00755489218531331,-0.004961833497667521
6.168830930691413e-05,-3.2084994487168146,-0.0026934119723553973,-2.111142320096843,4.641290310059601,-0.0011648144455357334,-2.806410264719897,-0.004283450005214853,-0.005766082620114028
0.004123302943038677,-0.003758426962688355,-3.1220968923934667,0.0076618508471093,0.022391745016523364,0.00603211854817641,-2.291640006777908,-4.621032796805994,-0.017739615944085962
-0.0024748142471672525,-1.7026286593621331,-0.01533864996575482,0.0009111272433537689,0.040554905119929305,0.006619312748825261,-0.8904224788515183,-0.001114899096370938,-2.6883684736245237
-0.007666161757894585,-0.004025234625269769,0.006396350023357894,-0.0052747329524791,3.7170269998920844,1.7133527640683184,-1.764140480220874,0.0005573452257592315,0.0013116437479139687
0.005745082825418344,0.0020291903725799428,-0.01815866777371509,-0.024260747700032018,0.0013780991337542826,-0.0010524894126020604,0.012144046683857948,-2.8867331492638826,-2.64260949381218
0.0017243588035048552,0.01050024383021636,0.004490827357281291,-0.005112400214301871,-3.907076481279276,-1.6978996529661003,1.6936278894718764,-0.0023199147915459184,0.0035998550434548165
-0.006369332518765106,-0.05584235043164215,0.012769878063900258,-0.002686311489420584,1.5683268573162312,1.6164469454348698,-0.4820527405012791,-0.02273521774008791,0.0006137725619459414
-1.6279993116622844,0.0003750103972308314,0.0016164876981645563,-0.0023389123971858726,0.008561349480270458,0.16448333973630994,-0.009368192514480317,0.6591882419316816,-0.0007264604787948006
-0.0037378562085397006,3.8488494277640584,0.0042927733440752125,0.37706544748130055,-2.703270280507562,0.0029569063325524114,1.2868127413679176,1.1768285532636706,0.47846282486389624
0.02627254570324991,-0.000789634389366245,-0.006275435200096944,0.016926043269130123,1.3078410257146202,-6.14362465199969e-05,-4.823908538772914,-0.6785659294026312,-0.009196090345633533
-0.011559532095539102,-0.005561737722825658,-0.027834512895990447,-0.06793592913359106,0.007121575817823484,0.005349917247992497,-1.6053656640824323,2.803884422390385,-0.019243942692032216
1.683888219978266,0.01340234483090526,0.02532732678478058,-2.4747349858259504,-0.0007747070329925283,-0.003594926448567197,0.002086667779991277,-0.015150426022373249,-0.0007514555154620392
-0.001731527625418896,-0.010419979194406761,-0.0024042008351210153,-0.00275287432539728,0.004687916797470434,0.0013614977423086884,-0.008215456064962264,-0.0019331559959808627,-0.0032390404559913444
-0.12440508072187839,-0.03457204640033205,-0.00044549538406583964,0.027038863108926323,0.01465162626618531,0.024010148699890703,-0.006929693316020427,0.004059623351894387,1.6260823266779612
-0.018069398752860608,-0.01680070093158889,-0.005025727349118558,0.003214875648743877,3.4334765850680995,0.3129944525778936,-0.001268638970145626,0.010392487742512876,0.005173027432978162
0.0021640546969990265,-0.13028880718758762,-0.2334782036506012,-0.0033669686604262637,0.04563995364744729,0.0004381317486757269,-4.042669319567215,-0.012681767139634556,-0.02250090676973164
0.025377859832962316,-0.0033265313019152994,-0.00776785244504271,0.0024912194759952504,0.0008877689859012328,-2.438446239022574,-0.009832152373202091,-0.005934280501387763,-0.009888751070009638
3.412413423572196,-0.005834995463597947,-3.8963120115769447,2.935670997985561,0.02007515964524887,0.011137274709684258,-2.4018866919431714,-0.006486326923526249,-0.03475222647883247
0.001710966782735747,-2.3344347669596466e-05,-0.014962165008514217,0.0371903141417745,-0.04842260058352044,-0.0034662078997619236,0.009629192196607293,0.0013960231928261588,0.002625933658112264
0.002110289552980306,0.011825558841290485,0.004834753385546918,0.004239494604843554,-0.01039333425309405,-1.3096807064857487,0.08444782850400068,0.00039364778524004357,0.004785715670534835
-1.8870888658398457,-0.0033304022876134423,1.830849091756081e-05,1.6926773890842424,-0.0074969938579731235,-0.001815916092425179,0.005403544304219823,0.01206034268151162,0.08994351544697399
-0.034934024998445015,-0.006698024623833294,2.620785908107968,0.005200554687404944,-1.4699439312623532,0.002736134700254751,-3.1754524135451128,1.449975608270989,0.06644859794505265
-0.0010791430938192903,-0.004063162284965505,-0.007132081163828796,0.009604432976168642,4.761179582982166,1.6646130612802175,-0.0024617277064663545,0.00498933007789959,-0.00040056526713706624
0.002092836370577651,-0.0004206507970448206,0.0016928100502408045,0.007839593565947559,0.019165953738099598,0.0023273064858048073,-1.8682536765214552,-0.0034560394919089382,-0.0012337473023991078
0.00037812246113261283,-3.029245797655893,-0.1038938341069019,-0.0018938107267873483,0.024358446587166682,6.481645453311298,2.0524638280597607,-0.005726519864517721,-0.0025858516465781245
-0.0007950441041231736,0.0011641369102822624,-0.0013041962222914826,0.0005442893590586525,0.0011095267105425306,0.0011854350082740883,-3.39072592094374,0.002249961332952793,-0.00034884196303644303
0.010487602410571804,5.782883803677585,-1.2585388253814362,0.01672804752077204,-3.498968591154526,-0.0026694929168251946,0.6468881781100784,0.0015817250072926343,0.000807258421506407
-0.006661770651953643,-0.0021514583142007437,-0.009302776340225416,-0.02992827029537459,0.9973106999794665,0.31833784391197983,-0.04066239579022105,0.006508879987700259,-0.0065742573257449935
0.005150181019047106,0.015241100015269099,-0.02425759658710953,-0.010716629498729358,-0.007661392973612487,-0.005978410683291201,1.038665608568553,-0.00013140673306382376,-0.007255461441693339
0.019443005049090675,0.003356690844664924,-0.0029940093926772433,0.00017761432139106956,-0.6396012385204901,-0.031557698625780284,0.0009616372767624563,-0.005886329688488005,-2.432718143382251
-0.012201181749374687,-0.0018042331763146898,-0.004886994387328116,0.015045142650574593,0.0021576025949650995,0.6539112908185327,0.001180506065535783,0.035474043263021456,0.005002145095472701
0.0013333816195856135,0.03033306698678928,0.0044982387323027565,2.180862859838146,-3.042004759520922,4.260951845487526e-05,0.001641060668043896,0.0041869023919606715,0.0027430004371604456
-0.016323233972764695,-0.004962804771461604,0.003956574582286395,3.6846636340432806,0.0024149887548187803,0.012247604714226534,-5.404436082077427,0.015052324533393557,1.0858296021278986
-0.008920162328037474,-0.8698112236000535,-0.0019559011954102708,-0.0014643101117845347,0.006357248465121375,0.0039109528290545426,-1.1470397246157316,0.0018514116345056137,0.0007400559484395282
0.014312303782209447,0.01620826535000805,-0.0017081917832996027,-0.001154389146432208,-1.2310238126367374,-0.2926435172627493,0.0034646678749264675,-0.002699278887149676,-0.0035374906330156906
0.0034738245850634043,-0.011645356807812951,0.001093296723267377,-0.03231445439063453,-3.9256484308376205,-0.5990633128982434,-2.8987980535452484,-0.03058987647977532,-0.009512761413224522
0.013679684813309764,0.03172528773883196,0.0006877033404040992,-0.005608531350663651,-1.527727717102499,-0.07966995566715235,0.001602807630495251,-0.0039895623116151845,-0.005410786579791807
3.464176544170861,-0.003879757645335463,2.290866211705627,0.0013447400524050082,0.0006959398404034756,-0.0006180182895806578,-0.008311095409941571,-0.08491996928367099,-0.004907635126907575
-0.0029570283021753655,-0.008988038329977343,-0.11740247847904511,0.008191729896224041,0.022551140399048986,0.021867238736775225,-0.019485674241540955,5.181031820967381,-0.014241134876844669
-0.013751171726066172,-2.577261449761679,8.79540888363113,1.6888621496271048,-0.008991090179491401,4.838957375831243,-0.0010340017209879426,0.0010880801236134961,0.03271641772926592
2.358843922348596,0.0302837832026992,0.08041350551935564,0.8157443532539309,-0.030608809556852357,-0.012566627155704002,4.70988125543099,-0.0025804694522962718,0.029608386186089086
0.005871057517082319,-0.0047553005826714186,-0.0072840240724035684,0.1608632979486873,0.007923437423343073,0.003016528269548518,-0.02841975901327761,-2.0092316145064935,-0.03324459540325432
-0.037724034891331616,-4.650977779215507,5.977033475185991,-0.016724932918935745,-0.005064201868735081,-0.00024217895504093437,-0.2781075096935268,0.0032242367879673933,-0.0026215413025917345
1.4641983054854049,0.014631273749778705,0.005168320258014452,-0.0205220747023411,-0.0013829839500486794,-0.003492736588369545,0.0012224033924366651,-0.004723892628321653,-0.0037008907563852236
-0.012869127960817383,0.006602479119067627,0.016278158946632967,0.005271487616055469,0.0058454881903623745,0.5768763420964634,0.0011686212716683873,1.1250227310416816,0.0233310934640292
0.000687030572588964,-0.0319232132169506,-0.05832775034174563,-0.0023129806537398392,1.809738141917832,0.0011424947185154424,-0.01571955817090035,-0.00223045110953739,-0.007475333316655005
-0.0063206846168802535,0.001529709100444386,-0.0005199192919925056,-0.003837567390163044,0.002343961747897869,0.001754845704792311,1.0160966734958814,0.008405054221639415,0.005717242535838661
-2.817430448154232,0.00416488273576484,0.05079544568401773,-0.0029730528811700665,-2.6794679811356987,0.0015143216616550735,-0.011269753517227397,0.0802848039056768,0.0025568326706974648
-0.011719878893596311,0.014403008742352322,0.005993765089085473,0.0030880505317179225,-0.005106476635391738,1.9508770980262098,0.005425436572943948,0.10027682224404402,0.008441690662548285
0.001412802266241586,0.003540930509375738,0.038999575689242005,0.0005872761562896677,-0.013045149571923098,-1.5787912572506635,-0.0015926301572055518,-0.0014732382627157114,0.0013821750477342534
0.004460385104974345,8.996648326008981e-05,-0.0019286784959294768,0.00924900540786186,0.005146183005248013,0.0018088051800588143,-0.0010980073298909104,-2.923766421399748,-0.003419152370970506
-0.014539624302989163,-10.686534799478459,-0.02169918709969796,4.555944880532575,4.601867851234395,0.6608741490411205,2.630800369760202,0.022552552084514677,0.009179462755106699
0.00948993635015135,2.090009530860236,0.11731088149554661,0.0005399556186886853,-0.0025068598849621246,-0.002408165354045389,0.024021653231895895,-0.007805166694545104,4.025897773637515
3.950776159087665,0.00022445853899818492,-2.248073628431844,0.0019576591332006194,-0.004123643099849819,-0.004290221588015245,0.0007589431283879129,0.0017817331842157336,-0.005612272273631924
-0.019255090300995453,-0.0096691770522144,-0.00469823774604739,-0.01246811644438671,0.003296219649687432,1.669378310664519,-1.6383114276558093,0.005622558012548767,-0.0020432240892350184
-0.00094038889244507,0.0027524381638337515,-0.24847842589228852,3.3193110112212816,0.011249322139706884,0.32156000635140475,-0.0061205477897243,0.32991842879008376,-0.006470844987428587
1.8372244131213202,0.012398528720280605,-0.06006041716651306,6.81150942392389,-0.0006864974914759861,-0.0019561712360250116,2.4966176739939643,0.008057797969443885,-0.015517863742723237
2.7218857318776974,0.008326673916451949,-1.5394277966751095,0.004225677053696438,0.01152774483517903,0.0038387118028371664,2.4486592267094323,0.00028802519566366314,-0.005351998645314229
-0.011962602985019284,2.3583260389406284,0.03398740053943089,6.930384064260517e-05,-2.3910308018318522,-2.1170918631782665e-05,0.01866092603148424,1.821501092634195,0.04490008964794098
1.2861111415052269,-0.0008905372153777868,-0.05901019137623968,0.005480521404811044,-0.00328130690092485,-0.002472479835431307,-0.0017940026197491472,0.00036032701027004287,-0.0215908729851184
-0.23130277967102764,-3.871485353853861,0.006053324383258903,0.004502659419715466,0.002174074322356556,0.009364783338582873,-0.0101920676418005,0.007813788966218024,0.0064539857165053435
-0.004088576560985772,0.0025488086774837146,1.3067407068259302,-0.00819635907474234,-0.003941125753929398,-0.0032526705428669554,0.7496806764970046,-5.963531869463685,0.05817041267902612
-0.00020621711263377196,-0.008327798312145307,-0.01666628868851839,0.01982277848430214,-5.0895344617458695,-0.003898473432405569,1.5186536171535263,0.0011347715093683736,5.790844198019767
-0.002177764653409241,-2.610076026791774,0.0012998440035288175,1.6793739134027523,0.027820539935940858,0.4968128070405814,-0.011525384188494928,-0.0017875684585076535,0.001043117319804313
0.008794082951737984,2.2981551346786224,0.004858110057254325,0.05291760200632845,-0.004593060853448079,-0.0019168961673483483,1.7448819498037933,-0.0019038894010378112,0.0017715611129108418
0.09409816715765845,0.02201520434229413,0.0005279713675457633,-0.0010949432066308807,-0.002944926498887973,-1.1044896467371055,0.021162116020415928,-2.541040594364651,-0.0015200534763061477
0.0013020224917612768,0.0018324396177043206,0.00821321480998244,0.011207792558919152,-0.008155591922038713,-0.002703036066865953,0.053850729594987365,-0.002996314542274966,0.42182483049211
0.003980224082339695,0.003568143170260163,-0.004155629475418188,-0.02364549222462725,0.0021321274828771677,-0.0020744508805503187,3.1620439063264207,-0.00428633870605713,-3.1307440111511315
2.06508050667642,0.009415181181902186,0.17987826036163929,2.4530225476910346,-0.0033343031585175535,-0.0010446058333776374,-0.005416712796897771,-0.0013250815932306483,0.00039137499854137274
0.00509821374926903,0.00670848163366123,-0.0022930049268324137,-0.025563786494934446,-0.005816981299338481,-0.011026502050500564,0.7039020811597992,-0.004942945583700186,-0.004232953811904527
-0.0061680786536758465,-0.0032794998020635414,-0.002017700274135954,0.6955541639020065,-0.0015100383820807663,-0.0001744342218576772,0.004825359036355538,5.099866305662816,0.03209183039589969
-0.009370217526097877,4.842932379169862,-4.68631288948626,-0.008427252645873231,-0.16175489030095624,-1.2129966703002637,0.027833041625002164,0.030591659669862437,0.005069404016281927
-1.3182343907056466,-0.0028630089737926856,0.006596125452769202,0.0004450691055112692,-0.001935058436882929,0.00096948170683063,-0.001562625974461513,0.014626452208780595,1.9253087766137615
-0.03631764417311564,-0.04005589921993543,-0.03965424983121567,2.770730793161527,0.005191828803470626,0.004229035189250604,-0.0022630693909996627,0.00883498191676274,3.1862552973238945
-0.0008325599658001463,-0.011830670700721527,-0.0019391588621682887,-1.2849192004755883,0.0606541445341713,0.00258276391874767,-0.1654738420062387,-0.00738737801586155,-0.019124382853754677
0.014009349095599805,0.0037521618158713383,0.000918725340660724,0.015851595972356088,-0.004748847211167195,-2.1015029766991193,0.01667164896296902,-2.457162198206198,0.0038563468922621913
-0.004227465850924881,0.012699574842392307,0.014099826266696478,0.0001578788025457245,-0.01668181225773478,-0.0007763948314632382,1.2234282435263377,0.08559107462782399,0.5831036161155254
3.166913322167342,0.0063381375339912754,0.004866249767865188,2.2912414783792445,-0.19423793065344988,-0.00833094254801485,-2.805282210939691,0.0012625923818359846,0.0003334905128470761
-0.0011615940002210534,-0.00598282896559097,0.00030478856190508584,-0.005783495319058252,0.023017038897400453,0.0027374038402448366,-0.2129070076159724,-0.010873230266115641,-1.6412693407128462
-0.0018413867802065558,-0.0026368894683559095,-0.05484954313867128,1.5373429622698613,0.005670388971845933,0.00670517146559086,-0.00362143994169497,1.250641582976274,-0.0033320372947173507
-6.732536672872575e-05,-0.01733926531110615,-0.0031743387082508387,0.016266567917362012,0.022964604063933858,0.7692017549840298,-0.013939333507018759,-0.002444767294100844,-0.0012991428488806434
0.441514984092278,8.406601584782438,-0.004131754755577061,-6.725493982927939,-0.0092303878519025,-0.0917457121300927,0.0022810338689610576,-0.013865311326482565,-0.018053750819345876
-0.005394883543116458,-0.00691496920477358,-0.027010935832751076,0.007417539587832922,3.840488792848653,1.120776590614808,0.001666264876444598,0.009473669501670945,0.0021448241052886476
8.29373513419016,0.004315717579672668,1.9029298621276673,-1.9488445729301556,0.0028031860869078273,-0.00021610695476918795,-1.2660573309673993,-0.018364739901831642,-0.02949917647334821
0.000563830430076505,-0.16246958435454456,-0.6690556296688841,-0.001938242079260725,0.004015533655765839,0.00048270182576284145,-0.013784904929654482,-0.008970898940040935,-0.034926328074502626
-1.642829205041746e-05,-0.016840408037860133,-0.028711085989008428,-2.19000971766833,-0.006755941861239796,-0.01732244900856958,1.433300255333295,-5.889792134083925,-0.005552354484210598
-0.0010996848415592295,0.0029823476797678377,0.0012161434938027145,0.006710886607345375,0.0009836716245204323,0.0007299446588143787,0.0033268993997000863,0.008300414531053808,1.642492006309141
0.005608891029390314,0.0013984067616279478,-0.001771540016777805,-0.001023042610750161,-0.009912317923250404,-0.5651528125482834,0.004588122515003432,-0.003205084373748891,-0.0009378095030636137
-0.0019215926537918086,-0.046165626679349106,-1.5560287125489902,0.0031306377358263845,0.008513238975768419,0.0019224850668752153,-0.00449715414032709,-0.01621656264911825,-3.6024634995021483
0.004182054733971989,-0.0002612101468346901,0.0005817422650202002,-0.0032534859147864506,-0.0021071002423165095,-0.0023915512448250613,0.0004905597279344106,-0.0301378701292777,-0.0036861468730593127
-0.014716532433584978,-0.005846694326574399,-0.003452758062506736,0.004622165585011509,0.005427128684667215,1.5100594155293918,-0.0031427515666752337,0.016828147157062046,7.054864743248294
0.0003688180063001565,0.19166358370583692,0.061070143911671336,0.0010663328647167215,-0.0075095768922338905,-0.0012459665773833575,0.9758066655347074,0.0017126976842232811,0.008092766547204255
-0.007942520186679661,-0.020158052393264375,-0.009864218703311736,-0.0015475041290644413,0.005421443823389938,3.3536289613779804,0.0031133904221130604,-0.00016816141708574962,0.0009005202429142219
-0.004973209762980305,-0.010174863905942294,-0.011935934750166622,0.48182585252154697,4.228639413295099e-05,0.0006580573363506141,0.000513756135066211,0.004709213516416198,2.066558641617089
0.0031316264585184244,0.009594909370078716,0.013336525883075835,0.04933361725430084,-0.5614690461382399,-0.0036417612426759617,0.00419929873255862,4.612500394663275,0.02508285195384391
0.010090923009860031,0.03090322450357505,0.010317960301058839,0.0036124517887302027,-0.45248641859022665,-0.013655352086443431,1.8564654958871225,-0.00402133334474007,-0.0006546075245638392
-0.012759603794457253,-0.0035172815701827536,-0.0003525560620761658,0.004508874874314903,0.0037822099688205974,0.007746504944072035,-0.007047275906788651,0.16404605010057532,0.0028294416691033936
1.4452954377572296,0.0024032723517439262,-0.0058042416796044525,-0.027494446292502823,-0.0035610496422437445,-0.10973647335545776,0.005542571809272617,-0.04760642561985634,-0.0195655572797684
5.362788039033052,-0.02248200820242166,-0.02718829019191664,-0.0028141419556549268,0.0005367122955980685,-0.013026139356269922,1.3201379621479408,-0.6590397172680786,-0.004566773676618452
-0.2191943686456909,-0.0021222723893061495,0.005394879782785958,-5.7426919841353214,0.004476327883463117,0.003195291677606029,0.0023579314219212104,4.663925851749361,0.9512590212261487
0.007459255392852283,-2.1871063498921597,-0.009521847538673262,-0.009082451543034291,-0.0005139574598006201,-0.003862617261287301,-0.01788531387625196,-0.21136942791554844,-0.1450777696060677
-0.011634494949825321,-0.008170426526500758,-0.009200919422073038,4.945893260816858,0.0028098053210139605,0.0021906534464546682,0.000644483784186297,0.009950661160984392,2.030314384860751
4.556111808316437,0.011621969823622348,-0.0020616789011615767,-0.00398830155807872,-0.013711506590461803,-0.041529143578230475,0.008559212167175312,0.006003601540612156,0.0021517255303239655
0.056503543019264045,0.02480688552683132,0.0029423710410870618,-0.01049910420653775,-0.007737680705043919,-0.4049770073200961,0.0016238173468569699,-0.004044304160009952,-0.00504014102166602
0.002882597426403927,-2.1274875223441962,-0.006958338763392181,-0.018047014389163524,0.005049873258615216,-0.0004126749321498074,-0.08500902175687552,-0.011838007661313838,-0.027770313879450264
-0.001997822134595488,-0.007424892875743761,-0.013687862269206055,2.345472260100935,0.019744101114952395,0.9991399991227352,0.001144777237580226,0.0012656252982477807,0.0007396775607340159
-2.103160086565189,-4.219056830951747,-0.013236786114423277,2.6975112798359047,0.014402448326360284,1.0889923642926433,0.014724889119261064,0.005769087066147832,0.02360462011244846
-0.5323222546917526,-0.019259586785836946,0.0011871510171775068,0.009142459824020704,0.013943933378784856,0.18275222735502883,-0.014363199469982768,3.2882769576658433,4.03265367908152
0.001996767065530496,-0.00118472831126493,-0.005158078781309514,-0.006492279342372953,0.5650355668748286,0.0013877672919161907,-0.006839349737371902,-0.004702246877318628,-0.016552462812484785
0.0009121473037237426,0.0054610482704596786,-0.001263225704944984,0.0004567877715651175,2.450719856313988,1.490784855128302,-0.0027197085410653396,0.0033688569474397967,-0.0024767560180028233
-0.004033122848004667,1.290744503017232,-5.183099073274715,0.008727037073228472,-1.8559134095144165,0.001714966694300251,0.11558412302042266,0.016835940818485794,0.008522994676105941
-0.0027770853823135848,0.003113590142232909,0.005544596523276612,0.0034792432667670355,-0.021194766102492324,-1.4413077557158256,0.15005006996922232,0.0015075261294879207,0.01002582787920795
-1.5851223393362814,-0.002799807719868433,0.0015685176622324444,-0.01509291454348465,-0.00787076967732217,-1.7927746603106485,0.01533121522690456,0.0008071943347606014,0.004270767611891833
0.0029646396326283428,0.013818317625463391,0.0021115258470186422,0.003318285585554621,0.010665517920257217,0.8439300933267903,-0.15357158780838764,2.5100648577199505,-0.005628562866799823
-0.016526576074969886,-0.009563781858758641,-0.004105276902291846,0.0014188640595207865,1.0186882026638058,0.7723319395508259,0.012579922343912225,0.002335858199294126,0.009270692034348414
0.004560869301771424,0.0019064792586793392,-0.0013123771365303443,-0.00288237433193287,-0.004016040178368381,-0.00398584002906686,0.006215902992689591,-0.007042579625896482,-0.0015886024650008683
-0.0034745287928249777,-0.05348342552448188,-1.517582590113613,0.007655490284264838,0.009598786039745618,0.0031731602368369866,-0.003806006378966268,0.0008746987464587945,0.0008434949610823216
0.0240320226694416,0.11388790230200423,0.37543397046128535,-0.006946373722419428,-0.014030085321580656,-0.12850722618085536,0.07536911083775671,-2.9082144546616933,0.004720063223765794
-0.0032051650748971517,-0.023843085651888807,-1.3531175651826812,0.0028448888764249693,0.12293588961240576,0.3657475157643939,-0.04261254482830984,0.0018252725082068288,-0.0026951814113551605
0.01360460508532589,0.04131798249856242,0.0025247081830823727,0.003253428461717809,-1.6614349637244263,-0.5128557545986356,0.017567668626287565,-0.0032304145419883544,-0.00010036584532323485
-0.25090592773132714,-0.015971109486313657,-0.002186383965085479,0.24698306295413677,0.0019489271568507802,0.0037744747162964144,-0.002808022825359295,0.017300384605753602,1.03745098946696
-0.005873216291853745,-0.014703222476781071,-0.10397297715110415,0.13414151550536604,0.019908697958296695,1.0676030645389665,0.0027198470152416387,4.6105231009875896,0.004320429274183579
-0.027026248905993977,-0.0013463729447841938,0.003811180915477975,-2.755930300882861,-0.005991827129139201,0.00016062250202271422,-2.0412414990996197,1.085989871800034,0.003033760345105937
-2.090217979463202,-0.00826059125819096,0.004504837405738312,1.4111017028589976,-0.00222503370960693,0.0010674970697819083,-0.0001813455738839051,0.0037986665251173238,1.1097960592390006
0.005219709294940495,1.6992534853670218,0.022676168587562835,-0.02814912411991682,-2.5834808461493113,-0.03548327803464263,0.002585003227807421,-0.005310041016988848,-0.003162868672691133
0.00965040144768542,-0.003977864139207352,-0.002664079867623041,0.010482916273309217,0.0338634594222571,1.7687245806587777,-1.5437687620190594,-0.008314864931273869,-0.004947722117434635
0.0024984510136810832,0.07462486484077864,0.6136513525488243,0.0020557619731004714,-0.0023656585217779226,-0.001103185637876137,0.03489388063406264,4.9608414358831565e-05,1.1930101371296442
-0.0021670866176364606,0.0007880699103937931,0.010073180997469315,-0.007036514795101514,0.8344254161016769,0.0037557423824743077,-0.00035236616828595457,-3.249111760305638,0.0015479916401638719
0.002451622635112314,0.10407192706342416,-0.0034525619395354163,6.779836903901017,-0.003410389204728778,-0.0004587826875133427,3.247373513968617,0.0059627936182897415,-0.0004751030830541375
0.018070389089890893,0.005463166134292652,-0.0007612664895447383,-0.009734589670997155,5.5569838457962515,-0.0075205169632103774,-0.0006168206168743091,-0.022137528743048532,-1.4124867782718782
0.007221799141382039,-0.0008501468727249196,-0.01023116602184027,-3.0488292429326123,-0.004599712434563858,-0.034930103006425184,0.793313914814703,-0.05103299220944135,-0.007984370720107145
-0.00022181500787965547,-0.025785060598478023,-0.03195604249151318,-0.010050458044081223,-0.022629143069991864,-1.230040344125399,0.00028991914060214063,-3.396385428788026,-5.139382245644516
-0.0012006398809908442,0.009856563715703528,0.005563837257871381,0.004045142521969558,-0.0015126728960825825,-4.064458345946938e-05,0.1048380098667159,0.008677382555237163,0.23163106789104979
-0.0005890547118263924,-2.1774539655369303,-0.005130264840812644,-0.00776873085065901,1.0010286937694568,0.0022698324334605377,-0.011620183536558158,-0.013645356839161293,-2.318326079801069
0.0017822012403598884,0.001336391267392825,0.007165842964868347,-2.119488605370179,0.0010480417905092557,-1.3377968908170361e-05,-0.0017679148891013964,-2.1845090981915636,-0.005237422787969771
-0.010268055908394802,-0.01022209419131967,-0.00016208015436752868,-0.0010889752533316394,1.385190584339601,0.006990722173883163,0.0014545134234936648,0.0021900293806862686,0.004481468291316255
-0.0014743689920637577,-0.4418880306495656,-1.1741648942549463,-1.231124825257063,1.6813510183136822,0.0018373924062516298,-0.017195353086951474,-0.0026967281543715384,-0.4031871972810738
-0.01491806240794675,-0.012909701222824777,-0.003956380933969865,0.24531139106273134,0.0060576667148108795,0.029398317772348487,-0.00936474671821636,0.012704621162495912,0.0039966940201451966
-0.003688925554528122,-0.005649277745509979,-0.01924228513645979,0.015444730490915538,0.012171098614205521,0.01851614877590833,-0.0286592770157321,0.008782400823358408,-0.0009947233416734806
0.009585168515779424,-0.012868433854448297,-0.026323381096027082,0.009632845266643514,-0.0016313312318810558,-2.4680178594411455,-0.0034865342966122342,-0.0031537275410543496,-0.004358749249940296
2.0316440449796427,0.0942715172008856,0.02401540596882018,-0.02318527516878154,-0.011941770053260553,-0.133843698328868,0.0037100999183869235,-2.2079480876020687,-0.0010140081019890113
0.020680664979673066,0.004688120080774251,0.0005050906759562022,-0.025664566035854583,-0.010317574992453386,-0.30274281893700294,0.004036343568395585,-0.05678498944155716,-2.411611319062111
0.009041333084342447,-0.0024472500886649805,-0.007004334120716391,0.007791055467642689,0.0031800257704973716,0.00024087758873441028,-0.008549054556806173,-0.04827654760623526,-0.20131739506146462
-1.1508943386512078,-0.008922277638288548,0.0013420802410115534,-0.002216326956031357,0.009198957054370793,0.8687840106078791,-0.0031367901186153888,0.00033144835042139007,0.0013614117982070698
0.0028516568473293535,-0.18935225020075475,-0.028654406931190833,-0.9112542168576789,0.03924012507827314,-0.00032045023145955975,-4.195770418952818,-0.4735827291200442,-0.2776924533754831
0.00028279540579070146,-0.8496551503564085,-0.0065864336219298445,-1.9785828075272451,0.00933175065428794,0.0008855315127186996,-0.00893602097591957,-0.045097557679030564,-0.019963672022101225
0.008649208461617782,-0.01124808041766611,-0.0014827597902302043,0.009835929236742143,-0.010052279084807464,-1.1879548973746437,-0.006813067901514605,-0.008285164438002705,-0.002417183938020956
0.0009002952980422026,0.013704751173291674,0.0017437727040622332,-0.009818690728609674,-0.0067001375432521335,-0.002623548919569261,1.937054937356949,0.00030533241928692133,-0.0007406353572599273
-0.37361440361462417,-0.004118779645612092,0.0075175988713232535,0.00627884345419173,-0.0015431443704024073,0.0012880567506420293,-0.0022115483870759943,1.3143138090082047,0.030981332819112
-0.0011054514588671408,0.00936531125546726,0.01997723873524463,-0.003137323659912563,-0.21719771281789954,-0.002634397345433245,0.018314051652716764,0.011018029821305508,0.6620042251589878
-0.0015316933013401887,-0.00031988735819139,0.0052117497314152226,0.011408673427878891,-0.12742908543543574,-0.0012403142324053766,0.0001701933664467236,0.005845415520447492,0.007064111364356803
-1.203446397241496,-0.1316738415075911,-0.006560438888550164,4.7682332299392485,0.00869196189015494,0.14511510742583927,-0.022019706400852976,0.002152120946869731,-0.0015695384229605924
-0.0026499375541208245,-0.0014111843974187774,0.00016575825220108663,-0.0031765627050873665,0.020591029546428094,0.5547127082581149,-0.07600383405977398,0.0016917784832611185,-0.00290231590626628
0.003871813781750588,-0.04151088338841625,-0.009931576018699345,0.001665770781590921,0.02910608186836372,5.24137242194273,-0.03605272658155467,-3.1432536903897272,-0.011272655533078588
0.005629113661035163,3.1597561672824206,0.018411528915359354,0.014047904190872845,-0.016375864611892027,-0.0033655971659967907,3.4883988116587865,-0.0022043231651384023,0.0022435146326086966
0.001570456007947775,0.008979232261088573,1.3426051462589703,0.005115232240420522,-0.006763193873629673,-0.0014905777279317065,0.005095190825793524,-2.7948345157161937e-05,0.00693159523678868
0.0008443704681456825,0.003385797779011296,-0.0008939461880021879,0.004221687700950778,-1.6819694404514094,-0.002117249665520314,0.004715766961510857,0.0011445553764719623,0.0014998695111684392
-0.0032310096034617332,-0.01355531485781638,-0.007854590640822548,0.0071123807910111045,0.00562709844107661,0.002920702745460707,-0.004890894406530851,0.0014849254793965424,-6.176118667897673e-05
0.001657153915307956,-1.678269551987944,-0.03015325197690657,0.0036160493435268212,-1.6929327518318722,-0.9899272541189772,0.002946374384230767,-0.0022659210146207115,-0.0008432786572116031
0.006606501420514412,0.01586963928586622,0.003252857867840764,-0.004536188019112942,-0.005576601215983341,-0.003527993168384248,0.004399424889737433,-0.0021456131745803647,-0.0016452109666774887
0.0033360582483203454,0.05730074814683289,0.00863506303600235,0.0044390272996650704,-0.2040599607997095,-0.004855748533188859,0.01604164000055491,1.6465105498373849,0.015328042847719332
-0.0167086028601486,-0.004788114204453431,0.33194982023460073,0.012324596142940295,0.005880544786657782,0.7838388978642815,-0.007303242892905362,0.001502620294210829,1.4420660632495719
0.004076652288833752,5.780977088841256,0.005827261473044923,0.03366785671669201,-0.02737459700127093,-0.004219770657354703,1.5250743632137604,3.4006306065871064,0.03729937124385213
0.0024850687644013547,0.013652342118805158,0.0021925141734067313,-0.0017498040429356695,1.3744360344460569,0.7811132123834108,-0.1315665658531972,0.0034619719786705624,-0.009730766680527142
-0.788324354078537,-0.0006098084581405809,2.1616885394018888,0.0028208172006807786,-0.002884039282750217,1.7481256027369625,-0.0005392218623451045,0.01141987936376635,0.028270854507165294
0.0011397599675313647,0.019947920656762028,-0.00040782227316275106,-0.0022590878758917514,-0.6631908785053842,-0.9412399527773896,0.032938620619890335,0.004735872823190393,0.0016932064482355945
0.08274721931493181,0.06681314485808844,0.005265116949445042,0.0028978282942035485,-0.03542044063103454,-0.3280284597140347,0.009981096152524134,-0.002210162028127429,0.00038746409832857067
-0.0023289832922353546,0.007766293905340214,0.010290770288986322,-0.0009224805426615297,-0.005486085016566226,-0.0006418244794166154,0.009241562984884707,0.021756459163394304,0.03337031636879234
3.4081634723073595,0.18101835691428847,0.00829385742944972,6.470155454650991,0.06644860960482324,1.8514702232771612,5.793029704390284,-0.002403761911861077,0.004655268950157915
-0.0011657332407716292,-0.007831511760831801,-0.007058636740685223,-0.0010957673899883804,0.015266282402958797,0.004580179098453649,-0.029710099200899256,-2.949662440509025,-0.13147422035530587
-0.012120341131591335,-0.026616382894359136,0.0020517335370049492,-0.12419261882469773,2.5475939951961166,0.0037429888614069345,-0.011551530362674086,-0.006261885511185297,-6.553791128193368
-1.4497664777724995,-0.008936690388705232,0.0018744259974826302,-3.5863567218400374,0.014993133771032119,0.833993058882282,-0.013496655822665252,0.0002575470539913599,-0.001961186298701
0.001024287945308254,-0.05080070696919881,-0.0032626788355855363,0.020164664475449484,0.03109361976900127,3.1018359169803444,-0.001445484918676715,-1.6628241874778764,0.0005728370893888744
3.8499954663164053,-0.012494058753072967,-0.013938228838155917,-0.009318604009355663,-0.0064634441415162835,-0.13369752987444877,-0.0008806683287868045,-0.0831200440323546,-1.3347382742255434
-0.09371474334228974,-0.05991876845493595,-0.014588014552185169,0.5982647506474663,0.012938963106314427,0.2972252807830025,-0.010851038581707662,2.488253886331181,4.695680958030005
-0.32987385340449193,-0.07182245988270343,-0.01089708324817993,0.035261174155474785,0.00572981997986266,1.1266986904004352,0.0024664187385689262,3.0442920093982013,0.014514716528714722
-0.0032232601356755215,-1.7031684492224404,0.006594679439023618,0.09826994447158077,0.0206991171188241,0.012636543706868102,-0.021479646640065055,-0.001575027888346007,0.003394054416946332
1.6965963083847226,6.852526702949092,0.00324912493021412,-0.0027202687811299017,-3.405014866716982,-0.023261301208490792,-1.532699657450082,-0.006720136448068577,-0.0321640464961398
0.02736176729444599,0.009834308766904387,0.009481207864344272,-0.002133723975178574,1.2434390791630292,0.0015941054682972744,-1.1054901599112024,-0.3914200829248464,-1.8529334177799424
-0.005339144655414636,-0.009156680794642148,-0.06460788947266577,-0.013282063447666203,0.011903458002066603,2.209431259196879,-0.02849693342567039,0.003960227757456509,-1.8707796985400795
-0.11131538813864382,-0.04404473041906272,-0.018219519053142494,-0.002503010580349821,0.0016547271283297027,1.6144896147049843,-0.00370241173868599,0.004515975813591306,-2.0269360136980843e-05
-0.0018077651412433584,-0.005020521985760023,-0.0017655352048676909,-0.00423582635938046,-0.027366504575532913,-2.1150334132639723,-0.013776329536244802,0.002507793208378328,-0.002592777416437292
6.780354756026391,0.011606257324715884,4.135900753426928,0.02271374951126872,-0.006206936121589346,3.8924168082831834,-0.0011516844422251316,0.004026012844906925,0.007086809184623861
-0.004411532160910877,-0.03086499276184313,-0.008380803572795184,0.005132395011552897,0.0008757958308147,0.00011834389663938766,0.0013519423046435483,-1.3905065170608228,3.0055358197053637
-0.006645984899915448,-0.0028704137427052745,-0.9839731052854367,-0.0050342333973193605,-3.704069742830497,0.0006758518961331866,0.06215565776136913,0.010987097576594872,0.003104754061503655
1.7264690078835825,0.0006425056531608186,-0.0012147350088880238,0.015310108345280599,-7.78347606293922,-0.03478284975743606,0.003981783375083188,-0.015001035884897457,-0.0006782766209840734
-0.010861585282149292,0.0013013025555518969,-0.002871423691844826,0.0061901447006323575,0.0042211781082315825,0.9882803174405588,0.007957696422864848,0.7547033041553802,0.007421575383657394
-0.004013691978767828,-0.007576619989403276,0.002010497919547191,-0.00372914248193187,-0.0027293652597828685,-0.0016861586976575085,0.2015768097292038,-0.004384627577511215,0.7251070425909887
0.00632509522739493,0.0020580946061709918,-4.51705256327651,-2.6810822063901436,0.0019970920823519332,-0.0021720167814167878,0.012033448084856405,-0.553003422537802,-0.01818263603679013
0.00465751056711901,-0.006294258076732338,-0.005907740888672217,-0.005993235086858834,0.0008229432707723833,-1.3949050581549183,0.00015620934200557407,-0.007202418755815334,-0.00402800458303045
0.004177633309283446,-0.010649561145084918,-0.010955185882386698,0.012294203727953645,5.9504962030940405,2.8726925541011425,-0.012925864392107717,-0.0010345898634087636,-0.009022228132368137
0.010846458698034103,0.023519604649557383,0.002965105916564087,-0.01635697300841829,-0.004816231534644292,-0.006771908158571998,0.020364772012410017,-0.005351763280425141,-0.002469224599919531
-0.00355442687478443,-0.001868732259974193,-0.3658761497614509,-4.975584929418332,0.001502106762140687,2.274580756710385,-0.026532271676983243,0.7063861064368222,-0.04282833110221851
-0.0009560888472317399,-0.0002547819955084724,0.007900802782903546,-0.0029867044508356325,0.005075773232827116,0.0018533891840608306,-0.0017375718408509278,-3.1857850115793553,-0.0015064805395409997
-0.012074706453809394,-0.0026356038174060736,-0.029007084268675837,-0.0005876739139296732,1.5940557596256775,0.17585863204368568,0.001541970947120708,0.017338511324626785,0.0028665842314989295
-0.005003638078156236,-0.06596591192849044,-0.004131824968817995,0.024977039183073278,-3.9816471303646184,0.0016052958698506842,0.004597684916815356,0.0021639505420511587,0.009411974928861411
0.004056876546538544,3.704393284432463,-0.02594462131427174,-1.1694132891172915,-0.034918090374270766,-0.02955383925868034,0.01104533108050143,0.002089380310245194,-0.006896166033497447
-6.064576297284148,-0.0643537150092645,-0.017893857511511443,0.006386693917715569,-0.0035769432587038907,-3.509478385487265,0.0019028172669224575,-0.003753271655054111,0.0004820546484395269
-0.0628130381798633,-0.018756239129286725,-0.15952004065140643,-0.7964536239048727,0.009667240470948647,0.004255429902611981,-0.00288492530364997,0.005897382546736054,-0.0008160945607856083
0.0011956240644975737,-0.0006048933663718387,0.005948803135546372,-0.000878429721197644,-0.008535337657560406,-0.010476015534777457,0.2311663686507281,-1.2147581529750502,0.0104976763899511
-2.9708441488323483,0.002577952270346919,-0.003467088525018626,0.0120152776377737,-0.0002769146711623094,1.9252608430958231,0.018936607141544548,0.6473559932868523,0.03076459084883848
-2.362393831782922,-0.004113517106491145,-0.0005356140459119776,0.010536990288433891,0.00608413714874452,0.11621092284818563,-0.00537310027226098,0.014384747954028332,0.0016351420883661816
0.0037593199798484824,0.0002757424110945983,-6.51945868090152e-05,-4.57171208785646,-0.01052229128951376,-0.006992598175530794,-2.8085038086284038,-0.004391442614026055,-0.009975551285371434
0.0035777900038734627,0.0005108801883953462,2.966159758741572,0.0072583657888521235,-0.07525124342268208,-0.40220996056440683,0.015405589076769255,-2.0710240716170056,0.018155391413714923
0.0015703451273125085,0.0023752698143093554,-0.004343586693747556,-0.14974977409585266,-6.004982190204495,-0.012920356263319555,1.364332486725317,-0.0031674834502868204,-0.004179365090804625
0.000993608897010537,-0.006389878467497737,-0.006453747510054787,-0.0017925640721933311,0.7592800403078168,0.003254320786359198,-0.2892192336169115,-0.0036465948324137104,-1.1643358061285884
3.693431789130897,0.007263806162099161,0.0032583840598456194,-0.032820865047844205,-0.007112664425106163,-0.10375019181656944,0.004713061039068732,-0.004426666918470304,-0.000304522681922402
0.01002123095553567,0.002936618255846374,0.020342946946275572,0.007573480314139305,1.3932923257882486,1.7230804868964853,-0.8032113341780929,-0.02104381335824229,-0.0014552795368025003
-4.0252884371273,-0.00477979380101301,-0.3098893050357344,-0.0065765635562507335,2.884440510240071,0.003280654857885368,0.09385908953334124,0.004986219081132615,-0.0009288111754189726
-0.009171940704784146,0.003448601759777079,0.0038284380110220817,-2.3270641032199753,-0.0037833042778395508,-0.0009496827088076951,0.5713214752804192,1.222227408485914,0.01742530790148835
0.004869199505334761,0.006921453775019961,0.017260687863519697,0.0029072561551492324,-0.01654176381078365,-1.859863988125435,0.02251166364818169,-3.8878959938094226,3.136567816051145
0.012798455306517013,0.024524479619354098,0.018638248082237158,-0.07756030392630556,-0.0036315611452228252,-0.828034674915708,0.00860860165014414,-1.6870239803708065,-0.0010119242201242634
-0.004450069057738653,-0.02409734939679225,-0.08140896554395745,0.0014253590804621538,0.0027188421650022436,0.0013668945472824505,-0.0013838786438010598,0.0015857027411854243,0.0002784881362088076
0.005765466118973303,0.009743220257734693,0.013925084967480385,-0.00035051166412044155,-0.002449877361938746,-1.5549546898724906,0.004858735670220424,-0.0038538492731841605,0.0011744874486971611
0.0020893873464201684,-0.011501032904845443,0.003258380467991704,-0.00010322117971825126,-3.677718110768805,-0.013940539490909454,0.009692349198262831,-0.013971233977827364,0.0017401438736527018
-0.004173581523984565,-0.031855665023737684,-0.001230376036074128,0.00140356476501455,0.016493433590598627,1.0682606810692883,-0.005938130707063172,-0.002422996449500975,-0.0003756843809181315
-0.007954459040485577,-0.9629235128061024,-3.7685308619409597,0.05548890159178797,-4.094442481011903,-0.001141116867050318,0.007273539853149713,0.0005493332398501232,2.9063133630313907
-0.022791084364860624,-1.4830838154107413,-0.0017895474557288182,-6.666944809978859,-0.0002460762038004249,0.0007578902477321744,-0.0033246421525170806,0.0019623899526301286,0.0007097698277298559
-0.0007335607408958042,-1.5213420963596027,-1.7503590294141902,-0.0014625416601985464,0.01177726049937177,0.0022303157398990956,-0.010443539258118514,-0.006784399496174279,-1.6036956398370164
0.005424918642303989,1.2411307374426812,1.120061496857541,-0.12159078733182316,-3.266591125781467,-1.5867313601884714,-0.004851557688308028,-0.00177489464637004,-0.005969588174562749
2.8158204455465278e-05,-0.0023741274884337047,-0.006648607078513678,-0.0032616236542978953,0.004751750828352395,0.0015828441394686956,-0.24528275704914626,0.0006281977737879452,-0.6316922964051509
-0.0009183380596884668,0.0036343094286903953,0.0024300176368052323,5.694119880627816,0.0017983397526996781,0.0027119810724463636,-0.012762732206078164,0.013101556416360918,-0.0016807390501506654
-0.00030452645164897457,-3.1157941776572864,-0.0023614030996340907,-0.0008559271151850345,0.4026030903298481,0.004998821868804466,-0.02878996437822598,-0.027963689794071156,-3.6054294266938665
-0.0017299886534504136,0.009048027114036683,0.004027285898526074,-0.0020039937850761386,-5.227597825818292,-1.3667274940676322e-06,0.007455664026390206,0.0028678219633190456,0.0026068588834704982
2.1455731054844227,0.06488981620056694,4.709630841062044,-0.035346755028581006,-0.005987499959612279,-0.008874339900313347,0.00039785636856871573,-0.0008575899637800911,-0.015103209565111589
-0.001247020340712553,-0.008927109055182169,-0.016186222323149455,-0.003440004482457913,0.0008288841732080823,0.0002901982204080565,-0.003198644876022234,0.00011284544190970462,-0.004238586161814865
-0.0009024930036303294,-0.10525391839544879,0.00012488493654236668,-5.042558864743551,0.0012081281594036389,-0.00041010927104433235,-1.337350562555377,-0.025500469304959472,-3.647254987655888
0.002734637353060781,0.007449717933614959,-0.004096999606345141,4.045777844744579,-0.002144904857216869,-0.000908470762481717,0.004447333045549338,1.3313842381462828,0.002165467673892925
0.9274161248342666,0.8476318823625585,-0.008929562261139126,-0.003108254855575007,-0.002053258500079369,-1.9974457439958604,0.0048714490982988135,0.002696899264788685,-0.006193332666952114
-0.0007661872206848736,-1.9629431265756845,0.007109171855079005,0.021476172026003344,0.011408241509072381,1.3291973217247182,-0.0054363507443220965,-0.008595261708460498,0.002334539081414065
-0.006879972732510939,0.01389672176982415,0.004050405080669981,5.5319280248829426,-4.416308405223693,0.005076095910009182,0.035682420174136684,0.05388552897517267,0.08170288403469184
0.012729690768627434,5.1560808389411275,0.06940587115921326,-3.7936522112982534,-0.0040540574987747435,-2.225162775504078,-0.39431411817565554,-0.00744236616614697,-0.008726749320956337
0.00041156888069504013,-5.004521849467125,-0.002197551168021644,0.006216062288547507,2.0157105896936867e-05,-0.00012249087901221152,0.0001582648222041294,-0.001187255501960331,0.00042550093924446984
-0.06891137489368308,-0.01731190845313537,-0.047201531545448,-0.007755155946003255,0.024985600183313153,0.007065484787510274,0.00044647684730599393,7.228822493963416,0.00181968176373562
0.00324182623283162,0.014868319066931299,0.0037707173631495324,0.0021065744074873424,-1.3363252999056794,-0.0037677859617533498,0.002873699880426915,-0.00012629822730249145,0.0001913819985232719
3.6474596138189566,0.012628562482868283,2.482568955114653,-4.543765213694604,-0.004063715636854565,-0.018502200354476174,0.01002431473087105,-0.014485975757719795,0.004724842033054691
-0.0022333494658959875,-0.2838674188187782,-0.000654419078104978,-1.095747901714724,-0.014950535250693352,-0.004474483941077058,-1.9751425095134008,-0.0019310579928040776,-0.002810281968144958
-0.009503722648172728,-0.003726737968445237,0.002178549822523082,-0.006035809010841541,0.014235099717099348,0.009262530016506154,-0.02185868793250684,0.004948058785998019,-0.00014321867659866782
-3.543612086450395,0.0021643647144081665,0.014657350600129015,0.014496213736403661,0.0028350315633215994,0.01626208756018265,-0.0005753223792720058,0.00460841698068094,1.1489284831623738
-0.004026370910443512,0.0005177868444864869,0.03577058734998475,-0.37374992455269707,-1.1134212300742359,-0.0019113180476703004,-0.006475785683078645,0.0017521377243244545,0.0006381326560349677
0.003393212774985504,0.009166776184358716,0.005118626540959497,-0.031042926107899896,0.0014762496182388174,2.6349186707942023e-05,-0.0005592937701022538,-0.0018534816798822448,-1.9631683644222047
-0.0034903095491762987,0.0008741393946126719,1.119130025199302,-0.01900055372882179,-4.845061656264763,-0.0033462529653957573,0.0355765980515584,-0.0013498156379175112,0.005873736002993835
-0.0005943782074004939,-0.04075879489350667,-0.0027044574402829,0.01238813612088966,0.1709573514156293,0.7174099688074029,-1.1088466833998534,-0.0036824963198045027,-0.0008515827696571444
0.0038146182900079435,-0.7992985558066202,-0.006344155479456,-0.0009244411842152349,0.18402277943025735,2.6748825917814996,-0.013187570128992493,-0.034234973674623734,-0.006329715509543931
0.008538979337393286,-0.8020212740922572,-0.11013825258040637,0.005673628619229327,0.05790393713429523,0.0006340155591646329,-2.533155267149539,-0.06559335740849892,-0.016259951144376946
4.362893890222164,0.06689314712304983,0.00014737104809147035,-0.5617600773756337,-0.003674877782290961,-0.003398783374161891,0.001589027269754864,0.012683798267410198,-0.005374796569153711
0.0018465892134319761,0.00873785517162473,-0.0004876620381883989,-0.07291312043935783,2.6121886860718035,-0.0006264518661681512,2.7922442485511625,-0.002766100897279855,-4.881219885697218
0.001738489801834539,0.011499100803287143,0.04264612890083685,-0.02343536643720605,-4.85855053619788,-0.010843018910662527,0.014159520061189871,-0.005006986981878327,-0.00010946219868104151
0.0022508721279772704,0.01505288725691889,2.0844451219578426,-0.005682627077716069,-0.007846443033263244,-0.003634766795709089,0.3654710206907147,-0.002350850199648135,0.001824901425967836
0.01549828143299227,0.03676315245803574,-0.0022534815742432934,0.0027170533308754075,-2.20095578128295,-0.7618773220334933,0.766070193908081,-0.002032681362532804,-0.0014040914919495923
3.555026479090517,-0.0005465989894127296,-0.005014441866299124,-4.968063020619091,0.0035542163551354616,0.0010520604908213324,-0.0026535804785780964,-0.0051695198866829805,-0.021474431837344515
0.0011346334932805652,0.006837394265366253,0.0012561413727819404,-2.3118467830841176,2.515540810644364,0.0013227425786311794,-0.003248934455867274,-0.0007221737986039473,-0.0052730279821461
-0.008071291154732409,-0.007969744128451998,-0.0012755267923702694,0.007713064088763649,0.0055644927079575865,0.005607709729007682,-0.004637980571582834,0.004972780436096755,0.003176454944545761
0.002957996865067386,-0.004018521233136558,-0.005993084018673442,-2.8431636125465465,0.00025972064912502084,-0.0009151620112531745,-0.0029103839803869646,-1.0337529746628658,-0.09337103126139035
0.00830049219815654,-0.0006256780093873981,0.0035957765979102163,0.0056022701102171335,3.5052438164772752,2.6523575548181846,-0.025900576883590348,-0.012542923731797329,-0.004832696466075211
0.00203994793437839,0.004677780296099728,0.027798515269126838,-0.00033209457747578573,-0.012261148685259753,-0.0033448674864702413,0.0071852463726531784,-0.0030517745848586807,1.4808355646860742
-0.003916551339383971,-0.007090395221331227,0.007367910818216945,-0.001572200342163206,0.8266556996469829,0.007180688488680125,-0.021893919251807666,-0.0004296433476519571,0.00055595437215421
-0.0010451077161709624,-0.013616501944846857,-0.013025105879797577,-4.18673722342515,0.003655326526429084,0.0008134486849352342,-0.0022990557199975836,-1.1829049135733787,-0.01099802519159905
-0.003926522980171224,0.022420148371518178,0.009378816561017453,0.044112295740776256,-3.0237364875903814,0.005317909563801543,2.5433358876463816,0.20476779893624686,0.6115433703065063
0.0007654866179607152,-0.005966279545707449,-0.001486606372281083,-0.0034715828684788,0.002765392442530486,0.00030078771519554147,-0.003560254688496905,-0.5361285705230913,-0.006717724009317184
-0.0010061676589580163,-0.0013728157738373845,0.0018494263863551071,-1.5037483567439798,-0.001413648843753583,-0.00020382879394586394,-0.009560862536158314,0.0011998104503095032,-0.004830547437579662
0.004135618141714141,0.014549310567235976,-0.00682634878251172,0.037013126577333494,-0.000232452047095383,-5.8300399160871735e-05,1.5934022337199774,0.0013671852411988304,-3.336399233499869e-05
0.0018093774323019104,-0.0020356874617714887,-0.0032252952984053104,-0.0024125261005957157,-0.01482535660689787,-0.008040676777466433,0.6962921425853266,-0.0035563474655894486,0.00013202824230626594
0.013738700955728218,0.010858551533893951,2.4142372094299986,-0.00035466319290024424,0.008792724425899776,-0.0008129802390891734,-2.5936981326085427,-0.5286453561576816,-0.008291094214479556
0.013910538212479505,0.012073516201300517,-0.028544753543007395,-0.022086387105339087,-0.0018151417330793673,-1.0490701374191844,0.003321122640059959,0.00021362897380022621,-0.012435013419156895
-0.015518299971183036,-0.008844188165572017,-0.015523512548076811,0.8264364130745182,0.006368090203993965,0.010945465330119364,-0.0011941067716412376,0.02230864454201826,0.006688624395515933
0.005207606429895877,0.07936957807344427,3.446235475539849,-0.007555115261860781,-0.014207638430278821,-0.4916215143939784,0.13558049368438263,-0.0026073350512817797,0.0002570686102874517
0.0032191830165400406,0.0028429396190291223,-0.002180390552423842,8.766438328475932,0.009278152672594745,0.0026012567358701943,-2.7846675661993157,-0.00172491887754223,-0.0068426671674457415
-2.019196725156695,-0.020058809337517143,-0.0003010234651927655,0.02713086642501106,-0.0003874816598971112,0.0015612458801919531,-0.002881155062666953,0.0003203975322316458,0.004465312347047168
0.0009288615802657552,0.013161129254694131,0.005056559520432298,-0.0024101317688024412,-0.07353609555678442,-0.0038292779773258685,0.015771983754478903,0.1488730284392265,2.6107405081686017
2.7385331679302136,-0.017830825522277965,-0.020277276928665412,3.7835516155133284,0.0014757182107465658,-0.0006302693931489814,-2.7889689845868704,-0.006596790241938641,-0.039180859864188844
-0.24030449013232147,-0.00011840515712882582,0.002885700244125336,-0.002452484980766112,0.0021677689654247823,0.00972361147892864,-4.257718108579799,0.7272703848217246,6.592427693732845
-0.005240982799987,-5.926963750325612,-0.000592548764700232,4.283656023236099,-0.001735740022852067,0.0029199822136170422,-1.4661174436079243,0.005912545450535569,0.0025888281113379367
5.100671725801588,1.8925292377908718,0.0008893089617476452,-0.024847557118170775,0.00656673161934658,0.004772404472106936,-0.004201101221262396,0.002550140697437028,-0.00999345851724677
-0.0058720641604266665,-0.012738541161123544,0.002088378082841465,0.002854091449724588,0.13459613422173408,0.020220752145734988,-1.0229587694773432,0.0017630236015860512,0.0021974765888803337
0.019421780526510245,0.015102022079746952,0.0040279309345012644,-0.010733752985501756,1.582470488445624,-0.0010252105856306364,-0.01946613490251546,-0.013259422615794722,-0.06088121977816606
0.0007107656982226936,0.012768734647394989,0.006155820009149653,0.003652805787399496,-0.020137686893004325,-1.1738413172493152,0.10518214107850532,0.0012554106000653995,0.00614535265215352
0.002078668309664803,0.020288294250287296,-0.0006361501955005153,-0.9534235291869582,0.6891489718873515,0.003003437328622657,0.0009605077742935132,0.0018965909690674028,-2.7069911466585967
0.0009089907251789014,0.00406650664264141,0.023694071770425543,-0.001733435237876113,3.483670072561488,0.0011413209225692722,-0.010910779165557266,-0.002411705059723688,-0.0009139394769705957
-0.0023812404509560778,-0.015331620997952503,-0.029953847513269998,0.07230242561084703,-0.5450580901751003,-0.001131194143605893,1.4643304660869572,0.00412641320926996,0.006290959452682796
0.009457979866686304,3.337122037230209,-0.015230204332125373,-4.1529985833912986e-05,-2.76185183637698,-0.012332697298035183,0.01878634323895037,-0.0008838742097174872,-0.003033321923200198
-6.84980899857844e-05,0.005734168878387314,0.00046151068953334193,-0.0009687622862256359,-0.012541560700068288,-1.240050498116043,0.01357597407698341,0.001863898092166286,0.0021367606298100866
-0.0049533844712352434,0.0027785207048228178,-0.014228107805868275,0.013680578999595492,4.131852620728468,0.040213639947408286,2.708041892174917,0.2669524777118125,0.005366005274786042
0.0006913436665748872,0.00618585165274492,0.005612184539153493,0.007063960240493372,-0.007707719722279322,-0.0010598215717323807,0.0026660241628654866,0.003585355562070504,0.005178391078571443
-0.0016299508210169816,0.022741982539003947,0.010004142437018467,-2.0669745142454774,-0.025178132759511404,-0.007146883692906794,3.399213674968131,2.5617776579823377,0.005582662696268018
-0.004072510146046371,0.006819420109524743,0.0023916497758144583,2.5003963596611474,0.0009631562674045882,0.0038998857144030147,2.8289741723216384,0.9136439072534069,0.02424042110717675
0.0011985455832784339,-0.006139991573922635,-2.9585750261150456e-05,0.0032122201803794805,0.021071165395843305,1.5707605350611724,-0.002944669967378688,-0.004501499337564259,-0.0008357804874174583
0.002137816008390324,-0.002433669937565802,-0.0010207746846406791,0.7212651103356852,-2.4741713340078597,-0.00640055758940665,0.06755115309034479,-0.0027277898965999076,0.006520367492384639
-2.4579785950268236,0.0015335661190212044,0.010230564905439943,-0.026364058474116242,0.0020461929732621745,0.0018549738651530122,-0.00200800910268914,0.00028273319858256453,2.033523339099036e-05
-1.9116326076873231,-0.008677895724631776,0.0015837731391633763,-0.018382563299736723,-0.004050905236588936,-0.0010870735562874198,-1.749647688304949,0.002757646752525312,-0.000869206094011133
0.1834649231704061,0.0027390286212951964,-0.022361393710860464,-0.007154396288731278,0.0005946865956186348,-0.9755937756302332,0.00031521394458682017,-0.005855402444947478,-0.028295898453709473
-0.042949911121573044,-3.381882308645377,0.00044163894537252446,0.006135320420585247,0.003492664210385049,0.012976035076786574,-1.2794213183906606,5.083554051830929,0.0021487392636330427
0.00033127717161263913,0.00024858049847916374,0.004081252203991475,0.003397033784539284,-0.001101109703193155,-0.0002986327783576138,0.00018265039414399288,-0.0009420913267422785,0.0018092260073664275
-0.004629585463680406,5.096589918398676,0.006345203993449518,-2.0984781792855793,-0.07040480495027768,-0.00659107625432199,0.0005358888960705493,1.7980502564260585,0.0029367139168097155
-0.004820919739828163,0.0011523685998483715,0.0013379843150122112,-0.1794044958410592,0.0012622839132896552,0.0003702435997117899,-0.0032525041456478374,6.275167389278316,-2.669911326512147
0.0047303412927612865,0.007728814979450993,-0.008513348620162986,-0.00829996429501576,2.645173876631709,0.0028970096383198196,-0.08917401725164416,0.0011352934643196512,-0.09585248316606591
-0.07695719043463248,-0.005468222877464822,0.0033664782545760586,0.004446113746902491,0.0028948619500445572,0.0035792286251393186,-0.000990004621903854,0.008373479809097209,0.3470435194706474
0.02513075685997368,0.08097243327690073,0.7431750658140004,0.01383949133579393,-0.9217082064210871,-3.7350090206646094,0.00044083900458269376,-0.0001977773247258119,6.829600263632231
-2.769732990841712,-0.02040842378107558,-0.0074647805338157215,-0.016101155385004066,-0.008523040114862988,-0.014078451035396566,2.555911495118821,-0.0009164136316062426,-0.0012979350648777421
0.0295477613871088,0.04713520490231898,0.010338278127348353,-0.028633517845639254,-0.006864308058982624,-0.011682712543375808,0.004544609696768464,-4.500985456290931,-0.0037693046731378244
-0.011103687615910018,-0.0017085974669087123,0.03640666826238598,-0.004794281879896944,-5.087093073032089,-0.0006560897719825598,0.0032573687000923375,0.0006439509195908955,1.9549491326370287
-0.008841594442681393,-4.46445004740256,-0.005444414525615206,2.117823466863502,0.0002878821025467243,0.0029735712840649065,0.0019714993005927953,0.006284564923452549,0.007629666959476693
-0.0009622167382337676,0.0011215973341325916,0.002047633825624143,0.007214442196679702,-1.5948382694783472,-0.0027217851896833914,0.012175822929587793,0.002425720137832906,1.816678439232855
0.003068498178366033,-0.006426999321738486,-0.026773920876385193,3.6233580216347003,1.645849446403203,0.00333071690177017,-2.0683075494073826,-0.0018493491768292536,-0.009362520134222398
-0.0023476505208648944,-0.005377779031251417,-0.00421471186443817,0.04051461790097251,3.0413659402664592,0.36676022609924797,-1.442427795293742,0.006565441338707151,0.002198021295866253
0.004121290338107944,-0.00036363046917840727,0.008015819692393109,0.006504087169574341,-0.10788249058904165,-0.7510363667321043,0.003954416153131642,-3.0314831170067005,0.006495850762952046
0.8479386063693541,0.00253595938293439,-0.012372286696212778,-3.3988021935844808,0.00323018324648364,-0.001394107556664601,0.004557413834313601,-0.23458277121123242,-0.6692678216315704
1.2043628538926008,0.028190598095870323,2.593769547094834,0.3019223073769626,-0.011630890630007551,-1.3870274886984362,2.314357872118862,-0.003934735066847467,0.008665801889437809
-0.006341763572658008,0.013934178688897486,0.01564705102786959,0.0012783278079999674,-0.005231890269243352,0.0009806420906942337,1.9793043333050788,0.6599402483674646,0.0470853776859798
0.0170613029270376,0.018839393359371473,0.00562864871077699,-0.06914147352158745,-0.004494039708672619,-0.005302618746463698,0.013867176805714868,-0.015344033904420351,-5.477027213584014
0.0008901181776330882,0.006489511831905673,0.0011905566072300954,-1.1864414411676477e-05,-0.0034259041602034425,-0.0010311822131047013,0.004934325383659744,0.0023199464031792,0.0021247841668649587
0.006310816631733514,0.0053967177789332205,-0.0036045714120535137,-0.012069599052668288,-0.0033299540992295703,-0.00399968076489725,0.0063183018359380515,-0.0037535672607337082,-0.0053127933167866565
-0.00046048456636569717,-0.000788912821769021,0.001446790213027761,0.0018420972356999429,-0.0004626377619944768,0.00014519356250686653,-0.0015616202229338549,0.0005668196263806793,0.00044601928956731097
-0.004298455734495318,-0.003529934123116807,0.0022738626738445554,-3.5360665081670657,-1.1055044147956348,-0.004180330236280921,2.783647830222471,0.002379196795089066,0.004864255775131892
-0.004631454996454884,0.004866851536074815,0.016604913555600915,-0.013287185979461727,-1.3809480707761637,-1.2191355287931636,0.00509637551858895,0.0005440293327772794,0.003979554731136611
-0.010062303358201942,-0.281149799370504,0.0006866981728084077,-0.004299732155497016,0.07922952443935577,0.6432312410162967,-0.08513940531574715,-0.0020934674025287836,-0.0016610759742496243
-0.0005392206391987026,-0.016194557918241544,0.0013123082034306299,0.005234813235303766,0.024582478413414183,0.8809383115137803,-0.37227375124835005,-0.004148575101856726,-0.0012275638225623204
-0.0015463564685759558,-0.0016280629971336797,-0.00213526311519298,0.006457690382503689,-0.000717071799787875,0.00024598213128533867,0.0010762606007138004,0.0030694471424852045,0.00347869481014411
-0.0005030339257050646,0.004318576334383392,0.03687239110303606,-0.9175006972566524,0.014657303205367903,0.0024731928004891315,-0.005489331133196437,-0.0031183797481055126,-4.919713628433055
-0.0034780304941952533,-0.005087917336568104,-1.608712541684455,0.18920722694959888,0.001046335999242044,0.0016052699620668657,0.00043508865234627,1.7079814984378217,0.00579274835950384
-0.004821145058813604,-0.0075459291139499925,-0.0032767991624637494,-0.01128782066128136,0.5622536457264418,0.0026885371371832144,2.8735475586389933e-05,-2.6391557520773468,-0.0017317539066322163
-0.049115705404580434,-0.012375387885173197,-0.0037913361028516913,2.6118308995719834,0.0053466588572771735,0.10975776030189975,-0.01045037813812957,0.029784601511647264,0.0034717438768156906
-0.0359989494107783,-0.007218305976412036,-0.0016907544173869193,-0.0005062899382774488,0.0069943049972177596,1.720315497014693,-0.0006904425855760732,0.009519915000749696,5.239741009980808
0.048206882248137684,0.001813401747827001,-0.04475561207541744,0.027989554212815185,-0.012261100028852594,-0.010746666394084656,1.9513820032063482,-0.004285722986330236,-0.005799884145537617
0.01552574010447727,0.008481427269364544,-0.004662798494129178,-0.0010050426771933407,-0.0033702056091973187,-2.340971126840535,0.009283781918232759,-0.002121565794157926,-8.052856086284091
-0.002648653254830628,-0.010378192338991895,-0.00023730900449838346,0.006422715824437984,0.0192798861205174,0.0071288377217801875,-0.36026071221226513,0.0005124223750927715,5.76523038090253e-05
0.004279417626198162,-8.910518274144092e-05,-0.003018944633163812,-0.013121174559832832,-0.012186561699635605,-0.420192927988386,0.0005178021416974554,-0.0035714779706696115,-0.004604082269636638
-0.0024672727389740533,-0.016342057051308458,-0.006341955532124147,0.006406728370363643,0.0016602909530566146,2.378722537874008,-0.005171009148713573,0.0005893856942604059,-0.0005214796882587573
0.0005285883092139639,0.004555493520474895,0.00648073000051253,0.006045687123641372,-0.11504466139251429,-0.0025811398281194668,0.006840962159609227,0.004481497309656506,0.887167435145425
0.00848614027284567,-0.0016481205369175702,-0.005713356474821082,-0.0022130766028573092,-0.0019342806410894238,-0.0023462790188622375,-0.001996187762057347,-1.1127619801211504,-0.07424165319560079
-0.006499949253346376,-0.010171911679156475,-0.00026311504432237814,0.004685451414296267,0.0011514719569644765,0.0014259856650931592,-0.0024188915159804644,0.002500961446055642,0.003972604215744025
4.765900642672489,-0.009219581114717518,-1.970278326816536,0.0022896407354287343,-6.70256152514731e-05,-0.005715791284561733,2.1372393543904815,-0.007388544030868999,-0.002483455437615051
-0.8681891855103872,-0.2056331250666752,-0.0018189340767278443,5.75310123745446,0.00762527728265195,0.06345705674792756,-2.3275243894441933,0.003188399489489499,0.01019294895660737
0.00228264287660325,0.0024695888437320946,0.0009464505079489669,-0.5679157710741556,0.001379232850349207,-0.00036433813576593936,-0.0005918070400346268,-0.00488572697681378,-0.007687911744487888
0.00504702422873967,2.2078306816018465,0.001250781943962033,-1.7524977897820602,-2.065619164939956,-0.007892665307731347,-0.006676504736381147,-0.0005362298583958224,-0.01125372695027902
0.008930269818640136,0.0023591103313363535,-0.024920310419244772,-0.013944199884177286,-0.004786759305281317,-0.018392566828508664,0.2767708336234444,-0.011613417283987714,-0.00853811664081943
-0.002856927317145966,-0.16393678658926658,0.0015507880225729847,0.004138688509115603,0.01652120239300816,0.004785914572953173,-1.2536971677407565,-1.3382850775863107,0.00037809380329841685
0.0032630138882421365,0.005813474521967302,-0.0036571698200344293,-0.006884700988564535,-0.004675396249762306,-1.0025404516322889,0.8536389273367395,-0.0008542803473098604,-0.0012192018527342474
3.6870859761896795,-0.011051157382418415,-0.00039516276976493334,0.00878076560417605,0.0020362009659480734,0.0006971861485876013,-0.003958604604047913,-0.5805911155163356,-0.002555706204840351
-2.5577103235237866,0.0177820403871147,7.425178646295487,-0.0019231068532739775,0.008120242575015396,1.2632286287890153,0.005314979132614542,0.03732855824139276,0.013209353427676485
0.004761780798079136,0.005598764115234731,-2.4694255008349897,-0.0022646450541346018,-0.0019866123103926547,-1.7206021138000611,0.016488787295897034,0.0001302768410461324,-0.0013123818551268145
0.003908092706609849,0.005138908993840341,0.005607884893336586,3.6733597172694767,1.6813068778513574,0.03130377303883469,-0.12786807827038785,-0.0006342427873201142,-0.002164142881773341
-0.002463246451827123,-0.06998169519093381,-0.009265545899537212,-0.0026385149442577542,0.02240295828871438,0.0028884154174825677,-1.3241938457603246,-0.00046806302302998884,-0.0023946965492594617
1.3214130172548633,0.02683232220034136,0.001114919495020656,0.0025606031343438714,-0.009683182370510891,-0.020331937587437225,0.44745968743704245,-0.0009485707956508036,0.0016343948111224756
0.004101702680591818,-0.03320120241962765,-0.008977446873316981,0.0024112422664381936,-0.008119380765624058,-0.007199639688992038,-3.1603770950102104,-2.0706613402634217,-0.008354030836649887
0.0029565379251073475,-2.669272458415254,-0.011400829082359159,0.001257344895499638,0.007247544180733985,0.0006690534425353527,-0.0003534977750756195,-1.396172669399607,-0.004338032370980922
0.002014527682062053,0.02956806734380006,0.0009019232941169162,0.05037451631320103,-0.0014894588625803272,-0.00028622509380856853,0.027682675261474273,0.03192664406330846,1.7521536778033573
0.15580377121844047,0.0067052879194174145,-0.005132248011183443,-0.008509939484403557,-0.007386649260560958,-0.03009818204781913,0.033169145281227275,-0.03140847038605567,-2.19698122245118
-0.003140702857759619,-1.8016849728797086,-0.0011946374942183487,0.001787514036566469,0.0013762658049740195,-0.0003616012613110398,0.0036529926235919982,-0.926092933121222,3.6103653466691163
2.565915488252753,2.054429687146671,0.0011138685761602311,-0.0013130689741100428,-0.018411338516656967,-0.1229472926877066,0.01747727174326158,0.0004728428338002654,0.0014849778296361776
0.005316324374371939,0.0003048959813784849,-0.002610486440710124,0.005016009554592338,-0.004858219988368525,-0.004817918228556831,0.3082298645472508,-0.009091242330914458,0.00043145883696373314
-0.0038335638896736073,-0.0034445462901854062,0.001004893882448208,1.104237877105202,0.02854679680373036,0.49326518768180116,0.0007993098989625552,0.0007671289748836635,0.005772220778140548
-0.009764852794157425,0.00461624801437438,0.009252184701695684,4.436022434094726,0.004001655254752191,0.02825697925288606,-4.546912587836022,0.6423087546586066,1.5733674364116035
-0.01362497325409254,-0.07502470153051166,-0.0052248340645569095,-0.001659783944178654,0.08885256848221812,0.021133000614416447,-0.8377512036164175,0.0032539340197634604,0.0005422044352642883
0.0019051359305363013,1.9711759415629764,0.014810630200734434,0.0003242992569020494,-0.03122227665312355,-0.005808905606508207,0.040246117324786224,-0.00011176792416480439,0.003707064868932622
0.02751806194116785,4.587163020816135,-0.0061179481007303735,0.004161481539428927,0.010660644092362004,2.3864758376908615,-3.1192229805277805,2.486182475405405,-0.02308197731863837
-0.001680374812244278,0.004423822396694045,0.0012804520954261198,-0.018223739843834665,0.05848138792144608,2.2822584339074306,0.003272846166393728,-0.0016232372546221606,-0.000807689569974325
-0.005218694083420969,0.00017423914195870043,0.002220991408615593,5.668951352576317,0.001976808766437738,0.004338657438499423,-0.004455065350627424,0.04301838162052168,0.003820761084283787
-0.0017719266870057128,-0.028763369089631063,-1.411903635578288,-0.011886855354105445,2.290459811489689,-0.0006632726142377227,0.013796054185934405,-0.0032585971007348053,-0.000727119883194011
0.002029163278013918,-4.709781340428197,-0.0044967581921554825,0.011943424738150993,0.19242416584867295,2.5913371445245605,1.4860259951102588,-0.01288690076837784,0.0026826824400303234
0.022515882262229087,6.9931933370221495,-0.0001508218692564279,-12.288923689710353,0.02216259194939718,3.49676530068215,-0.03619006638006153,-0.002986954098702109,-0.8949770921088023
4.959835153098942,0.0044558200772748646,0.017393749456373092,0.038545017567505696,0.002156091236542368,2.7446645566955796,-0.0015629463335997545,-0.002938071494389287,0.00652817350936874
1.904947636531287,0.22874536809951707,0.000322055826511035,-4.512859408403559,-0.004976990166746645,-0.011639297053653984,0.8369635344654633,0.001546190453199793,-0.0020940595778754234
-0.0008941929142829955,0.010666188698860978,0.009988357697749358,-0.0008240203181145928,-0.061816792937306145,-0.002794586898302184,0.0191016881559484,0.6007311277367294,0.7233986912102911
-0.0009138661952049292,-1.7915228692144056,0.008807911357132815,-0.003631569159877428,-0.0030457473172517333,-0.0019135797212974316,-0.0021489590769344195,-0.00932283069152907,0.0005352957397596065
-0.0027918269313151594,0.009029358384824706,0.14425147314434864,0.0010955247015224294,-0.0013368476370436214,0.0007518849233041191,-0.0003209656380598039,0.3274083456907463,0.00949408090802448
0.015623959850687437,0.0011119512298383462,-0.0008440692837113975,-0.0026159197090495356,-0.029154563818523632,-0.33285853087748907,0.0019520888036927836,-0.6299749094328724,-3.395151136362417
-3.0069560917006335,-0.01209795925592639,-0.003996295242471304,0.0066359979662082465,-0.0012506025158380285,1.8870863877635915,-0.010521320577578264,0.006772536042095465,-0.0002750450091927037
1.8625352775953965,0.03804857616604697,-0.0007304566085702107,0.012300810309547593,-0.04712519162620253,-0.006123732681938327,0.004272320103065844,0.02229211618087653,0.00254826411891388
2.944311043315486,-0.0109655048891296,-0.007184854991216781,0.00042092439279035535,0.0005260901017539177,-0.0029134542491263075,-0.0002531732007961182,-0.2266830337738292,-0.00557885222512447
0.00680103683809289,0.0009443358321161166,-0.005111575248690358,-0.007108736213871343,-0.0018680310295419045,-0.006705735200816307,0.6873977434861134,-0.7917431056289375,-0.004105457199662907
-0.0022358653911800745,-0.026798755809706906,-0.019336530309213056,0.012046279261086291,0.44154197876073537,0.009051996796946451,-0.04975225556802386,-0.00048315561108153854,-3.327291699374444
0.019922309747815448,0.2883565896691369,2.121077218744479,-0.02355856100143197,-10.295038704672283,-0.24507173850827968,3.2344846279230226,-0.016362962477128762,-0.010797186183934007
-0.009543701394202603,-0.0058303548214131695,0.0008994953196092394,0.015178688447453088,2.744874296309312,0.06967757132668218,0.0032322547108892133,0.0078238054390352,0.012228390868361552
-0.0009241096762569196,0.004252182627536754,-0.00523449190938817,0.0025905338746652655,-0.015349578218884802,-1.6413045774372406,0.16770174372713686,0.004344471270099641,0.003107060802663767
1.6108519528137044,0.0039340424189870035,-0.000967681376005284,-0.07701441741284906,-0.002109415100063572,-0.0228361244012054,0.005227171044119783,-0.05653520147617639,-0.006539324738876778
0.002822379377490125,-2.1560227370985703,-0.058675177890149546,-0.030233880682465835,0.01614356342889492,-0.00014312671746881216,-0.00469961400080289,-0.01697192939666262,-0.025915958795509272
-2.989778543645156,0.003253371045806891,0.017536478491323865,0.004647763676756775,-0.0035251914682094265,0.000691414147074812,-0.0001939841311992055,0.011356679132316999,1.3326208440309606
-0.004207455984995391,-0.00046331761812953495,-0.007742305097871223,1.0454401090934484,0.000329630303952666,1.750972819380098,0.004391483971830978,1.0230400825486332,0.0043483046881402435
0.003833967465345558,-0.018725617743580336,-0.004201837316489562,2.0666788914189342,0.6831009659290318,0.0033800636117612692,-0.6517868855946062,-0.52634963234939,-0.008292973440693964
0.012414473115246325,-4.823221388686875,0.004959946728213212,0.010339312752694618,1.4008043139055228,-6.038180783709407e-05,-0.049172509120935626,-0.1407900936375504,-0.0049797721567463845
-0.20058233388099495,-0.08998623701004735,0.004124841645474657,-0.003362754412384529,0.0016420212266334833,1.9897007244898048,-0.02196776008731055,-0.000562823441938132,0.0012910032587525669
-0.0018824736378976522,0.00262147098807105,-0.06726042778142735,0.006859933549326574,0.002595217257860258,1.1414653212249082,0.00044067529144296846,0.01625699588564535,-0.0002967659232337126
-0.01880764547887763,-0.024083683178695966,0.0007556002368837283,0.006005354519209448,0.0034365112909183065,0.7252957140594901,-0.017926740798637555,0.0022265120518631153,0.0018847610864193487
-0.002959481707466188,0.0012709746509763007,0.0006275702106372106,-0.0008275592747553628,-0.005369871448568535,-0.0019234985191767134,0.010223190060005553,2.204815297043981,0.024925894044254382
-0.004309574984533536,0.0056659105078256475,0.022205449726004092,0.0003273532682445614,-0.010642233281635272,-2.5750826483403477,0.008534920889757658,0.0011352694158669632,0.007606263685717193
7.422723508176639,-0.006734747494348027,-1.00660095641304,0.41155446481472385,-0.004574780771821052,0.004637348247076237,-2.916500957447189,0.015839006721576,-0.002030394910598976
-1.2667396731768328,-0.02185975621127592,-0.01568837980170462,-0.00200987621078493,-2.561134524619923,0.0023279878876763527,-0.022648385055406662,0.026975230561962597,-0.001548051742624977
0.0021455986041304656,-0.0028626378771626874,3.3185380007458023,-0.02747269030203637,-0.1794529747710661,-0.11599594459660342,0.006362159747180171,-0.009965697462570977,-0.00027568523439351275
0.0006738678942785591,-0.03298676032902509,-0.003317144817892913,-0.0019045201185096828,1.0012211618410518,0.001296394288236526,-0.013586032326374552,-0.009066658540887663,-0.004797156990157713
2.752068795725076,0.004385763633409714,2.116598287280678,-2.0600594164653714,0.0019289652623330211,-0.0006603409277185206,-0.011103566902622646,-0.8839068321278943,-0.09002730152189142
-0.01270482370902085,-0.01005456155627886,0.0012518157614712605,0.023221505925537587,0.0013664407064253453,0.642440344516817,-2.2353614292162147,0.009242686613274854,0.00887698931124902
-1.0756095559637031,-0.024811758941465423,0.007651431610401747,-0.0022292081784042557,3.5366878331371248,0.004970333155103396,0.004015092667837681,-0.0026730748712955263,0.02481009448578574
0.0001901088130868249,-0.6172368480018489,-0.004910106443028068,-0.014871652724619044,0.006653936418076198,-0.0003668445559957198,-2.0852271657593837,-0.009908038810735063,-0.006904678692357171
0.007645351859570514,-0.046748766328117,-1.083412351693085,0.0030107405086133715,0.028550715750648048,2.7471844554729747,-0.18497166787697772,-0.009012947518147463,-0.020563334641968745
-0.794416823658096,-0.013355369289883259,-0.0053293788166482205,0.01367092521471186,0.003847474374384638,0.8581637595828522,0.0013636119530651344,0.005232024816046384,0.006551878728635319
0.0917177391285613,0.022547315904182547,0.012781668382069185,0.019701978915468515,-2.218388826259872,-0.8557507743340018,0.0030856354365107683,-0.0071179876104310175,0.00026355678476207463
0.0023447112677294933,0.48863928746592944,0.9506458160495735,-0.021209515283545692,-0.004485165434664232,-0.0018518689993312902,0.001299188556022244,0.00011971290331708065,-0.0014177910559679842
-0.007263350605876664,-0.006553210640837706,3.5145353000241153,-0.020079228092668232,-0.3533927000444991,-0.006801637341388028,0.005475567891046537,-0.0012247433808930657,1.3511970329802578
0.00105529348986679,0.01482863679831978,0.010888982652385774,-0.01257327808412027,-0.0068815161361340076,-0.00235662218847859,0.019961725492040214,0.005189694012283946,2.2574861286559944
0.004224066997713523,-0.0036645529528822225,-0.01607549022910998,0.03817580569290789,0.004374691675307518,0.0013499064653087634,-0.0013447130116764662,-2.1479609304117293,-4.204034537854346
-2.61608714370464,-0.049407826866600724,1.267745020237296,3.3059867359640054e-05,0.01153379314791557,0.008384645338056121,-1.8896436671134391,-0.014617292624892524,0.006723164629058455
0.0005836307806256155,-0.023598151764543274,-2.53623059872899,-0.014420148702485506,-0.00027027875113322126,-0.002061628021375067,0.0024534823831500485,-0.22433328087327523,-0.003635181166507016
-1.9762280206096203,-0.001333384735507523,0.004580160592494869,0.001226302094867033,-1.0193453123183427e-06,0.0015050115106588977,0.002051400097225993,0.006064416584771845,1.6320438120427192
-0.013765947713689424,-0.012258226703151007,-0.007749074167206932,0.007389324348382164,0.019545229243698836,0.1554791058761119,-0.006629302818363079,2.894431283264402,1.8721988253159183e-05
-1.4347447235978146,-0.015673143211898805,-0.02635739807766207,1.9208458897896836,0.0071390966652660065,0.13507531487058172,-0.0032694569950938654,0.016784018721308122,0.00010976514671236226
0.00791972935372471,0.010393058024231766,0.0010885522086358027,-0.013812780398236482,-2.681309703909971,-0.7476940673707269,-0.002884200966905606,-0.003393220245323139,-0.008504453333999344
0.0035352169260036053,-0.006306149710929885,-0.004747205261185831,0.4910043859537332,0.01673306551475434,0.9054918919546717,-0.41056827365815485,-0.0019355652921675699,-0.003625422327971242
0.002077415121517563,0.15149836421262183,0.0066442264793812565,0.004059983676560847,-0.024177569107784163,-0.001857323760084403,0.004463213315732212,0.008297803749739154,0.00361333140715964
0.001862740232845351,0.0005894541645632914,0.0007933653965212077,-1.6716552110659801,-0.001204989227165823,-0.0009700225475537274,-0.0030068319074606155,-0.00273602167981531,-0.009337049853398283
0.007518008176463614,-0.008393587931376852,0.00011082598107658992,-0.00538821697458737,0.006071357502481334,-3.5561354317562355,-0.0165477365056258,-0.23191337616534513,-2.7700028976049653
0.0034318103352279083,0.028680860456417136,-0.006900148280391802,-4.0154441385660675,0.014514735402490597,1.5650817762580798,-0.005076087502985396,0.030430973886194437,-1.7528984868946915
-0.13270403241830256,-0.003381653824974451,0.0037435490364068555,0.006327294252120325,-0.002297589381648424,1.6968021208905055,0.008380535276985679,1.3929176280505495,0.0899460604609692
-2.616114200225408,-0.008099507189198055,-0.017684940453704844,0.1594118605151763,0.003048286182076379,0.007301230125613296,0.0007471273368564527,0.00866678338217288,0.003907886771603579
0.019976823815514078,0.04463682501607524,0.8154950465069333,0.054485280425713656,-0.03958118931711563,-1.2287689852067425,2.7684569587870396,-0.0035166707099237443,0.008703998341607688
3.482336813650363,-0.001775116195433548,-1.094210272142416,-0.0012358227222381089,-0.007029356660936542,-0.03659155556005274,0.0070440487443496555,-0.0019749232760586004,-0.002332550081960247
-0.0009139314087962052,-0.0007338853482611804,-0.006976864076671134,0.0023601030889857117,0.005704691989819544,1.7307276359284542,0.0005801818486579902,0.0020839965823719235,-0.00039942422168291747
0.0065159376417625245,0.027759588956088377,0.00036848397369617714,-0.004176508977207344,-0.021854221967828248,-0.010664320822504764,1.8624054624740594,-0.002326762075637534,-0.0030471090486322455
0.0007826990790933477,-3.6903215182461793,-0.00806642024227483,-3.780757872358027,0.027957766934705586,0.0017620179277123421,-3.91698332722682,-0.004807962773336788,-0.01024889111406277
-1.3640050670413335,-0.0007604659319326282,0.007478401952167701,-0.05412695427490018,-0.02559569838648096,-1.832200644495949,-0.0011770480737449684,0.0027075915499261936,0.00183756087272253
-0.02818242794140499,-1.4020071635079052,0.005945265652731711,-0.0029878451691706357,2.4515160310936412,0.012486429031324742,-1.1449362538179322,0.00279963879720912,0.003526044946721052
0.002775453747033821,1.7535992844398969,-0.0007032885189333198,-0.015127933983984154,-0.0056399750326992515,-0.004097032226926041,1.9877617585272964,-0.0004895914445103072,-0.002930790402394237
0.0309493605675284,0.016897252107307352,-0.023690685877541452,0.0038928430051653473,-0.003973842218729429,-1.4949642217255257,0.02069858067782579,0.001662714883293192,-0.0017350680769956262
3.4308671667012194e-05,-0.009188315369575331,-0.04687970188486708,0.15628952078538516,0.8985608644495556,0.0061983900148067685,-0.00359854695830745,0.00037097011785791395,-0.0008863340130161861
0.002574442626645102,0.0006127378627353906,-0.002643287673844582,0.002855153497621735,0.007895954540464128,1.334049268709864,-0.012165302482827087,0.0004165922904199068,-0.0032555792312021813
-2.1879423845589083,-0.011270986092908795,-0.0054751670519280725,0.01155376467658284,0.0038227765122237495,0.4863420305945837,-0.013341698080031592,0.5985939868664425,-0.00014632779735529455
1.806045201410548e-05,0.0005571804768634474,0.014457763108526409,0.0004429731678453643,-0.014740415900480919,-1.6838168298718856,0.008059964527086322,-3.3602064807269807,0.008702928725546732
0.0077333117971094545,0.0009853672336117003,0.00403163464531503,0.007430424951943515,3.712610249025424,3.5299044618045627,-0.00306072134586146,-0.010865765661095983,-0.0004183151981122027
0.02164278273229949,0.004903401720604392,-0.0075612091752065395,0.012739500890907458,-0.02063820543212691,-1.2957444231931676,-2.4032706698734474e-05,0.001182883908339656,-0.0021657591915724365
0.004720147384276705,0.005467607347489245,-0.0026180295415304663,-1.6130824150460372,0.0007684513153522043,-0.0033270940164744703,1.1650973139981544,-2.993409839410565,-0.004687877269362234
-0.00010533882275061586,0.006634974110644154,0.0014745163097591892,2.4117647373400173,0.0010751836712220315,0.0010174803425049114,0.0019646978060643347,0.028780805147267136,3.1727011885478884
0.07879036626542352,0.006746688429203296,-0.0018179013805668482,-0.02060241833183536,-0.004215302387383954,-0.008486415027836444,0.003806192772536656,-0.029662760605677914,-0.7821035221923759
-0.010398601895547758,-0.009142113838873358,-0.002706932664243226,4.5883471575751775,-0.0013935891675047026,0.00015557294523756577,0.003969483984269543,0.004387300219553233,0.09249961032573312
0.03488027335274869,0.0017650983954347332,-0.0005211165389365814,-3.268817462825798,0.0018608891669426586,-1.2421778396638725,-0.007255555275860109,-0.026145562708228064,-0.024615137378824675
-0.0007208112244585273,0.002915509078751464,0.006262222709168376,5.270738862518377,-0.0038416924402619513,-0.0011468509059797231,1.131891872364514,0.0003837939521232111,0.01830929090885748
3.9112514436220186e-05,0.16347431953268077,0.010453265390862887,2.916793871368215,0.005698765878767805,0.007924454005778556,2.5686349190313638,1.407812357597154,2.322953587717487
-0.009591254695326165,-0.03994420219509759,-0.001576022783233948,0.0006946708900629206,0.022107647475049452,0.8354696832029052,-2.693191100289159,0.0006127378097026334,0.0014391788400650281
0.9414611101094648,1.7445760566115691,-0.0020460336687347525,0.013119792319530036,-1.541361382922549,-0.027883703906536383,0.037361303400249055,-0.002091075902609641,0.001046753362463345
0.0011273718263620927,0.0006866993897962081,0.005369311925113641,-2.6176727713472183,0.0045819859080584524,0.0013314453965569818,-0.6684310263132197,-2.5252322286814244,-0.01571547473276219
-0.002490440626324683,-0.0009864379894218567,-0.0015898770937683056,1.1617025893323678,-4.3839042054631,-0.0020737916473872464,0.026728660205911997,6.4549272208299655,0.0173841663865405
-0.0005538599073183024,0.8261311243601455,0.013287798291681849,0.1135969977736895,-0.014494046667485133,0.00023299674862317654,2.8955624115489713,0.009106443713754898,0.02085840788615939
0.005472486079851811,0.0010314139303720937,-3.5011703709171833,-0.006841603277136029,0.006730792661597946,-0.001121053710358623,-2.812315783948985,-0.007659399909040537,-0.1152044734780685
-0.01025307964745428,-1.0694719540215836,0.003306023925219354,-0.004130794517311708,0.03715255880496077,0.8329301648840374,-0.016457121722868742,-0.0028802167095640006,-0.0005648770077701709
0.09319800587730481,0.011864827338695774,0.004622479996931161,6.305755425786779,-0.006724935414796948,-0.006168427029918072,0.005946735724435583,-1.363040910919267,-6.356736494510637
0.0001840836595292514,-1.1738916014155634,-0.04169979959699279,-0.006218627362350182,-0.0021482596925273233,-0.0012574602952996768,-0.007035531259299059,-0.0019348020332157787,-0.007214471005641708
-1.7439869762674722,-0.012399312979146098,-0.004054228638654761,1.2409880100339024,-0.005452564424975326,3.1810571518815665,0.0064343610002463025,0.007753386927713605,0.11796304865339557
0.007579839968662763,0.0023057118190425124,-0.007340903512288959,-0.009556126696624891,-2.646005080070681e-05,-0.002204752152775327,0.016945964779606432,-1.2946155715491452,-0.006074709019792658
-0.007041569235052102,-0.053226838993451514,-0.03444317270222227,0.01623985347436885,0.013003909187658015,0.02587172078233102,-1.464726871931519,0.006160491213999876,0.0024995729273210297
-3.213331275602308,0.023316401287738903,0.44225812063656056,-0.009370416169159707,-0.030269213550038643,-3.161455904617325,0.034936558689393604,0.005784831126980982,1.112577004258555
0.00734134201431591,2.6646408683445273,0.0013268617626970396,-0.0018566840206311191,-3.48595257464898,-0.7363443035414488,0.08655683066319425,-0.004981986273824596,0.00044821552848303345
0.009925179830175913,0.006704415814829406,-0.003717382415202579,1.1253517593496463,8.43378287746048e-05,0.0005258569954129351,-0.004257361371503846,3.126337264274995,-1.9670419435812005
0.010232360192883407,0.0027288551571408443,-0.007345958986035735,-0.005740974416554603,2.5612807699439273,-0.0018835629606592658,-0.014055337898672826,-0.008411113332535015,-0.16830594823951694
-0.006706677022716861,-0.004464153418957297,-0.005112897788490975,0.030617474820001128,0.007391813531124983,0.0056449075641162244,-0.0025078796138869337,0.02405771481970384,4.075605975108624
4.237528602410966e-05,-0.003358768966369184,-0.0022470305994583607,-0.006878383533502133,1.7771740282509043e-05,-0.00019813245020108535,-0.0027909049918383127,-0.003918945469846259,-2.1786572221686704
-0.8327286957277574,-0.05599708288941028,0.003252888690233633,-0.004818620922256687,0.029023349527671133,0.7877241642100459,-0.011947136515212592,-0.003705032870541594,3.162643274521801e-05
0.023238614991489465,1.3298355576145484,0.1817458945302615,-0.10934765621128001,-0.0019371548903746264,-0.003089389235850229,-0.002282278093617407,-0.0056172280290123265,-0.01300656712102853
0.002843505026218092,-1.895567254999219,-0.01506223599437061,0.020183989656583978,0.0052379187274702345,0.001060256315068449,-0.015657395217819337,-0.004653450297604106,-0.0045126795784768674
-0.0015375615261674462,0.009583531064447814,-0.0006870651764050651,0.009556010851366044,-0.24507114663544605,-0.001077614888264758,2.738414519299512,0.6623729549787025,0.006149095073349348
0.0037861444570264774,0.02422938748166059,0.5158930069085603,-0.028653085381605513,-0.001272489343584756,-0.0046130865703178925,4.700525916634917,-3.228106123202566,-0.001224525622642119
0.003977841787594805,-0.024283851477139948,-0.1010053112224728,0.0004835990314165581,-0.0040919032416589785,-1.936457568114184,0.001027290840460937,-0.013836527452360442,-4.149173708554194
0.035080680819801764,0.011959471111626799,0.00816289745696525,-0.004648580297809266,-0.0037140845736231345,-0.6961446508053076,0.000887901838877412,-0.007739743687044768,-0.0028017921203863207
7.594135130867421,-0.003475709384227199,-10.525924215542695,-0.02055037607568222,-0.004178593902559591,-1.3463183712575084,0.002278719202314039,-0.026549716668086032,-3.8875576431432677
0.002827107382518631,0.02542922263196417,-0.0014003282287008405,-3.6782084242598545,-0.4404316835896932,-0.01017548110635047,0.008630285559056343,1.1304447299467004,-8.295657175071396e-05
-0.01880823631196175,-1.975555916836015,-0.00928900804873118,-0.002943008241067306,1.7055690817175648,0.02464607639904698,-0.007194759265382218,0.005925459199160728,0.000704407517081706
-0.00947680835697555,-1.453033570847266,-0.002772878331576238,3.290928651218288,0.006176155148365198,0.7072254022653417,-0.9508351183119448,0.002615684093050165,0.0015376658432355514
-0.0034348147425787845,0.004470588679527654,0.06291805600537337,-0.02212371144123726,-7.1924887618686455,-2.0320448825639232,0.0043913505972007355,-0.009380613443376928,0.006677775943797058
-0.0006094154884093339,3.044853003791096,0.0012367358545301715,-0.0095307124313805,-0.024534408003681174,-0.015782005994860737,0.20991166644379722,3.187496848173549,0.005243600421965887
0.008814572615770696,0.0861706516667549,-0.0022614495364278175,-0.028145747094375954,0.005315258172886028,3.839568507472167,-0.034962232251473435,0.009371000942799839,-0.7301273538736268
-0.003132937993621937,4.023630983529601,0.040724612072102956,0.0034476692954592894,-0.01659734061933861,-0.0014001715815858042,0.020880280898034204,0.006631747443645163,0.7751412437702307
-0.004658676415317149,-1.9893591926293692,-0.1143404743053894,0.004360333758123005,0.011664162502951714,0.9606571058946163,-0.0008907686501666429,0.0017486405391272204,-0.00022998761944534665
0.004929045940810842,-0.009212604308735547,-3.4480470977360262,-8.808891836836232e-05,-0.0012015088420807866,-0.00463073775839617,1.4452254563544182,-0.5501121460817031,-0.002419234618396944
-0.0015042278559803564,-3.2196865292656103,-0.0014890820182066056,-0.0014394123222201236,1.680600921163082,0.004301520744889029,-0.023515428902072893,-0.0007372216577561938,-0.0019435654696008334
-0.000908906131037874,-0.005642842864911444,-0.005131969299304523,-0.006234542039775376,0.00752545111087355,0.0019726422705305313,-0.004360076786511502,-1.9578971223103978,-0.014940690720959784
0.0011295485877554057,0.003929919739334953,0.025487698977467554,-0.000827364767173531,0.014724579015834387,0.00223292965370599,-0.6048619383818553,-0.002539083266002898,-0.0026577043558071558
0.0013713772742667517,-0.0719075958172084,-0.0018445431669716307,-0.006817600162576585,2.40081657587492,-0.0008745984057923761,-0.01471031389031365,-0.01166960175156917,-0.005638338134249381
0.8055876518598337,0.20672581783775712,0.0012590548910496394,0.00528414780591516,-0.5244197818126359,-0.030811467889806043,3.7513490612039018,-0.002153573110252636,-0.002355531143854001
2.6475629921772956,-0.0047207261443831805,-0.09826731681324236,0.005885017394809372,-7.856747788016223,-0.004809436527309696,-0.006804337797482789,0.001957667942767055,-0.5063117971607498
0.03527906607240684,-0.006864341005463875,-0.01410221320710412,0.09600480688227042,2.9404856958298518,0.0017286190865745676,-0.005097914334847896,-0.02651326654608667,-3.423789145989007
3.9406404188667485,0.22105595745694995,-0.0024173164505241294,3.749831587851707,-0.0004986509009021894,0.0024606753561455252,6.983349194298129,0.02471682106408679,-0.0017606325600501155
-0.015367547910621858,0.0019257434852395713,2.9752819312901515,-0.023507280630862736,-0.003357219409638566,-0.0002565014731180991,0.0023399240800340104,0.10317897111980462,1.4946814325428754
-0.0023995817194577135,-0.0007865792422932705,-0.0005731974278554899,0.32346018459264037,0.0014166062817295177,0.0017752890321591128,-0.0019598691989877967,0.04006505132539326,3.945044162641077
-0.0035359244500142717,-0.013593608804693846,-0.028885417738002794,-0.009766813755380577,4.978148500022755,4.10862464487132,-0.011590034561462362,0.003744464517858148,-0.04611306466076398
-0.017081654236292924,0.0054565033890067935,0.032869697098730305,0.0015770513554917895,-0.000686473677371624,1.3314891199403873,-0.0020569034313333012,1.916587731982847,0.012130789020745117
-0.0009354983126732947,0.0034343181713273312,2.690325865231419,6.05563107105683,-0.001120076598113244,0.0004962873310703367,-0.0010515657896323673,2.9668635599833033,0.007660389148635233
-2.4831363229611947,0.0251827829552257,0.14422170755109953,-0.0010105914637265302,-0.0018582287976136175,0.0013609700666093487,0.003812362382695462,0.13832952751367242,0.40169449178779204
-0.031833192178525316,0.005516948554867618,0.00559889246505052,-0.014167175700062318,-4.600121638035532,-4.294819733162861,0.01227880682001739,0.01926399467449258,0.011263328721241542
0.0020785803572170016,0.001259260796120959,4.963449114052225,0.002872839655493869,-0.0004122182475181686,-0.0011724419937364566,0.0053504844442244775,-0.004769879232960463,0.005081852386310145
-0.015545366320734617,-0.5217035472585305,-0.41712679616954235,1.106193533410654,2.1144543851556663,0.01587385572385086,0.014328061059847257,0.004866559062292932,0.021501644943976436
0.01921284401748158,-0.0015238840263540599,-0.0009453364874040596,0.007518940603277783,-0.004555851355520224,-2.146756436318778,-0.019972368064220536,-0.004234655469508755,-0.004676434353799688
-0.00010922801443540367,0.008844272784811431,0.0027869752448798583,-0.0055285703553675635,-0.025563858233139836,-0.7359777415843642,0.33919357498520175,0.0012914033664761671,0.002674001723081898
0.004292970290234811,0.001478184498278671,0.01038697504007335,-0.0012080174519616509,-0.004449513340529135,-0.847134403342729,0.004306454533014495,-0.007693586218806921,0.0008815394567167683
-0.6047568466004407,-0.008425380523326816,-0.01226679869329633,-0.0009707899069156007,0.004962410289849858,0.006103903091748592,-0.001844645083256151,1.3356101199998027,0.000594747085031818
-0.004694667838920502,-0.005595478887908789,-0.0007710661099817214,0.0023393970928529684,-6.728918366872687,-0.0018376709484748122,0.015287927086990475,0.0003935052910455858,2.9627082979953845
-3.0764879794171263,0.00033901866160945815,-5.033747073981331,0.004152704132371374,0.0034030616131704994,0.036704625069483465,-4.010465478767758,0.03850882901966951,0.002266132499003027
0.0012926220173603582,-0.008229821728111776,-0.015459280539327436,0.022448573823862457,0.026875251423911097,0.006351171358628102,-0.13470892783133182,-3.0337603916432503,-1.646489688377434
1.7582492306766906,-0.0008418752511620111,-0.0012432492528919765,-0.011460327618831489,0.0027503244770816955,-0.00022442398352409373,-0.006033483859572506,-0.5389932661756744,-0.10915730095238829
0.006540396721061666,-0.00908858092811321,-0.003497620079803109,0.010806965943092703,-3.3083534251624958,-0.007186434213125786,-0.0008898906211882617,-0.011884316887369843,-0.00214095420427374
-0.0011613618558388534,-0.02583376626550335,-0.04067726667899465,-0.6281124128212136,0.004872657002091705,0.0005352032917884908,-0.0023428339407083575,-0.009295454103382655,-0.012261592463267556
-1.3398801377324807,-0.004206089951963853,0.0019341490604606127,3.016418240859415,-0.0035268780832726394,-0.00043593754821183146,0.003120470671528987,0.007028856254044142,0.132420356583639
-0.006800206734113773,-0.013977549454314758,-0.006496060306603671,0.010565490908757608,3.3472103706524052,1.4720559013227152,0.0037471973222405926,0.0025021103867401417,0.005432975593570701
1.5052124103838587,0.01659558853615703,5.92807102405526,-0.016437463298458133,0.003250317989320406,-2.8942752487751062,-0.0027894629042714003,-0.010029467801981079,-2.645887432705864
-0.9920959862986961,-0.017378493615258193,-0.010109643744267687,0.000752498149915331,0.009860724370132874,0.02677247191669494,-0.0057056729514371775,0.004462600935065424,-0.0010167699903145151
-4.1793897992137685,-0.0809406763314532,-0.00440615001592725,0.028305515470386233,0.031644856667155774,1.0001898293137512,0.001419455950170484,-0.009879985523382595,0.01053119390956428
-0.004449016957789334,-0.0032643132628788762,-0.0035236985048675,4.66200149341861,0.0021650930479787337,0.005819159689213288,-4.097580978105521,0.01278942019568877,0.0035524926008961163
0.01307727482788124,0.016285062332463202,-0.004660915529225025,-0.24599868751205556,-0.006440037116825372,-0.038951483995463054,0.4484469880299399,-0.0045010805925914475,-0.009746321494453942
-1.3737370442914474,-0.012105951259595567,-0.0057602876856121445,5.0852873442122135,0.004816328074553872,0.054935497681849174,-0.027809726350951594,0.03005532330230054,-0.0019493990468376077
0.008974696665748893,0.014288753858041486,0.0018092515305343435,-0.10329800058065179,0.0027930679652229395,-1.7301099166442275,0.0019744800592501333,-0.003993242318874522,-0.004171237554025972
-0.001505762396557404,0.007045500492906864,0.012879385157526773,0.005929722288015813,-1.0540314560633137,-0.0013367289496866025,0.07029179040266842,0.0031497045009801308,0.0217203233989322
-0.00940463184362451,-0.009689669642568,0.004648554871390243,0.1574436691396553,0.00464135504136723,0.017915508533200022,-0.8028754683468657,0.006722626016974714,0.010235058534234032
0.004333939273090904,0.009152458820077009,0.003435465907262995,0.025876382682157202,-0.00024275988649637945,-0.000550271705666016,0.4864170824486738,-0.0025424365065420083,2.2645876056360454
2.142589571393806,0.0007126365350222756,-4.080238132115703,-0.007603169912079433,-0.00017328219535678313,-0.004585108549064647,-0.0006373468163997746,-0.009658794004577333,-0.26203161917646
-0.0274284479315742,-1.4407072383585515,-0.01384448181415859,-0.00012192176637701446,-0.007858725086389906,-0.0022045840280094974,0.00441905401784781,0.0016754319611504143,2.881712380326929
-0.004850972067113712,4.694123022489016,4.4919657283461465,-0.6864521366415288,2.6097580822710142,2.5090479641629955,-0.013820933888864295,0.004240013562358924,-5.673748918949635
-0.001113839046206832,-0.04291614016592846,2.2913254215126946,-0.0006456646258488005,0.014619246432030608,3.4404928863890483,-0.008089516467706254,-0.01660103903238017,-0.00021849408804071324
0.03474052115366308,-0.00142454712576226,-0.13740700891049118,0.0029678379626329613,-4.612577723031816,-0.13521234365787294,0.0037162083591086503,-0.012458625840804087,-0.011284441531465888
0.004048452827986531,-0.005544953933414476,-0.010894111156962458,-4.220430503046389,0.21041080810143747,0.0010552872854059647,-3.7120115512097094,-0.012274232851694909,-0.5154210341259446
-0.0017384882901173826,0.00019944402125423796,-0.0005589703864841769,0.0005317492862361778,-0.0005922129227518558,1.967255652193684,-0.060721281576236796,0.005399221949130589,-0.0022064686716080518
-0.012509190492667483,-0.00020731705054341954,0.005144242936284889,-0.004608045016029006,0.0023809894450691847,0.0021488707992253246,-0.0009832009337210883,0.2162928898402921,1.963938880486939
-0.004181795075352272,-0.009135640279501284,-0.007742244560200992,0.000302206360960372,1.1946451952377477,0.012338401283492395,-1.2389211624335257,0.00388085818591771,-0.00017797857197310134
0.0018717689147021536,0.003493454257516189,-3.0862865090229086,0.005115383061963026,0.015224656775815441,0.0033537519532360026,-0.7967270158066729,0.0017551675784814292,-0.016405658587483357
-0.031257782820456825,-0.003595202936510048,0.00034759275230007193,0.013036839208501159,0.0032140641383826205,0.5499000497086954,-0.000761953325824058,0.6065523978832279,0.008926409132256556
0.005129508494851873,-0.19470264070917143,-0.00635589515391451,0.002592940176775981,3.9858075015357883,-0.002258089673635222,-1.5012665844873825,-0.6510934121645735,-0.006984938099948629
0.019244370696740357,-0.003534296229292133,-0.009292302217151526,0.0005160954336891569,3.1624956026158553,-0.002322354120543102,-0.018102407854451642,-0.897612196158583,-0.058510223735026665
0.003291999257280656,0.08056379204557447,0.02212999835909529,-0.009883432093462267,-0.33169840422303776,-0.4490620911289572,0.00503508036454732,-9.435998701093178e-05,0.0005242930429869056
-0.004848698933997412,-0.8665615493215619,-0.0019181232537291539,0.011832365067331357,0.00410413924383405,0.0015364789292404628,0.0015879729909436513,-0.0014093499915055225,0.007377380926856984
-0.003064233385877177,-0.019084902067035697,-0.012136526100897323,0.02506843364461217,2.2629134231020753,0.003649950293194204,0.010445029614325089,-0.003986803125617264,3.3714421516656268
-0.00987966600658069,-0.048940187462379714,-0.0023397606386524514,0.0035540582694082064,2.7390919795999698,0.016829317849423153,-2.167664175026971,0.004966231438219242,0.003783483959919516
-0.0035898858787882983,-0.0042992725388772066,0.04373239683222039,0.0023538283139792233,1.0135116037948095,0.012883020873820143,-0.049142140423074195,-0.00018313679541624803,0.002422822495300609
-9.201822912960084e-05,-0.10504067227642154,-0.028397184828122635,0.008487845884379428,0.0009755417047565072,-3.215408036846777e-05,-0.002110931089910513,-1.2178452467426355,-0.004983188575628064
0.002229830522717628,0.020314743364296062,0.010558775663445041,-0.016888963288586356,-2.9796102668376125,-0.7671608814287412,0.7135710466677945,-0.0036645835108537472,0.0010474695238722985
0.014896701634906022,0.0014420091494214502,-2.2840264280278584,0.010692093188631657,-0.01082857950669424,-0.6656053788639517,0.019193229610378046,-0.002674373229138555,0.0005884048639015066
0.00443027747847342,0.0024820776033487382,-4.905158257475367e-05,0.0058764185172815175,-0.01731486357239484,-0.8269643613898008,0.8901351902435373,-0.0018941930567288635,0.002228731758208286
0.916603659123595,7.15152851941056,-0.02274419219861665,-0.02261779539394061,2.4076269502709566,-0.009102108215221748,0.023242068928970683,-0.013026944351455851,-0.04199360804974531
0.9943541915207343,0.007753870990478667,-0.003947109178920845,0.0015902380637025722,-0.00554153918546758,-0.015538909653659116,1.122640577177411,-0.004124584759428,-0.002397171241282618
0.0037721161300242473,-0.015210335651658358,-0.018626222049305335,-0.005911986959080148,2.2932539312206224,-0.0012324801819967104,-0.005225544516523703,-0.034993349186330146,-0.9334998255935647
0.007507976434302442,0.005249473710529068,0.004995013083865891,0.0015642284302558344,-0.020148873471043202,-0.371798272716619,0.019359669979114633,-2.4864014675962736,0.005121434562762275
0.004021111256464902,0.011318227488892801,0.003781200168535451,0.00481934300771401,-0.007214803255897927,-0.002753060668221695,1.8642210659461198,-0.0019227799275707224,0.0006131246329259682
-0.012725394192398359,0.0045372681106012405,0.006866534233771045,0.027152286637806798,-0.0028345694035657176,1.4752694921437564,0.0054722162238719785,0.03539605010156316,0.6479566773866489
-0.0015042361994808758,-0.005595111708838158,0.0007185197401193418,-0.004077068623839543,0.004866949465840705,0.0016143573659401392,-0.34576311369096274,-0.0007286113059317827,-0.003127884416722628
0.0015847229489173809,0.20492810721932603,0.005478182602292288,0.012646361441688247,-0.02508831778378625,-0.0013548800399111546,0.004061751867134957,0.24687770353121022,0.006488342134272514
-0.03151294479401998,-3.694639331559704,0.002366304993784013,0.08354061122580543,0.003996636593623051,0.012948202099265322,0.00043324912302570434,0.006256628400052423,0.020674828632928823
-0.002761311307400073,2.4463545896342005,0.005027778006618848,-6.012566797247973,-0.03549687907535906,-0.0025032505314474124,3.3378617568418036,0.023101324390504135,0.005610711415750319
-0.006851301903496009,-0.00048036248886902796,-0.003773006247553082,-0.004476658845694488,0.003039481133349916,0.002421000572544941,-0.0005386616305473454,0.806072000873673,0.0007803912829507827
0.007504502438173501,0.007331627092792357,-0.0022910718582440266,0.016171959009240736,0.009613945445363592,1.2554934747258042,-0.0007903603675514653,0.0008147122319594603,-0.0009891442920806157
0.0010366647800492484,0.0004953328144360868,-0.12242192645100997,0.01635302671775008,0.0034550516290202463,0.0021320881216037955,-0.0007052409870549454,2.187954465734597,-0.004738271806484354
0.010090674467434634,0.005172089067445679,4.11807028681908,-0.0021006076176624065,-2.849257971183527,-0.18598278934821688,0.005609367464471028,-0.017221065963283287,-0.0031715401105416527
0.0017737572476636196,0.008743738180697333,-0.005850891976905693,-2.1274562353079713,0.19131603079867407,0.004053101914266943,-2.989152907192863,0.0007288772030735625,-0.024907108813246065
0.010698431567523634,0.00012898745338889468,-0.011817615334233703,-0.01744113073122725,-0.006075655136808661,-0.43127451029270436,0.018519258112069892,-0.08895212609892755,-3.0201138292999943
-3.630203080812513,-0.008868588978170963,4.035317496087227,0.4316755974216806,0.0039001883537372467,0.29995612199478916,-0.01746722792787607,0.007086286017681201,0.014862383926659228
0.0013964019754357242,0.007731291294688657,0.003692837154039958,-5.519366312195872,-0.002248345548629809,-0.0013417553509968896,0.006049947715819283,3.972228506253266,0.006656373305850834
0.8818186089714983,0.033410271730144846,2.4714229091471847,-1.457155908093119,-0.007380397787772261,-0.051433256487885895,0.0036923776929434667,-1.5539069353731094,-0.00646603414330274
-0.012867278530453663,7.297974363196346,0.00552383488666967,-0.0032419954023760467,2.9780099550448043,0.82483359571465,-4.441157801236838,0.01564989765843744,0.002720305988794476
-0.0037696573448850416,0.002050681362217128,0.004652423269230252,0.02188113580974389,-0.05306235976944085,-2.798802758209467,0.011473195371511119,0.00398378621645612,0.012925332943633967
2.4787613581017447,0.000724902983051362,-0.005563541025608626,-0.001556238821106377,-0.005244287858623499,-0.025370129922632823,3.1661680376350683,-0.004574611959198574,-0.005267550087826724
0.0037526287658994906,0.030298201729506813,0.0032202108620762557,-0.10254311298859184,-4.444823029755374,-0.0242628007650334,0.5566849020248313,-0.004420808439489221,-0.003041903040092952
0.00459067660019899,0.0034437966203247714,0.00511641735895315,0.0015442375134228112,-0.009506248191824176,-1.1210935260800388,0.0009803873003892613,-0.002200641673405129,0.0003596718239969165
0.007273892630427624,0.00022493367280820853,0.0028386567319401636,-0.0010705340823065328,2.6586104314029595,-0.0009326044337562567,-1.3634189095098663,-0.9367591142916589,-0.008147016010111786
0.003031801547903508,-1.3625184181878014,-0.011607336467530989,-0.021642037711430313,0.105633465826418,0.0005500621701376232,-2.0254351753885738,-0.572075425991079,-0.16798623046878253
-5.78888803651545,-0.04451460531746157,-1.1475623567403257,0.01748258317108064,0.008123354599078855,0.029868333795211414,-0.0074046281972912215,-0.0003795293000095441,-0.0041927096234881805
1.4313743801200332,0.0036034169953500245,0.0076406051634584984,0.00794458179256778,0.0004901933108687369,-3.2515434554094853e-06,-0.003276152408722621,-2.073780110710177,-0.0026948117655460763
0.007430673350656239,1.3395540455179336,-0.00042834633018804316,0.007018645492868426,-0.0012407445807328266,-0.0011376829223188223,0.20205102108269407,-0.00048564933536448607,0.0014657589772516895
0.004730522831715919,-3.8156302041512493,-0.07530166935256805,-5.381074616440111,-1.740275530464144,-0.01574305376466803,-3.019124259940304,-0.0023426498943527833,-0.05012368415409457
-0.0010004809536498516,-0.0005096582482537748,-0.006492817394361153,2.214276808198184,-0.0675995106988232,-3.123487202673937,2.4709077853304358,0.009025974272909632,0.005281288169940893
0.0005087283443714723,-0.010410958111345042,-0.025271611028299546,-0.0023277093703436332,1.6876918974377182,0.001385925352050791,-0.0057342499869519345,-0.001394150402564671,-0.005139657971786399
0.0025605422250509127,0.0031033907551766575,5.9057549378117163e-05,0.0004958273559013993,0.01870810638387785,1.2429584470030175,-0.004048939781735726,-0.00076957862304905,-0.0022009660004203057
-0.021602926627849295,-0.0014910946078169679,1.9483729732823176,-0.012013970713830546,0.01077342132551192,0.01613799255329133,-0.01846206034155475,0.5379699544115284,0.0010570567625923545
0.006303031995231526,1.5421893325808753,-0.0037134896098589935,0.0019747014574331046,-0.027620730889285336,-0.005448673155740345,1.2625398396909837,0.0005325273386952896,-0.0011157481073589986
-0.006477413001128384,0.0002210920413876822,-0.0005020800034875161,0.012177142373562648,0.0038277325887776416,0.39234810459955566,-0.0033880892972781053,0.035689262355359574,0.002787655257813774
0.0010586031672910937,6.221396126625829,0.06363661394206721,-5.224357932781684,-0.004488197770558561,-0.002287930278533393,-0.0019030677622015463,-0.0024129969455172467,0.0006241966621352672
0.010806110555141623,0.0029555133469319063,0.012589495066406388,0.010154160767196805,-0.11317357028841457,-0.40641879323910546,0.0027415829242468954,-0.006955420363071988,0.0015547500155489525
6.793040037538707,0.007960828126432833,1.5474963283470706,-2.6948879717555236,-0.008479174014119323,-0.08026091563022422,0.006360905769038652,-0.02240511192379945,0.006166775219457188
-0.0019096067405378128,0.021054668786432362,0.0127618155683236,-0.010318981124784025,-1.9181942125308058,-0.001914552597447411,1.4784121796468692,0.002554478104228,0.00282962884947428
0.1570720244201042,0.006715516496681666,-0.0061307777800077845,-1.9432888680822624,0.008001689002470058,-1.4033126620647745,0.001553992256574807,-1.1710337062434721,-0.35185360307850333
0.0026133866264499463,0.007112410141425253,0.036040161989313445,0.0005071800606125327,-0.7181676537256133,-0.0028676230712449905,-0.005819208600643444,-0.0005274894759197089,-0.0010539828439670464
0.6036495322976583,0.09164531723402214,-0.0010025287867938253,0.018931174852086036,-0.0031193001377678303,-0.001517063903693397,2.0791949618940713,3.9096904254640865,0.00022701003413094778
-0.0062276908203102496,-0.056989340234292155,0.0029932482772506326,0.011932070360479578,0.6180811682505077,0.020862659928527857,-0.008145111391679487,-0.0003707182635600177,0.004141074271266761
-0.0023172623196896225,0.0030089434430364548,0.1435289969425282,0.000949433161984925,2.729339447058596,1.6970801063723417,-0.0022543906164653876,-0.004075432173229254,0.0046361040172627314
-0.00035443521991800064,0.0008198041611555389,0.14737022805696048,0.0035337880348052034,-0.00022442088555030867,7.283806240303628e-05,-0.0004143285870174084,-0.003158051904402888,2.3130672452109264
-0.015204197236436665,-0.012641761441284816,-0.06614367493576151,-0.0044439124139855485,3.7251174605281143,0.8211320370122586,-0.004599210201448135,0.016054111508905955,-0.001184717897589743
0.0030230800273802856,-0.0038949832736969716,-0.017364041381162945,-0.013198791641097947,0.05553201500699512,1.9686269684389797,-0.01303509385934934,-0.0019458016167667649,-0.019674286638549403
0.00016605887889102069,-0.007685895571134117,-0.004988955748134965,-0.013359171111761173,0.009373540916388628,0.0008631275246089186,-0.0050404329047499564,-0.012050918555656568,-0.01341373013681026
-0.042345570963124746,0.006430987759530275,1.9998960038459777,-1.2175495631809756,0.00020292786645176308,1.273677840993418,-0.016324593354481262,0.13236862892629098,0.0007315400856258321
0.0003062947473403818,-0.020899947730370898,-1.3631543933246455,0.004616383064828382,-0.01554752024651787,-1.3577157276837202,0.001341788471735876,-0.00010313461912645015,-0.00017428041287729373
0.0022858697450546875,0.011640677694501684,-0.0008636950644056798,0.004787167245953905,-0.003526873403836766,-0.0009613899150097049,0.008094118817356607,0.6256757056481677,4.957000543467455
0.01841663198290297,0.011361425315673607,0.4031839251044252,0.03240362764290328,0.3112106512623498,0.005611642967502176,-3.290977237484412,-1.1152514423808202,0.0005451847613802893
-1.5064986065748285,-0.017565775161279683,-0.007084862531201483,0.023471349907683806,0.017258411534993023,0.07452365551758167,0.0018477025283517093,0.004805983146913204,1.6315884405565146
0.0019262407455189908,-0.0038378494336268392,0.0008570091559164803,-2.894759467307494,-0.0026896018019093226,-0.002858945905455887,-0.0006888448032321586,-0.027024260722806014,-0.003709994788270327
-0.0011552224612766595,-0.0013662422983976386,-0.0020943776118141394,-0.003617289040390224,0.0013614754129744693,0.00042160787602462123,-2.2480238815239212e-06,0.0004911196728036361,-0.0003453918009541306
-0.003444592332546432,-0.003215874996211058,-0.0008481988011926397,0.17622456035611775,0.007006123184792379,0.4742807822992534,-0.003206064344581063,0.00372966284573534,0.0024804765114601543
0.017082619270800094,5.104397875887081,-0.004522409211247573,-3.511384366909637,-0.0017518680739364717,-0.002863777323363296,-0.005913726707201042,-0.002735115189118194,-0.4863121830337963
-2.4849480721753547,-0.003951715586029345,0.008144563730991653,-0.0038323230307539236,-0.056568418850330406,-0.011244811361224447,2.4628513210756013,0.0010488997752436564,0.14413032363549805
2.5986161879029015,-0.004599087023387474,-0.01653028121581128,0.0028853225355383975,0.023076339020298875,0.0027369995949464675,-0.0006462353239301971,-0.06884445943776046,-2.1902080853832864
-0.002482812490844144,0.006918297121157907,4.269026352706776,-0.06419726644669488,2.434120968614902,2.0222603033553703,-0.005300701328983706,0.0013118689798101713,-0.003201864228528445
-0.014714590141449253,-0.00021357600200461906,0.0025525564738078117,0.03991949271732682,0.0006553018897846735,0.7326085733533314,0.0022611723074213164,0.018606945930945105,0.014953914812782186
-0.012313746027312012,-0.0014362490619944815,0.0049872917502947825,0.001057424022153185,0.0021094805055360826,0.002418585567672274,-0.0017736356683812136,0.03969543274539855,1.4481182304794664
-0.0008107932248436738,-0.003322180065273461,0.00029827844474559703,-0.016989048362469547,0.002350704801027316,0.0004641568064619574,-0.0023480732819806255,-1.5699026270608414,-4.084822575678029
-0.0014787435143126942,0.02470204209565309,2.147628129813664,-0.022504963246526843,-0.0024544373212890963,-0.0003905722196459096,0.0018135947219179507,1.1604520160362533,0.003678141500605126
0.002026381850428976,3.7945988893465845,0.01312722445668138,0.012870379083871303,-2.4150120997515803,-0.0019547358420496375,0.8329571425458338,-0.0004123345442477878,0.005675064817373511
-0.002448207049299705,0.0048316229817460185,0.28229442338861077,-0.003078456935175487,-0.020083136526705014,-1.1136186074682657,0.08376082455790856,-3.8888208672518183,0.03847727955043356
1.5900060950600576,0.010167005173925391,0.0007377121098364955,0.003062329186190204,0.0036120355756225075,2.8852431948218538,-0.06899691733973246,0.000703025799561741,-0.007500432325019051
-0.021033919637106747,-0.010217068311534466,-0.0023632410540465297,0.005556420116774053,0.0008177916272658764,1.175188217065482,-0.0006814704399551938,0.005257318980937691,0.0034349840706401954
-0.12718024201691153,-2.6123639827416816,0.0026942427778643627,-0.013592182241014012,0.018540611598886203,1.6024953531101038,-0.0020686621190019183,-6.998973584584726e-05,0.0013261585995140261
0.003594814740239747,0.028783428005628248,0.0014908211732860303,-0.029026437705943247,-0.016742230010820314,-0.4724954314264782,1.5868799528287139,-0.0007670050798885726,-0.002415631725853371
0.01054133761194441,0.3712378668219096,0.022482285041175568,0.003355585787058829,-2.2427724938092837,-1.1386807104438796,0.008399166483550921,-0.002882881169595397,0.002445785651725675
-0.0041978886311117986,-0.22244112786419312,-2.140863396847637,-0.004166193515805237,0.034941276677876054,1.210529472950307,-0.7710690392896495,-0.00019586121705922332,-0.006948482207002551
-0.5986751499526888,-0.004412059543911148,-9.053311538447482e-05,0.004975290561743012,0.0029316122248537347,0.0034726459634579617,0.0028343980162052304,0.007534418506765741,0.21934058897296707
-1.8866282605497522,-0.15730544472915098,-3.044727494788563,-5.93170503196013,0.0635821208715166,0.005895225218835372,1.0262602181524378,-0.0014680569744655637,0.0091647636431781
-3.3569539494857974,-0.014702204225966744,-0.003803890510380709,0.01439630203961709,0.005179686741839579,0.05151254953964359,-0.0825559093982422,0.003338333650850635,-0.0030087608783526537
-4.218502637491924,-0.0008999033971641823,-0.0020404521566942217,0.05852816363692884,-0.002628355509716414,-0.00064681715369504,0.010123477129752104,0.006874541831885795,0.05047496978728527
0.0021111517882296173,0.011023648529011781,0.0003012203329794197,2.930606297813909,0.0072620566932618535,0.8286898542089156,-0.03391807976755146,1.5358390083024371,-0.003588895990405641
-0.0038459121561911012,-0.004639506849519389,-0.009310122159958183,3.6194315164456774,0.00483273846203075,1.3590072814256051,-0.004569870621370528,1.8696516261075895,-0.0006004869217074577
-0.0011776714080058899,-0.008406240241807823,-0.002010016005706633,-0.000291332046080318,0.010534559867721671,1.4033386705748299,-0.008605722576289845,-0.0012751554869128326,-0.0019850397793872935
-0.059713079641325995,-0.004413271444583228,0.004130057887078168,-0.07842639340998535,-1.9911229391200729,-0.006402282600829062,1.531916741580302,2.9114296390271,0.010982062766127995
0.0008104238676673869,1.4633492113859496,0.015734884711792248,0.023891064001488688,-3.675678962007371,0.0007082802005122235,4.1081320509925705,0.0020582125559556385,0.0062795314978048924
0.001104610169158006,0.23348087266531792,0.0016753650902998382,0.00039835218673552227,-2.6653814619100835,-0.0015570924985375129,0.011251343661021564,0.002899222704074224,0.0012227739856016124
-0.005412856226520392,-0.0016417452865986823,0.012747374069222354,0.01518083238369866,-1.2429839959998397,0.0006491751046141837,0.0022389652530225125,0.007104413176847922,0.0552449101451332
0.4652237520883307,0.0002680243936269181,-0.011402405363795113,0.01346067813127781,-0.0017929595424605723,-0.0014770274610531459,-0.0029243213341126934,-0.0038738404621176882,-0.02455328031007548
-0.012308204088124802,0.03260012916569596,0.049886565925925996,-0.013141803113563055,0.007924274895872552,2.983154044639839,0.025925303867565974,0.012508996269135375,2.843097941488764
3.5579644250815043,0.02552085764745432,0.036300170105807605,6.812776405399639,0.0127550590406742,2.501545218705033,-3.892196964584368,-0.003058629185622802,0.0022596140875580425
-0.2954545685592823,-0.020328144828760206,4.007141212579181,0.00019509334538080417,-0.05692529926578738,-2.157153635064115,0.0014849756866406605,0.00037659924449354523,0.017386810386574518
-0.0031453271606944853,-0.004758691945466492,0.003189688386478746,0.0004695740484793737,-0.5364983119484537,-0.0018836214710514637,1.9300245785492838,0.0016941750551111735,0.0076712717783685175
0.0004926375537438379,5.226953973702272,-0.003704527379169563,0.005503170721477118,-0.00407812200354582,-0.0009015450911155411,0.03288238566430984,0.0022313693614052967,0.003188802508180217
-0.014811260973459202,-0.0005394697553899389,0.001588472507891112,-0.0016479898738921321,1.3493491762170513,0.01872315779439576,0.003754620722939024,0.009806829957225795,0.0070733652262239335
-0.00234721659652062,-0.8953219761627267,0.0039662190550722445,1.35278984758275,0.010149962958398425,0.0032663134400991696,-0.004628178237083362,-0.008443938925726278,0.0033742493159889583
0.0009032229418617912,0.06484124469017175,0.005559302182466239,0.0041157076348635815,-0.04592919224973868,-1.5577294611005021,0.015172779922397212,0.00571798464380961,0.004630015947329629
2.413419181341073,0.018399704774706312,-5.164193341973498,-0.013186166883041205,-0.006274840941098092,-1.19553795216042,0.0030627979702563535,-6.645789646170077,-0.08431823289436169
-0.00342378761087013,0.02088484418398681,0.003904193557068775,5.7569476176027425,0.006438875659648343,0.007902391683441728,3.28977725681012,2.0113435531537007,0.015017617645838394
-0.002263922941295071,-0.0174131942364264,-0.0034605139847890265,0.016195081775173648,5.520164955708353,1.7001144097939083,-0.008603626177630205,-0.0008439100689131562,0.0006878080377672501
-0.0016857914962542034,-0.011072002428375652,0.32095629070407705,0.015753655280837824,-1.8833284939267159,-0.004527674868927606,-0.0007951519145705773,-2.567741094526681,0.030750665060298193
0.016460001913085442,4.06300675125911,0.014810796403202195,-0.007555678976381472,-6.593328041981,-0.20323108091097097,0.0021860959711331868,-0.026484306531055074,-0.005173290837216165
-0.8642125362355022,-0.0011345222582039884,0.01892744401885864,0.010338041266682866,-0.04852849475857446,2.196008601142536,-0.0031294845893389267,0.9058874229960396,0.03677058938700087
0.00017991864400430414,-0.3329520946609017,-0.0005747463134750247,-0.0010266263360107944,0.001970024934557576,-0.00034820455892649316,-1.5856576411461454,-0.997244803295823,-0.0032523954135513823
0.001562041382742013,0.004846890619884408,-0.023620262240919974,1.5797537830673845,0.004294045189949066,0.0017220254346655207,0.0021899945873927627,0.005546618115422268,-0.001032850285515352
-6.698912006162971,0.006061754024044467,5.417434146965926,0.019924241518493813,0.0035682909356375414,0.4439527646516967,-0.006399908690834358,0.06440996596426674,0.010297388829889509
-0.0037473237734793937,-0.0006912505949636834,0.009907386634816391,0.005290848925371514,-0.9300273158792468,-0.0005463852251781746,0.0029134065158817253,0.004680723530132609,0.015938696650696228
0.0013531661482705445,-0.012893889007933035,-0.004706733096803642,-0.00044962787594543877,-2.947738229083905,-0.002247099891459145,-0.10097762201792793,-0.0015778339577379192,-0.0055920604719834266
0.003226915005472437,-0.005176128133793624,-0.0040527180575520745,0.015484013023229253,0.002590280493345397,0.0006335332396026462,-0.6268167749091634,-0.0039888027935653,-0.0052429989925551436
-0.0013828600173849295,0.0029067925979442116,0.004004229656965331,-0.0009279556292877329,-0.0037646438628402908,-0.0009924593634104903,0.1228746244624409,0.0022760548406779183,0.015439905148246422
0.0009938749874560202,-0.017237068189441165,-0.8130085228779955,-0.0002039881746801666,0.014657324532901195,2.4811929769575385,-0.0039619270042679094,-0.0017944989094463171,-0.004810423128838042
0.006626384217463137,0.007996129214754767,0.002217790249456725,-2.443641067317266,-0.0004098435353525644,-0.004199542936708045,0.9668432596674037,-1.2070025237331001,-0.001988217843214901
-0.005919939029369655,-0.00031982622244325354,0.0015405886168701078,0.0075762620674381395,3.03526744258443,0.16883907056958813,-0.002941005776600344,0.009497629180701317,0.0046106025085217795
0.0018084684914793812,-0.0005842357215352055,0.004398917335980267,0.0020671666257409405,-0.06864572245728551,-0.0026920121835423763,-1.0564404973389112,-0.0008791394267853604,-0.0016832637125617058
0.02149470574560327,0.010348645777972303,0.0023563617480082543,-6.892225037483875,-0.0019428363118438787,-0.003732022732176749,0.002934300501160527,-0.012386180872135773,-0.006285955793668634
-0.0010436478946460308,0.0014582215867685708,-0.0061589461983729155,0.1589707470870133,0.0008548864669140753,0.0008218084340324984,0.007506844054934953,0.024714678105355756,1.9940849689229947
-0.01672232199453631,-0.008838399747406363,0.0018891374781642156,-0.0036063638746139082,0.0036065089455289967,2.1843322267592087,3.8532500977545014e-05,0.00041757887567376185,0.002239248016930661
0.003907922578111519,0.0007033638069518008,0.80272717633545,0.005761269377539492,-0.021661869918835952,-1.671808806896078,-0.0058011359400490375,-0.003194005670631033,0.0009235180468643456
0.011644770460500525,0.0030763168849950572,-0.08419901529113732,3.8352525243060405,-0.002492820251334238,-2.3134652423954916,0.0146144322384274,0.0012010749136481917,-0.0016453695422683958
0.010072739369931728,0.00930302527039678,-1.8018151291144653,0.0012315272768172929,-0.02756072946957639,-0.010074069295709793,0.01246587614405148,4.71289384730322,-0.0008913438264373241
-0.011221528154084566,-0.013031596809776816,-0.00018870329884238327,0.00697179649067975,0.007594717620507549,1.0013002657212084,0.0013319160212243164,0.00034897799009114936,0.005048332481783956
0.0007803582744997676,0.004527986035593347,0.0012092009760347661,0.0024833488721466546,0.0023701770014019036,0.001629714917002402,-0.5291542146473553,0.002458465285964527,-0.0034387469105493476
-0.00843048681414223,-0.007938665454786713,0.0027239038292852227,-0.07154945017373088,0.07695599573248431,0.0036432926434492407,-0.003090509009713936,-0.0012525280708527893,0.00021868371972020653
0.017799272095148103,0.00837937127782569,-0.0033646159369121746,-0.0021662667378454983,2.808179430718115,-0.000734975291251494,-0.017164230984817414,-0.004835186144727205,-0.5399022705095244
0.0013871386977356917,-0.023222883943103567,-0.011941853781301366,-0.3968153731251527,0.0018748928727027093,-0.00130619698574325,-1.7800664718636479,-0.0051413243353607705,-0.04533344329181956
-0.0019974810732563894,0.008738359347625289,0.05833284411141165,0.007103923917747336,-0.030701376645198675,-2.2533333352759484,0.006440011316906094,0.0018289397244706136,0.010768104154507317
0.7785651104431857,0.03142607289989701,0.009934656741510197,-0.305306735145006,-0.0009668226675514343,-0.0027497067141599137,0.0004499148554065052,-0.006457607193932518,-0.008482026521166848
0.014346373991278711,0.02728160257917603,1.1291473032531596,0.00040760095545029976,-0.008842355715308156,-0.009112694816733526,1.3818231659737659,-0.00948268470004571,-0.0014032701503625695
-0.0025088145431135882,0.0015427871818524726,0.00658100975147846,0.01691241559154799,0.00532286290341912,0.006882067523840426,-0.0064662339360713385,0.008048281035162837,0.003072770962636998
-1.5410630549676478,-0.002801811624157975,0.005357695386636271,0.005110551945314803,-0.002734902547671572,0.00015426412165133035,0.0021803658672527593,3.738780897424551,0.02254712025931402
-0.002479407843860049,0.00126388248339336,-0.0013527369594012295,2.559753636536472,0.2996043427283601,0.06719256945086372,-0.0009166828892259353,0.005148922393035356,0.001911208420433623
0.09385405945572323,0.004198832430494095,-0.028706527697977158,0.003842256539547756,-0.0028917093800742144,-2.7274778447464234,-0.0018779975594757081,-0.0006589499327368173,-1.778310699429345
-0.0005280658755192347,-0.009359187378670947,-0.006852992385841835,0.9820167511926252,3.8901803587005226,0.003093400516730127,0.01181885592691272,-0.0033022973875628386,3.5101897140296514
-0.015164026729565067,0.0011248882726526638,-2.3109730322691535e-05,0.0001355833301827544,0.004462835291782596,1.2850480613580495,0.004075290435292478,1.2642771859520194,0.005666520643919627
-0.012804002520650051,-0.00048674426026196357,0.006097171039438662,0.0021205285495665754,0.005902481449156494,0.3213225586710929,-0.020024509865753055,0.9980387560849889,0.0021104298400706593
0.007889628515242997,0.030813386636013518,-0.0008835897518697511,-0.015769290959029625,-0.027544805616920742,-0.9416762480623841,2.9123067612709157,0.006378816339790733,-6.424430985586448
-0.003542632772197454,-0.06884260485319844,-0.37416014581735135,-0.004196906896957068,0.38120061461984894,0.005325096453692621,-0.25125830347800043,0.0009714590257119617,-0.005436318155261237
1.0533155789908646,-0.0027347180632590917,-0.03566905410065104,-0.008396128901862799,-0.0011090811281692422,-0.015663430495430224,0.0027843004908312454,-0.24279557501084412,-0.06511851403385063
-0.03362124273451376,-0.007141786023798175,0.0016242446305346344,0.002695798538271658,0.0034916515590185868,0.5124426930185805,-0.014479458139950517,0.0074868081682489054,0.0021931393066831817
0.005581614142322303,-0.0012898338369148965,-0.008535572940727132,-0.009537614311597378,-0.0006585896080885585,-0.002110312313580129,0.00032330748654061433,-1.2985640773975706,-0.025201627866354347
0.00912802184317156,0.4137345175792104,-0.0039730653517318,-0.0008681309389403698,-2.6755300980349936,-0.007302767354100195,0.007159897817348472,-0.0004313545926358858,-0.0031805566436033197
0.0041778525382744,0.0019074860954136873,0.003712308788648119,0.010960853823051307,-0.5840745183422378,-0.005435457791844409,0.0035542276041207366,-0.003230366026090385,4.30402940012898
-0.030718231789708422,-0.048837134057275564,-2.985418899248436,0.04241332924857783,-0.006678068026041872,2.039778391391891,-0.002051505465459874,2.065525737653717,0.00960333481728437
0.023970917804796862,0.009518897514985015,-0.018888645673951047,-4.343094156387225,-0.006089294566358308,-0.01578268820625153,0.466806402550766,-0.006575427445279652,-1.0116178299623186
-0.0004765633064073016,-0.005331469569883937,0.0022616750639515674,-0.008108826466601403,2.089134205075387,0.004686187713644263,-0.027482066301039554,-2.644958644143676,-3.3441605917062045
3.797653529677107,-0.006445401451358239,0.002006563395049189,0.005934942552005095,-0.17763313544251025,-0.12155520674027986,-0.0012332075450648614,-0.013092983915743091,0.0014404702999909202
0.0009945260655569096,-0.004156087769217248,-0.05388097850271412,1.380932962298919,3.586538933002802,0.019412793517891658,-0.018614861400847133,0.004300201082157937,-0.0036797992574102885
0.013752074609996102,0.05143585535375378,1.7761756172682786,-0.06253746758905393,-0.0028225607682377946,-0.8727234902486742,0.0017630754350230066,-0.00613418624232182,-0.0037426384719088986
0.03979709078651703,0.0036526319627090587,-0.0024915892213657116,0.0005569747512974618,-0.0032719106602626547,-0.0033161908265666737,0.0027193742375876896,-0.06577035806671222,-1.9542935765686438
-0.017156007627599806,-0.6910534202787506,-2.0874149311404824,-1.301919611281025,0.0016235304530029734,0.002275295124333568,-2.421228922291982,0.00559178595578912,-0.0008158419869925201
0.004833593424371823,0.0059956019014441786,0.04936100420697888,-0.01175409558652164,-0.11118234776266364,-0.11159306227369958,0.00250472092290349,-3.263056714664289,0.001878666323818251
-0.002948561775984123,0.005801910109423894,-0.0031823300765256367,-0.001140530244096799,-0.013022347724343884,-0.0007551497855937915,2.0549255233301316,0.4899217920390395,0.003340288947359913
-0.0017999693923631283,-0.024370463553441468,-0.013251493960980335,0.1047763197016491,1.4831203320557536,0.012532944161932971,-0.00515348862454248,0.0015465635782624786,0.001202617169782794
-1.2442440033075295,-0.0333049708423079,-0.0018176361272048691,1.539684298584734,-0.0027445612049618873,0.00011066292709249867,0.002331294435032563,5.08854752512266,0.018853646327402496
0.0015639555713832234,-0.0028311722479441885,-0.027952067693849607,-0.8736475736762565,-0.015561416664139238,-1.4143403611048897,-0.010535636921335342,0.0025450992291842435,-0.01995369326824429
0.0043541406666708065,0.0026314963619553807,0.0007371220953503723,-1.2199481966882817,0.001162554235565792,-0.0004759085618763586,-0.001707883226286807,-0.008923467952294411,-0.5711235542158708
-0.008022961218550829,-0.012584851748261992,-0.6352788220129918,0.13779729005103508,0.0006415027703289278,1.8649590293647391,3.106442386889414,1.3956899515761014,0.009281572048662229
-4.206083000410831,0.0028730515390561484,5.65536801366066,0.009348205919043884,0.002099401119528582,0.03083223049838646,-2.2049475616882077,1.6321494101575977,0.011924987337567916
3.459955345836045,0.006839878633276476,0.0018720671662902904,-0.014686664836588738,-0.005321803606620587,-0.014014374660164773,0.002286358389472904,-0.0011613664707305765,-0.0021204318115750284
0.016594304477250948,0.0457003112128363,0.00914816284188239,-0.0015340333804710012,-0.027963417945669262,-0.016092413379019583,0.010070933831290792,-0.003563276640355988,-0.00032185826684567073
-0.0009331854359625599,0.004475719461171933,4.325243240768632,0.003586052452575219,0.0016955080535450834,1.288412819538097,-0.09727889574019483,0.005978869470515251,-0.0013299741926875441
0.9235313962935808,0.21566082311388649,0.0023557459614575397,-0.00034549358148660257,-0.017721846447669158,-0.010874024822654055,0.0038999440261442576,0.0013099662256639108,-0.0006991434844504756
0.0020324409086519696,0.015634669640295695,0.08006228634260798,-0.01125276211216082,-0.0063656258583081535,-0.007879006861479299,2.5275936319021235,-6.648965333614827,0.00381129429551344
3.2699082964918347,0.06727466828559847,-0.003718573122821412,0.007211342071621395,-0.0020518081132190266,-0.0009229356807901254,1.8503125067327244,3.019193268433267,0.0013335308980170942
0.0055259952226330705,0.6686298218013333,0.01387663344401097,1.2836651527220067,-0.01495927413689816,-0.0029463145631164964,2.885297179406504,3.9170953734771614,0.023451230260048805
-2.540414804681625,0.011365673217314555,4.3046164735413885,-0.016374463424289946,0.0027726611678249996,0.009737099842686343,-1.3131676939965198,1.0535859404450991,-0.002196902503147413
0.036424501769701245,0.022124491542463612,3.027258695863761,-1.9438580005045984,-0.005163034112407778,-0.006002865709345511,0.0012809244393600788,-2.258335015447445,-0.023896735939967925
-0.006034413102290876,-1.619064405132085,0.004803201648507033,-1.2669768960107117,0.05265561592184498,2.210764023955608,-0.024061165350387492,-0.009708429404573263,-0.0029390633364042244
0.02559668220171946,0.011308294144225538,0.0004890254412425178,-0.015798535351521686,-0.003507901462408751,-0.005704037434651675,0.0022196223201251704,-3.614310248555849,-0.007898683310530799
0.007621903107800976,0.004313630248627901,0.0023883117055394443,-1.9440501226051023,-0.004590637657836436,-0.006160216407151662,0.0014285247174992428,-0.010485113901132123,-0.005856707679682318
-1.8684208526918824,-0.003585528998414347,0.004309586124797794,0.0009086989921737113,0.004924359468312017,0.9986055495525241,-0.0032435438855344806,0.0022344311985372295,0.0034449175006068394
2.0494551384302677,5.624234179246381,0.14067475381313754,-0.009443683965372303,1.0753403875763832,-0.00018533291787733303,-0.0002563471130890421,-0.03698353762037898,-0.004832682849187704
0.002094023670614298,0.002126627862135957,0.0334103685317291,0.959278255800166,0.011677134365233932,1.8649825488605298,-0.00566983387756817,-6.2468178211496825,0.00919089711400714
-0.005369209572309472,2.0903880612338783,1.2735349799527622,-0.020862090443932467,0.00961537956903076,1.2459829327407506,-0.0018308883519487056,0.00435790516369856,0.0008120501276740535
-0.0033372991210131875,0.006142321996105871,0.00707148618287577,-0.004288586746266262,-2.166449415378718,-0.004884931345678412,0.0035080434778107534,3.8095548974954294,0.006072438593291485
6.576348765184678,-0.01351133955167269,-4.525764446823293,1.8456670491695677,-1.5024071771398617,-0.03579304303056707,0.004505644684730532,-0.0031220720552415787,0.0069511235284579476
-0.009418016399122065,5.134052822435803,0.00799377389672265,0.0032682583334817127,-0.0076489790734751845,-0.0011796196148166475,0.014711817838875846,1.8390726024397575,0.020721873396254892
0.00037785459869518843,0.007773842535986758,2.7159365979253822,0.0019342062813757967,-0.026727491527781685,-0.003282639979115932,0.006057553050827209,2.706094725613795,0.16003076007093853
-0.0037470807958223315,4.41929715319953,0.005931252056093808,0.0021544634817801424,1.0976741993096182,0.0117028585474237,4.547720956594363,0.0036249062752882442,0.004828143804786449
0.0012452067523084295,0.6695938786569751,0.010460898197263363,3.268591844030232,-1.9960544265118543,-0.0030200062606875813,0.039390521966789695,0.0020968298122342353,0.012079517524356362
-0.0057112185992115394,0.0039897721633522796,0.018270516835394067,-0.014055596082293703,-0.002946454812314432,-0.00024225089368260674,0.0008987146748052782,0.7842373676263407,0.010591506956266011
0.000738740138349998,-0.0022253759504805857,-0.005302276395911902,-0.0017411342579842955,0.004947238496154822,0.0007868320339738809,-0.0012127610631563757,-0.009888999282180927,-2.038447929384573
-0.009575241612852557,0.012144768209698592,-0.0011449020092078148,-0.01105216666801304,0.008490369240569978,1.0746180573224504,0.00262574937754214,0.5217542973278847,0.000961626579244302
0.00622618450519304,0.00047953382083785437,-1.5486145094654438,0.004099849239451732,-0.01004510352288604,-1.0506871851676418,0.0048650144914970175,8.589458944941732e-05,-0.001128800717694842
-0.00023935326152425493,0.5031438036325562,-7.087651183415198,-3.48308140279767,-0.08037869234259552,-0.0032894543345185785,0.0019350504444926842,0.029691387816791804,-0.001942550728667683
-0.008794335961733324,-0.003361811546507412,0.005250346309244853,0.005110584757805314,0.0036348582790702647,0.8597861958244618,-0.0025504293739015763,0.0025052451878890547,0.0038847758231805854
-0.04403202941813809,-0.020795644347360507,-2.1023282720727647,0.005384456081827638,0.007212806127155773,0.009072005927162088,-0.003597966662057707,0.022768947269874214,0.006937646048049242
0.0622572442080378,7.806902489186278,-0.001527452495866416,6.51350644956354,0.007031256238733019,-0.001977214015501716,5.675240778873022,-0.02809697770189215,-0.009557633102082685
0.011652232190784472,0.012717872754125704,-4.9965721316922345,2.420226503457979,-0.020184025162716696,-1.103682728055332,1.1853413073524308,0.0012475146906111255,0.0008713245389608201
0.1434298253478587,-6.2905349739659915,-0.02198082388373304,-0.0008027232891390764,-0.0030284723542180897,-0.010146686667879561,-0.004851765800819932,-0.027069021742760213,-1.0542246156132455
0.006830383421086699,-0.015865403024759417,-0.019444050649875932,0.00786286397429031,0.14047358748146,1.3048633008366255,-0.651674192760709,-0.005542070088318994,-0.010389952904601471
-2.176179439470935,-0.036122224209313145,-0.10164639540111431,-2.0039121560016007,0.007209914440508447,2.805471897580629,-0.029697612152010944,0.002538196316046435,-0.028439755928121174
-0.007724770492611718,-0.011188527224894246,0.002261244803995782,0.011494718459138784,3.5719868074231726,0.6011986227629196,-0.0024872195765116394,0.003774944093338589,0.006667248335347561
-0.0014396070874913083,0.0029150341922489498,1.4280693690851525,-0.3152175696057779,-0.00011180141530368892,-0.0011133594423588106,-3.363432784383712,-4.644476047146198,-0.002367695643026274
0.019485751663689255,3.144514407007849,-0.00266286381741266,-0.0011452058236153268,0.000636742549270243,-0.0032065011453505654,2.199511442312141,-0.005494867105335708,-0.0042104255038210555
-0.005399113496377554,-0.011982876382709316,-0.058840762501348676,4.230208871912408,0.0013324816360940107,0.0008868382301112374,0.0013994639210186295,0.003918621534577851,4.2614983682014795
-0.028441634526997037,-0.0226238615128432,-0.00596755605228334,0.005403241044366023,0.0032711305929346646,0.010232431134680933,-0.9004007616384105,0.017105545770122306,0.0033973538322156463
0.011163166569864283,0.011149884782869157,-0.010981051525691555,-0.002048832259437864,3.45014745413641,6.1029549268024064e-05,-0.0035746446957378862,-0.0005611394431660754,-1.086174417804063
0.01964943862116781,0.017156985762762325,0.002836166042039741,0.005283069918551378,-0.01901354608991654,-1.1938493788404734,-0.0001743805938090523,0.00024607112528539756,-0.0008524622125519899
-0.005595962783502048,-0.008319737020182051,-0.0020790157806877176,0.005797526425180454,0.8722778667152609,0.509406711509,0.0007386333206903482,0.0015348578897875186,0.003273051007569333
-0.0010473720953215462,0.006450896911537357,0.02308975306597185,-0.0010753381175834242,-1.154716229089805,-0.003741461614899178,0.007990221971268863,0.001877451913475955,1.848583138978757
2.4365536852482395,0.09709921000848265,0.28953886887866975,-0.062417533408199735,0.0037968740776193124,-0.005499331676751318,4.075995477784713,-0.02538259449853128,-0.005105293081279501
-0.009880266711120146,-0.0008508498737885319,0.0020834842187089156,-1.8808296030539682,-0.002994397917824105,-0.0006687414948977869,0.43243484246326724,0.004379672679723887,0.012696745878597326
0.007024965727881305,4.44165557807862,0.005998472159065779,-4.871367308215834,-2.8622825079829326,-0.004393801042968826,-0.034713654002581196,0.0017318708942267447,-2.3407108334329827
0.004163194439318944,0.0011925296427798921,0.0021294959460975383,0.004171998302277057,0.000530162277332449,-5.443629204478608e-05,-0.002208854159284364,-0.01161051793921572,-3.2327876195939345
0.022292967079751036,-0.00017378949592335852,0.0016723567322229765,2.430664777165618,0.020138974308974156,2.9939581427778763,-0.005926351344968495,-0.009965875361227616,-0.002934835520350988
2.5881820557934754,0.0031246904817145756,0.012440376522553372,-0.004102951818532848,-0.0037201572330999855,-1.0228031772933202,0.0006373325832983723,-0.1603570922283394,-0.000725111569384547
-0.005296463300794932,-0.003205362573320214,-0.002202757470776831,0.000513940716252187,2.1575319130127375,0.0324432377186879,-0.04440947400385022,0.007036922067284332,0.0002243176834130509
-0.005799723734280698,-0.0003689542750158377,4.42344923801892,0.01964304340772821,-6.413531536850655,5.174371375099538,0.0024507773479619174,0.012651668496029167,0.10643719223012904
-0.0165070709013381,-0.0028200396004578205,2.484100768056155,0.001877636086794901,0.008518079149488201,0.009097010338435033,-0.002381042121190685,3.340529835793574,0.03795354139922641
0.003704385518437216,0.0018954038421735674,-0.0007656042680057461,-1.1257071622976478,-0.005386137740516373,-0.022594282018471683,0.7945571018397293,-0.01128308330278374,-0.0022873856405192577
0.006647615477509522,0.007944513494183639,0.0024159392355629474,1.7092827577432526,-1.1627225753977692,-0.0028642095648130327,-0.009862069289218794,-0.0005610004509037257,-0.002985667801440427
0.02047001184049306,0.8902285521561204,0.03320903743226253,0.002880915521913066,-0.005577039123182446,-0.005308777336043964,2.559748361518337,-0.006730567298485631,-0.0012443493249133502
-0.0017771601747569032,0.008963324695829972,-0.03347477856898268,-0.026253909514920126,0.01960467850855263,1.1767837856105423,-4.929815867418341,0.01554201563779986,-0.02640119624612766
2.3346433169210865,0.0012623214538040235,-0.42055160548102277,-0.021769934353579528,-0.0016180187752696876,-0.013306112084383806,0.006177431285073934,-0.0037405971238631507,-0.043542455321125495
0.00554187004504522,0.010255654897194991,-0.002092853618705287,0.0008092112673053174,-0.002059645829360357,-2.209126912029481,0.012161394005629322,0.00012123421101516065,0.0002680982639645668
0.004997147451500504,0.025946537913050294,-0.2929265306435657,-2.63584891495925,-0.01575717286981093,-1.5761036529125985,2.2189787822453955,2.2879629185226467,-0.028113008291460538
-0.0012720480312633717,-0.15858872838805027,-1.1184994772533832,0.003478433725061004,1.559098789244751,0.0034269587585915584,-1.8567915449593508,-4.40249352144928e-05,-0.0015629442760549915
-3.534679226778132,0.0058529036341878355,0.00029194572262039586,-0.010202435041410218,-0.010053022668703226,-4.203052734246004,0.007725797971696258,0.009858694140507138,0.001998073215527991
0.0003673449000336018,0.015349125525368656,0.0007103163208249884,0.0051578759235273,-1.073683236488053,-0.003853719414705553,1.4319593638995098,2.207358051144839,0.006845327865854171
-0.0017905824719664102,0.9678220900618071,0.011179335566799205,0.0004265772201745973,-0.00984580837498714,-0.0016892651416154868,0.23326225391239347,1.1309955350141865,0.025251247288742132
0.041605636810075564,1.6440689372229365,-0.00400298200308135,-0.008252943150880501,-6.939572987896918,-0.017559846561072234,-0.001668759061182426,-0.0015426181815611784,-1.4150064979113035
0.0002762036396313644,-0.000829328025540664,-8.592986045513878e-05,0.005207052422727015,0.043393294519339876,0.6536429989735604,-1.2192392375823458,3.286540977965116e-05,-0.001518274028613667
-0.014263622235591342,-0.04850132962047683,-0.00011941731518782389,-0.8548708598909407,0.001119663256885164,0.0010347633477848063,-0.01753240859380798,0.0015179036516541067,-9.975268291000129
0.00718246434887491,0.0037285258165682678,-0.0009659631070582844,1.2461852337260209,-0.014398649364379068,-0.9687774023343482,0.4792055176994572,-0.0016748508048205404,0.003549909630533344
-0.0025974199418178634,0.08517471586372993,0.010340966450578665,0.005864333707306574,-6.3023378788794115,0.005248080376787478,1.3456281720300034,0.0878761717409744,1.669523828428761
-0.0021023530739365283,-0.015866402327212425,-6.638856632972104,-0.009422958428255643,0.03153124020139508,0.003433297255288681,-0.020973837298431292,-0.005324156920351548,-0.09345529113988366
0.0018522352249986038,0.018340935805001395,-0.00026219132371557024,0.031984477690275764,-0.0013456614353931423,-0.0003134251663275561,0.043513214713153746,0.03374165509327244,1.9334268438156235
0.9410508649316848,1.3561648204994028,-0.00034447869181231106,0.007595710066478975,-0.001708910401439192,-0.0024816189199647,0.01722256171811743,-0.0018257491430829882,0.0007330587843344932
-0.009752596852756343,-2.6711847346543647,0.002458006225908277,0.00022290470225708745,0.004537609527535513,2.5384047545914146,0.00011830391995118483,-0.0015751181614046521,0.002720533041548838
0.057477589725210075,8.919579913371004,0.0004543445906396368,-0.0021588564220377474,1.2004979423650664,-0.001326874921651941,-0.002023333435228994,-0.032063711472371324,-0.009546883532451962
0.00963083358219019,0.01665309644295171,-0.0033903278145160226,0.010314874073061753,5.128168989044433,1.511759513165508,-0.0013246811756733,0.013197106287227589,-0.0026655492733350292
-0.006058343655129223,0.0032544994804354684,0.002339070539126277,2.845375666036168,0.006211766836037913,1.3896288264440724,0.02443791662985159,0.0038650312672274248,0.017462713135182002
-4.1850459581840855,0.04189987412650348,5.785766774607781,-0.005398233011523604,-0.006000994630477763,-0.0018237422672016945,0.01265690738555314,0.928808335822203,1.7101503329781202
-0.00942785781896923,-0.011162466606830443,-0.0032582087248892045,0.00929413101653111,0.030918907911188842,0.36927108336040243,-0.005762947324349489,6.240389227661494,0.001738336885243233
0.015212138586183255,-0.0026263825320705925,-1.092588392836181,-0.0023239903282826005,0.004572409476092881,-0.002123319522936526,2.7946136042305625,-0.022695409564906538,-2.3975669403446593
0.008545477808441875,0.002566888210838822,0.0019444740799865,-0.007270009822612489,-0.0011830392674630902,-0.0016073474624254045,-0.0004236777489056531,-0.5513109138582041,-1.3892750575247619
-0.005206686789992754,0.01377754188831265,0.0073001154954550895,-0.008677451405199404,3.39421739644789,0.01440500002358902,0.008099000307378354,3.6039561482152536,5.205989898947209
0.009139545531576655,0.001795178791579087,0.0035903962548863647,0.00013689278517810613,0.000481865268574716,-1.6974809175128538,0.0017759930570716703,-0.009425511943001827,-0.0008223636406939731
0.011599984642246243,0.008245756514773113,-0.010245833455364655,-0.008450902706278712,-1.213109504936809,-0.019950721198380886,-0.0020456489847737874,-0.0019404729319015225,-0.05678383020079894
0.0021106373674796702,-0.020772615133805072,-0.0027319253930557213,-0.0016057518957012331,1.2025224827659602,0.002041388643686394,-0.12855537037770232,-1.0079090918437965,-0.011596656543588539
0.003958709000805629,-0.002556433884623961,-0.0011326142146235686,-0.13280821400266693,-0.026716859136042763,-0.18401621298858137,3.822446488251259e-05,-2.213610376463092,-0.00747287941400443
0.007709230446814519,0.0013969273014348108,0.013022858060988319,0.03639747050999904,-0.003093129837007055,-0.0018689267281148613,0.0017975953444464366,-1.121786621669016,0.004012488885783719
-0.004178827919591434,0.004033524149036988,-0.0036360241437933816,0.0234435255115699,0.005859442507656021,2.069006974968511,0.06675166723992254,2.3105186719881243,0.010484319631091907
-0.7598130842910427,-1.3789575928373203,-0.005142029370732465,-0.9738118400793037,1.4596185770936794,0.023020157075376135,-1.3937397219754377,0.00435274637218571,-0.002248555355000915
4.070882829086117,-0.0365240409476771,-0.0986576516550888,0.003653257864369817,-0.008479621180475613,-0.01113188162757971,-0.004800193500916601,-0.014571913211693916,-0.03420908155100888
-0.002084900242494233,0.00043106719516592643,0.0027405551871013804,-0.002918962754222952,-0.0032699801113489396,-0.0006598262138023976,0.002874725660925821,0.002811750250513827,0.005322035307328295
1.2926883039355614,0.009111528365414718,0.0031354079150950082,-0.0029180997867801193,-0.005962279110595176,-0.07632297679199135,0.01680240175055655,-0.009434322395387903,0.001129141032042126
-0.005139693111207372,-0.031022391457250095,-0.011785214651697377,-0.018293641718646766,0.44626329353679056,0.00424887291821461,-0.01754557958448303,-0.0012987632191491932,-1.7326835083328118
-0.006946559142575094,0.006679664226213297,0.004414741562918795,0.030353742674047904,-0.003156446878405092,1.5006756412617444,0.005119100899542359,0.015067158511050881,0.012040339507818295
0.0016261815354146436,-0.0048962072879050605,-0.006586223978861178,-2.1234925720812265,0.005845928295598141,0.0005445924220096269,-0.002973610028735627,-0.07324317462412303,-0.045902561328209524
-1.7225186104554049,-0.008004814102301378,-0.00915836414756144,0.21935300828182833,0.0013105705250750152,0.006810491697161054,-0.0017915490414798403,0.02982199696811893,0.002980834073840647
-0.0046766340306142636,-2.0536101889923093,-0.03169760692874063,-0.009519703423422505,0.006885015543513395,1.888266740055156,-0.14666347272986435,0.0014862213885563514,-0.0077606712574432475
1.4030889111138727,0.004642044220132865,0.0027774342953436615,4.21295909945326,0.005505136079682282,-2.878719139005389,0.014512645597735296,-0.021012202323156235,0.0028655900403261048
0.006355651046728918,0.0027445999221960464,0.0022892982424977254,-0.009682109453050636,-0.0330112780741223,-0.008471253348957514,0.0002093520826529382,-0.00776350390897973,-2.1625277735650794
1.8132309552291515,0.0021556506775107474,-0.001019864013237188,0.0016206730632142095,-0.006187801596278443,-0.010193543309979406,0.0018807686158988004,-0.003259731443461346,-0.0010869806242808921
0.00010461445641723674,3.1389674853258227,0.0021035827426602663,0.013736607539913466,-0.1729618443255031,-0.0030598535345844474,0.286594744687793,0.02451744622330023,1.561236714266327
-3.423356950721088,-0.007052818942838775,-1.6249684458767362,-0.018325406714602914,0.012959204455700785,-0.0009564711074976709,0.20346094335415732,-0.002772634963369795,-3.285521159386573e-05
-0.035877142428243025,-0.006551238629198223,-0.006875190434259633,0.017440593072533914,0.00966610265281868,0.016815857419791188,0.0003599518031933368,1.227552008653666,0.01592010398763609
-0.0048090005209068636,-0.030229564511194698,-0.001951920511476012,-0.009327272816546071,0.8821668547398039,0.004865672957423482,-0.020486844244238772,-2.4818656338633454,-0.008051114446015133
-0.0012151881968187443,-2.4527726800303613,0.0025273685445715496,0.006128869669544195,-0.004293613844114738,-0.0002818245526718193,-0.010787104036014093,-0.0005363657854037015,0.0008077739059097902
-0.003974344673020103,-0.0013207842631391324,0.0007014346814584759,0.0003148740585816878,0.0009615735614997474,0.000995746140816496,-0.0012778550988958098,0.010967500835374608,5.198740736102205
-0.0009875836714275743,-0.0001777710084434603,-0.003406324968351802,0.0016826517448295158,0.032641071155097304,0.4599511113589957,-0.01073668148442105,0.002342873475898329,-0.0025902099675910815
-0.00796204731417357,5.93314160895336,-0.00043692189717700614,0.0038818020851624693,-0.02718276799050215,-0.0003896353636505892,0.022111624415680597,0.05064575508326342,0.009186696627043236
-1.299890375004308,-0.000957115864858448,0.002792676244531305,0.006571768532569632,0.0015074262825515612,0.00645864324006701,-0.001087039872976172,0.02037438539083925,0.008696609065362355
-3.07093173627788,-0.006478696572063592,0.0005522425348486997,0.003883414773267025,0.004298370315712154,0.005256352614252344,-0.0009712439053660704,-0.0017010722763046507,0.002818034259753077
-0.0009392318795682086,-0.00920992905483884,-0.07948340243337691,0.006092460005308168,0.023027532509438186,0.0025325223858069716,-0.002052750355955318,-0.01463911323142826,-3.287428687868096
3.3092661289945995,0.006943662371154252,0.001644762586916369,-1.212702592758487,-0.0016549689746790872,-0.004746265679199195,0.0013423892770264532,-0.0033214007246486423,-0.004345062636879088
-0.02818224165798927,0.004051819486701136,0.011948473139110433,-0.0021365730460842502,0.0008623507690649901,1.5445383491339664,-0.002045805579187543,0.07300428075652415,3.2877694129156443
0.8459821759314794,5.774448893830009,0.0031743716584811676,-0.0019990729509014454,-0.04950604851527274,-0.020036381204407153,0.00025282097838311146,-0.0045802881328399075,-5.352542350623759
0.003815558174367301,-4.229025885529921,0.00022282536229848576,-2.437952569513487,0.004763413165140375,-0.0002784877276483432,-0.024273463646992538,-0.017557096301520393,-0.012817575107120161
-0.005198630563568896,0.013378257014876625,0.00894265921506665,0.006507144328646075,0.0008071011544896756,1.9680167670906834,0.0032439088801837768,1.2047014706305479,2.554501868382575
0.005006136894828005,0.3012500787947723,0.012641284152578963,-0.0014377457595775682,-0.014585153564681125,-1.0294169247055742,1.4940407120914205,-0.0005261673945518713,0.001909969116721507
-0.0017726593958802116,-0.8508899632673985,-0.004753350870300717,0.003111240938851522,0.9238340653842884,0.0044006721809252206,-0.0014932314484626943,-1.8490187710097143,-0.000961759534820323
0.006250033222345408,0.011985216310651546,0.0012078946853069602,-0.0018123961014187189,-1.2445156778816653,-0.018279023209143916,0.006358033082850926,-0.002870704464857114,-0.0016221349177417185
0.016357787157210937,0.011593269769580921,0.009130055536955978,-0.04035139986194462,-0.008573958097129556,-0.02101882878313234,0.0028420962599973007,-0.013350695520158305,-0.005449834669946263
0.025236132768847452,0.004634583743263643,-6.721101912382359,0.003865271610755977,-0.01672969292245008,-2.169914567864177,0.0005083680974558025,-6.25679274012758,-4.539809309141106
-0.0006808428087285642,-0.00016980248810651022,-0.017963619421898537,-0.0009633174314783582,0.026308320037196298,0.02833687966260756,-1.9997257375767437,3.6757210496076604,-0.027987353965341077
0.0007068909004588064,0.0034859961099657404,0.010727105639256145,0.008414144376206384,-0.0019238179021763126,-0.0005900535691367247,0.003808059238182443,-0.00046383562624664233,1.1977475078199116
-0.0006707165213573887,0.005154792449207768,-0.0001629542187284777,0.00967206054199233,-0.003372696413654057,-0.000387736254574746,0.009587115372021185,0.21000538719525874,1.2960415570714707
-0.0033393143450505466,0.005646868417436768,-0.0007752199322313795,0.014123255674058534,0.0008212527931955593,1.4122224003273816,0.0012101716373230376,1.0548510689472361,0.0035234984417265615
-0.003617739985421633,-0.10148948045322445,-3.9579688440359355,-0.003121123428227958,0.007462083540364375,0.0028310695675178472,-0.036833629360139744,-2.5785335610023,-0.053046541558681604
1.5028559407206106,0.014110500488728353,0.007314861960656404,-0.02578416872383247,-0.0034598015226700862,-0.007352354501643092,-0.0010149724775326378,-2.5187266896172646,-0.010858305319442624
0.002745741662112281,-0.022334244404078427,-0.01559629704069619,0.018963677543820726,1.208957950048135,0.008435458238810707,-0.013508662996077121,-2.7722518527327233,-0.009039116868930254
-0.007921849355544429,-0.005792549232389546,0.0040109441146354945,0.0002438731615698464,2.4112750426184997,0.3420201651828525,-0.1178894650821247,0.004877134449922774,0.0016721378384320443
0.010759296437358411,0.005549558754841633,1.4611626153661712,0.002822695822371479,-0.02075082304030368,-0.5731763007398231,0.00311230567280147,-1.4659701026435479,0.0024993027422307162
0.10372039902115296,0.020661797031665097,0.0612597418904236,3.8953524131135566,-0.004535370406084593,-0.9191487231331665,2.0811183023917,-0.015259238207137323,0.0026357295465133865
-0.013289347096930602,-0.14366576028999345,-0.06627282543792337,-0.055013551198924204,1.0865991471667478,1.210144781277366,-0.010068211828369214,0.0017112164142190078,-0.007249341837360772
-0.010426762429730053,-0.001377612482732734,0.0003206876353155485,0.4894547314084915,0.003044838447415023,0.574109072455869,0.0016217907636036158,0.013547741845073213,0.010746499521251457
0.0336445270393723,-0.00317518834228972,-0.00989301893525664,0.008460017307053896,0.007199334910803519,0.00044714486221247157,-1.3297220720800083,-0.24835827528131574,-0.6783111254525406
0.0014993673289731418,-0.005471066055383144,-1.2363439569810377,0.0019829923366426047,0.0012108294663629037,-0.00015859740748262155,-0.0008091190507099228,-0.004760554095551215,-0.004980707951651168
-0.002328857307010282,1.8822576669269822,0.04811640518305674,-0.0012897888941582406,-3.0492776953874134,-0.0006663999827286604,0.0036957481239123097,1.008174695034377,6.0306806168192
0.001583905641396056,0.004241186530569999,-0.19928363805710497,0.5403008363421669,0.0027646215733708283,0.0019191787183673072,1.2411710378926113,1.9388516719269913,0.0015711579572228046
-0.010303623867083334,0.2411072994740131,0.018124763575213303,-0.00047492677788502774,-8.252928442318861,0.00595760891142133,0.6734173023168507,0.04582792215077543,0.01705368560985529
-0.001310886932932939,1.9450825798546734,0.013150980089884013,2.0113746075870567,-0.04284096931050471,-0.0026865158655035876,0.012846772193963463,1.2601201087363125,0.1388210071875952
-0.06670816208196195,-5.89726962896775,-0.001640723262725366,-0.00036447758210531034,-0.0014468353574116355,1.6303265172602177,-0.004120045621076457,0.016222264039641984,0.0022304787818631377
-1.36831667759399,-0.0036466603870603485,0.002296120666321141,4.154875651347083,0.0022819416226894304,0.034384387415366376,-0.020949031730434844,0.30404323651096704,0.004404106140734568
-0.030755598688691987,-0.005944808089095664,0.19040809782840995,-0.010285626615608487,0.006202272102789452,4.125622637651549,-0.00697004456774486,-0.003964547277103825,4.797453528485043
-2.0278654649045613,-2.910888833295853,0.011122427796852723,-0.0027197037691154757,-0.001712769483884935,0.00011842395048552816,-0.009628624440841657,-0.0030858742909891414,0.0027090384475699954
-0.0003578777749692671,-0.10105534461301932,-0.006062325275763638,0.004581759080755925,0.336241914779126,0.9487878812121262,-0.012453792777729122,-0.0050612387290148355,-0.0024589873395327033
0.001815405086366577,-0.011629910624102686,-0.006952194598272608,-0.0018803317885309433,0.7327238569076345,0.0013456794117620054,-0.023333862242063238,-0.009421446044672186,-0.011959627126720376
0.005341566804010017,0.009281087462542442,0.00506787951430962,0.003365158902139981,-2.260723069557997,-2.3953327482236872,-0.0005779450101654551,0.0006876002139009629,0.00016000931233445606
-0.3958413301343874,-0.009187604134872185,0.00125341329888128,0.001318588513273509,0.005805595106273856,0.02472316638453395,-2.8842504968084794,0.012087816628520119,0.0060856359486391775
0.000843889490972409,-1.9928791366791836,0.002914587489021271,0.0033811861255521134,0.008276966467006375,2.1016869296493743,-0.16751826457156094,-0.006995308430125517,-0.0019987015895032156
-0.0005258943771367209,-0.0024195902074006363,-0.0022807514702345992,-0.35156281335878975,-0.0032502544184986265,-0.001944706829580463,0.001571923503514278,-0.0015205074576293844,-0.0010981597371389543
0.004801598071494811,0.0019473430634660536,-0.0002859330198927264,-0.007425814991410901,0.0007458088059592882,-0.0008780857376871473,-4.014828280403223e-05,-0.013313364114374593,-0.008304171184972077
-3.025219265130511,-0.006057402802446811,-0.030858349731957266,0.06747987414151406,-0.0003881909467884498,0.0013727628426351611,0.0036647797665785783,0.014435995153752997,0.006561698538629798
0.12431661663364699,0.017600586064090585,0.7003316587723245,0.006408122505487803,-0.009865899128902456,-1.8915394952117563,-0.001997538579671748,-1.913547843347277,-0.0003861020421561598
-2.9202294944233795,-0.009250689806239887,-0.006923835819963739,-1.6997080651596617,0.0007674207445689252,0.001711027741313459,-3.0102816914997845,3.680510885968663,-0.024814357197152193
0.0011566006195495079,0.002186695411298985,0.0009158165507745028,0.0008465573287233154,0.7116282941945024,0.006360600636105846,-0.0275883810974635,0.0003067759365533024,-2.215908649160038
-0.0018991924571214805,-0.004784718303009264,0.046592142386522706,0.00619282235042614,0.0016215019732866987,2.0362824672453828,-0.6300093111219001,-0.0023037685321536314,0.002294660770734945
0.0019497224206950498,-0.0007768461144370797,-0.002186677754416722,-0.004291895966954142,-0.00120266804599633,-0.001358476186942261,0.000877268467740959,-0.005303451616300819,-0.002918143356508213
0.006110434513624063,0.9276658455415965,-0.0005473276468464048,-0.0013339380563112402,-0.005652733963452264,-0.00277919375994188,0.007676310029501284,0.0005748119711683705,-0.0009126407163160626
8.563611906566883e-05,-0.021021083624750816,0.2702326594109348,-0.007797731695510757,-0.003514403240236358,-1.75712572196516,-0.01786746816421514,-0.36417746701650255,-0.0009352846916235065
0.00442047904175926,-0.09580233472634941,-0.0012063555492994593,-2.9819463452838013,-0.0014877635863752292,-1.2872225679988016,-0.024718488198160415,-0.04868323052473293,-0.01057020379422905
0.006242413698287357,-0.020730495749807353,-0.09605013925927919,0.008171623799875133,0.04419808052678986,2.8206748932129555,-0.0367295275077395,-0.005675758082673687,-2.4725436468758706
-0.05836857566473682,-2.048002491859551,0.0010899385959964557,0.003504838222414902,0.009760035461644237,0.19375610365132678,-0.006874767423938506,0.004128716258624528,0.0033708338326184947
1.43232244401708,0.005556484491278338,0.0074236854022312355,0.0025708937356490992,0.001200985578080259,-0.0011482628382150292,-2.9223883498394048,-1.0541909291026033,-0.006328596955329904
-0.0008458487123081621,0.002311519449594834,-0.004562143359263229,0.01924601910116279,-0.09259313864559383,-0.0018201388122084114,0.08044590598340337,0.01659183590876044,0.012808906435377417
-2.7575464585057983,-0.0077666186518998565,0.0035254646471760617,0.25392205942051205,-0.0013977134488989823,0.0041877547740529035,-0.004294596746581211,0.009688169266560027,2.0465688201821655
1.5557483538712051,0.02225180103005918,0.008163619346647832,-0.009047106963302451,-0.006387704363498156,-0.035272789971131854,0.008285218306152718,-0.0037958348002340102,0.0008917750904982279
0.009031153520858277,0.010250002687667605,1.0951529420781265,0.003122897048715447,-0.006033874526648303,-1.0549465936215778,0.00635252459930364,-0.006062760779626548,0.0026771559295206892
-0.0004421447402941001,0.002234151351415071,-0.0042538470280357715,-0.06352055773731878,-0.003595402908967536,-0.0017966330809564535,0.0017184976650729262,2.422268270674821,-0.00304589502958727
-0.003689225123897749,-0.07999057801952267,-0.0311731166549624,0.003406425872354093,0.005966957305275966,0.002025112814807465,-0.007002920811020854,-0.003468037565819454,-3.2720136798062276
-0.010637084451501966,-0.011199787874477903,-0.0378770637406951,3.750046577717984,0.009955064952055635,0.013106662694364283,-0.45445415323595406,0.019094949026104563,-7.841062222060274
-3.4051642729641154,-0.0005809987265210422,-0.0002601250375973904,0.0014985198495448596,0.005673701458561761,0.24965898711136705,-0.02422680588858714,0.03126726756664681,-0.003143698553825014
0.006224930920109124,0.01704438119210806,2.5257804508614016e-05,0.042162883115952454,-0.42247909679451273,-0.0039851169402997134,0.01308048457922121,0.009012113925433538,3.578617639015905
0.005968851166496653,-0.009157693036040705,-0.005030883227172003,-1.139735732101258,-0.004640135959601596,-0.7436154577598836,-0.0025211707578743706,-1.0356045721718563,-0.016390501856742457
-0.04406136283308901,-0.0008200145878651567,-0.0015504366544901228,-0.0012102290514912472,0.013517236524438165,0.017299374553512936,1.0722967566318282,0.07594346342095076,0.014800846135729592
1.5841991436343956,0.00024122067411294043,-0.012214003642973991,-0.02810765948501009,-3.030163255935553e-05,-0.006255848866215577,0.0022028015009005423,-0.014912017446343755,-0.037320165885841056
-0.014078306524696368,-0.015318866680392874,0.0011154158229271178,0.009294379949780336,0.005991864708925383,0.4547114156229833,-0.010577812755850829,0.0026340793120511337,0.0028196321574180333
0.006683500723645838,-0.0008991098873993297,-0.001897959021491688,-0.0065711600984295765,-5.33173220589938,-0.37479409327236013,2.751320724590337,-0.016424780834135094,-0.005246637161436991
-0.004108468745127554,0.0038463379152121058,6.403505525431147,-0.0010914268533907551,-0.005062589043990165,-0.0009094120969354996,1.5768036289400338,2.6228087897671335,0.05043827578420945
0.03284802235391038,-0.00408716656521689,-0.37572253247520404,0.004558774024551113,0.550880277055267,2.076652833960951,-0.015830717011200868,-0.003981640242809614,-0.6173067145657201
0.0007639201778959909,0.0028946387065592366,-0.001800669667049259,0.017936373919306837,-0.003414415300628139,-0.000833344780942033,0.006093482611904665,0.009594480678631487,2.2646867188919395
0.7064807574452975,0.011864898415142504,-0.003439844261498508,-0.0012430541896696946,-0.005338861507915758,-0.5110486325713562,0.01639061621823766,-0.0020425961868769105,-0.0016316383086592279
0.0025208392695826084,0.012716504003935054,0.007683665510053526,-0.008146046423736042,-0.004554835078524751,-0.0022624620927433788,0.004053318088295213,-0.0008871940393831158,0.0001629196707773448
0.0013179990030626823,0.004808605324061358,0.016808163272007005,2.4813084491517703,-0.8063886586038511,-0.0032217473586080066,0.0025131568443656645,0.00016055339733445756,0.006555642191252833
-0.28370707325589023,-0.009808834511588814,0.00035664045803807456,0.011479475340943181,0.0002922337105468534,0.8317192557928955,-0.002042084685018229,0.009337519459482413,0.006574299957343344
0.0005398753278385432,0.005341337020880715,-0.002548830004116774,0.6197024668593756,-0.02314881947089303,-0.001776822047030193,1.8914582862072755,1.4053014847027194,0.006967321269637068
-0.0012348293014779242,0.002217487281447394,0.001390325440498899,1.7752693334268894,0.0015426188837876983,0.0014156508154374928,0.0019260621439852466,2.8512406608265737,2.067034224439131
-0.005104698697772422,0.0016314903403660851,-0.000437443123047887,-0.005943853770229936,0.011988440000302206,1.0139542006867268,-0.0007659401788237402,0.002976545506055082,-0.00014145992555868875
-0.024715122999330836,-2.106276867228315,0.001587613726909333,-0.003176761209176135,0.3576357160615662,0.15593731517391718,-1.1262475807597112,0.0034525351221636642,0.00156525219547673
0.025740374484152295,1.4700282515300025,-0.004477740123326802,0.0005064560321134038,0.0022042404795711776,0.00023659387090464983,-0.001537061023704803,-9.782848118246133e-07,-0.008897907747128411
-0.0010030515859995558,0.15918528922519437,0.0048682897931488795,0.0034417122647471855,-2.284741239271295,0.00015496147402653537,0.9259628398045427,0.006303055498146545,0.005373955687929935
-1.5286851606700698,0.000554894093178035,0.005709637786367704,0.001263952431414049,0.012401833755468161,0.768024057750413,0.00555362693268148,0.005242670373021584,0.9147966681943025
-0.03708179091768726,-0.006022005941437258,-0.0020666599333648166,-0.02093339634104699,-3.0098989554306597,-0.002740733251251959,2.331521249698874,1.9188595084019595,0.004866708749418386
-0.002059624315829539,-0.000258030079196038,-0.6902211476201581,0.003785676455542692,0.0012316772660158626,3.4498972433489783,0.0056881232151969885,0.006112241324531975,0.00038159421384650546
-0.012749171798086815,-0.010945059989361815,0.0008471422026601755,1.817085224104555,0.038006484313217986,0.05719521298305125,-0.006323427709731055,0.003468637785447294,2.378919300153057
-0.004427802911271218,-0.01702293714130872,-0.014369781971639616,-1.5298216094748276,0.003321424554646845,0.001305672684138708,-0.004037170515140874,0.00027308916119509467,-0.00494778661080689
-0.006838980789542662,0.0015797990433996933,-0.0013166793671574566,-1.0209925248097829,0.04312139541639434,0.08145879573631598,-2.0565780061181034,3.745900980087503,-0.019561068506775553
-3.748760745739834,0.011015306754039722,0.05171172092754679,-0.04347473880086705,1.5323239801844468,0.0030448821731044323,1.4895892883410458,-0.007859624595160812,0.018860565020579645
0.001327729348853599,-5.0224295381825186e-05,-0.0022748552427928467,-0.011500267406074327,-0.0006828689805795098,-0.0010653123352262904,0.0009170181819528344,-0.0032106330395710626,-0.0034079368019995404
-0.01816081925275335,-0.1526459539892989,-0.006078020509342429,-0.008317253360380219,0.01450272267311048,1.234288507631845,-0.007209846514692808,-0.0006466175389954166,-0.0019245215796664097
0.001041025853611532,0.008950538362153586,0.005836754204825376,-0.006856647689520329,-0.04168215440634887,-0.48955228576018817,0.6537141009798884,-0.0006052092373262773,0.0020730931190533946
-0.0016303902562306615,0.0030779581389193517,0.0377216159510553,0.002442935648377314,-0.004315285492585392,-0.00036287729589128625,0.0003387572183227799,0.015575698433088328,1.1969467960303821
-0.0025394914838416313,-4.520096992973432,0.029542907453571257,0.976405195314138,-0.0014516783125359117,1.2212801258725762e-05,0.0009170469301942319,-0.0075781513183278,1.2519847099520998
-0.0035269391942639125,-0.02002292902311112,-0.016467151013556315,0.012561629582985994,0.008798602321552135,0.6202859963179735,-0.010650776895589277,0.0020393986870446764,-0.000889514573312886
0.0078090571931696065,-0.000549876634656582,-0.0015449126831565928,2.905604987898312,0.648009418433769,0.0017761465740282548,-1.8321485878760875,-0.017219190675854097,-0.007510140876650978
0.01206675264610596,2.5432768264635595,0.005364557866666592,0.011324095160680836,-0.019196167878533274,-0.004264310280667125,0.00824480491529294,-0.00032305778072730384,5.688129728588059
0.00957629921440456,1.1725523914687486,-0.0019931465041947913,-1.09724284865309,-4.9532292576548596,-0.014647448176017819,-0.001586930524978658,0.0023510553079497537,-1.632017247911237
-0.0064410006191488785,-0.5105502882336426,0.000854409133290936,-0.017273031187271626,-0.0009978808250060466,6.0272306407136746e-05,-0.6803153268357333,-0.00022885654390052406,-0.0010852153689500598
0.00020415456984747456,-0.001390019850579899,-0.002987140249346864,4.676829926854053e-05,0.01237322858281137,0.001480315485999068,-0.0008657545279053834,-0.0024638223030408377,-0.002219119098432581
-0.011327136444854207,-0.007755976587361185,4.0462177578694085,4.691135970285642,0.0007611041695596774,0.006451947223008358,-1.2596314492690648,1.9480787280110308,0.03917862145277751
0.0033848179463216556,0.007854901204173459,0.00788303531612023,-0.002499328218006231,-0.004961438852761364,-0.002364588784182386,0.002658141292188055,-0.002008793159477708,-5.537816223241665e-05
-0.0013500766705538125,-0.02900978457923442,-0.0011424074126360686,0.0011464701862736112,2.4623730094194114,0.0026469495098756443,-0.008766735970562918,-0.0014508664381463216,-0.00041682957627505075
0.0034899551083510724,3.6929424223916754,0.0028842089403517193,0.22937491040979535,-0.01077353184555048,-0.0018575812808083137,0.012334297995945431,0.0009661021133468373,0.005120823485911368
0.5421633622754318,0.001666101482356512,-0.0041436575319661086,-0.0015123554818444913,-0.013620845182013452,-0.06896666241212843,0.0021958346008883085,-0.5668878723060307,-1.80990456847484
-0.005214669369319695,0.0016713636393594217,0.0019129256163923074,0.001194015329528792,-0.00828992779569725,-0.0006951857274282436,1.5563945901922394,0.021728691321549753,1.3437845390801348
0.0037196607743120655,0.033810804658199176,0.08686077326455814,0.0040909182533316185,-0.518642720778888,-1.6704621297400335,0.0003706153732421155,0.0015819410380326984,0.002449314311956191
-0.0021765338520471616,-0.24971376290952452,-0.10688704121363633,0.0019403500688701218,0.9601804037090451,0.004538643529506066,-0.008230087459562684,-0.003455758519836455,-2.9652142308010307
-0.006682271080966754,-0.0009651148594356819,0.001686147593789062,-0.007156380249912712,0.04854347883104554,0.12688152556031895,-0.22762606658745832,3.515951406789913,-3.0347575282729644
-0.006729666099012193,-0.11784521619012832,-0.0025306743547768877,0.024903610699456468,0.010717775044174664,0.0077135646506529786,-0.14211000138321225,-2.8370408101659406,-0.0022181928407368975
0.007116294395423861,0.0026598715189911286,-0.0008029163059843454,-1.1626630106460947,-0.00048443128740414954,-0.0017541964321523737,3.5063216820215536e-05,-2.0653227181737055,-0.012881578780907815
-1.0606807418420756,-0.0026773199079411017,0.0008964338351725824,-0.000542268914335127,-0.000470019203639465,0.0014363949206762294,-0.00016376451086992302,0.1153104362221673,2.3013185045715927
-0.010948511922563995,0.005095086159651357,0.01146005157669211,0.7630167284805873,0.00035352979981177757,0.8695785095720113,0.004039288211556552,0.018785245676396396,0.14557189051146327
0.002812119975336147,-0.3396787075365846,-0.010867604926580825,0.008789869676205556,0.05974324226952521,1.9061797696680998,-2.61913115817784,-0.013096188125991337,-0.004407497553334447
0.00419945883062239,-0.0012066293922308458,-0.0010809377242726112,-5.52122929720035,0.007686516244131242,-0.00031038441866675787,-2.835612343138447,-1.0401206495457325,-0.020058873907878638
-0.0018075915339030996,-0.012307098669402772,-0.004566514693529429,0.012350996913930962,3.147733680266523,1.0917273431871752,-0.009890500762992999,0.001394487862864252,-0.00018623262838505811
-0.014750169094030856,-2.142960612376207,-0.0022908713794029707,1.281941370551439,0.008869746177765758,0.06706493581624434,-1.055432258639554,4.763697135363581,0.002562664645849644
0.11635742170694943,0.014073553707161256,3.137753398423023,2.6852358938412193,-0.01696781625448611,-0.005092005880143026,-0.0024319710968099904,-6.094138592528468,-0.008699588845194353
-0.0038795648293074164,-0.026521381437697916,0.001047885232339562,-0.02016274497007178,1.414402412969436,0.0026909094310526363,-0.7757917522613597,-0.000981001622024226,-0.001814666800557094
0.0031741536545898995,0.00267734229853196,0.005260654396773045,-0.004628848069579814,-0.0053410446601378225,-1.0458120088352807,0.0009291207969473816,-0.003143052082991488,-0.0005125194824638704
0.0015799218054215027,0.007432101498827357,0.0030447407070734647,0.0010242707028443893,-0.008509440239646436,-0.0021159736750310746,0.01391113483604241,0.004174238821043456,1.7610138602625256
-0.0014353824174920477,0.005188845629764106,0.004747313845824387,-0.002638060159898885,-0.00024880689348877837,-0.00026990349498097217,0.9731322140748296,0.000907432710409984,2.1909260665770924
-0.006026108986715969,0.002225221362619708,0.013991676656737263,0.0036271843145300425,-0.00044882114413815136,0.0010781948719515617,0.0004980238719159756,1.2961793525563479,0.0420035180925782
-1.3510750730660452,-1.516998727693851,-0.02043910968681415,0.032750635188431895,-0.00030922679178209747,0.003135523698014942,-0.0003507462308348988,0.006849767808978244,0.004754968486315351
-0.004643529164648479,-0.005621209828868891,-0.8860097546963541,2.6440337293744816,0.02048313192050779,0.2762894076598865,-0.0026475682133782884,0.00796607144871171,0.0004890197647132548
0.013191456570263198,0.0035935240532990465,-0.0010099710119748895,-0.0016701683837944004,-0.009608246364832259,-0.1744291817876332,0.01506732981513783,-1.3241299814117753,-0.00023954024169024757
0.0019269307577115084,-0.5497280006532042,-0.020051850712554817,-2.403625756049115,2.5359305183882848,-0.000862199612343767,-0.01269041812817594,-0.0093679552707768,-0.04154111000596508
0.004294777965635213,0.008296040581668943,0.002572587701182187,-0.005615513681471554,-0.004021160666764883,-0.0026870648212789037,0.00344950519006752,-0.002275316193588872,-0.0015724113288573657
-0.001439893146546,0.038550382298781403,0.00013116451457050038,-0.013696102559861796,0.007909764429129107,2.5810805131583727,0.005132924335606859,0.005070650667101559,-0.00041168249110333163
0.005006371129409222,0.08998351507883286,0.002095787207404656,0.12044901833509929,-0.0031927421751373115,-0.0009345560944732925,0.6147577348443495,0.0007576998092508102,0.004010364287627466
0.0003869546720976953,0.002681593676121731,-3.997961786375759,0.03174569668221756,0.0033141308244201556,0.9229693758240505,-0.48125522179959646,0.011387731528013062,-0.003016913476936849
0.0017296088373953654,1.9715328920710231,-0.007534820519639388,0.842767851259786,-1.5571947539459319,-0.0013180398919862418,0.2009778422071054,0.0064198644891552215,0.003583155872189006
-0.04538282493154216,-0.024633306984869277,-0.09570710630881445,-1.3412834147684147,0.0033025976972949397,0.00242786987449202,-0.0038162786980473055,0.007137095384453759,-0.0015771039610680227
-0.007993942081866887,-3.314671394368439,0.009081733308791494,0.012904091201496652,0.0037935559234502994,0.00566183368725166,-0.007980290357834742,0.00142772505052109,0.0056536078655329315
-0.027938400716097943,0.0023106565892594168,5.282342531578882,-1.708316715744549,-0.011124727407027524,3.318367784316702,-0.019571068029809846,0.04230925865260919,-0.0011349756899528274
-0.002941337178254849,0.008414213550515484,0.012518414648345813,0.0038865350402802,-0.004602977244655304,1.851205673742918,-0.07621991601319711,2.274533160363578,0.0018485945204354606
1.1852466053309023,0.011268862329152474,0.0008090054534449875,0.0062908125120027065,-0.015261356032284248,-0.030873020952311342,2.2471893032797166,-0.0038279408575707455,-0.0004381814849500436
0.012423021546901225,0.05634911101747142,0.0037852554622142937,0.001926022120765706,-3.6526844667960985,-0.007341658473951823,2.656451783261671,-0.00406521978936859,-0.002259715205471989
0.003936882344362402,-0.002959583465783039,0.0026078541286159076,-0.018481085426917877,-2.9605249454500777,-0.25450455520334314,-0.00062035700883832,-0.012378264057505355,-0.004553987852094702
-0.0006414454884253179,0.0018241231212554139,-0.010410618855794966,1.1143880078055406,0.0009414040788615478,0.0016506148543228094,-0.001010156972453011,0.09166893429291129,-0.00019358423229424992
-0.0006854830281304569,-0.008045295804793406,0.0024004382914829397,0.015355236626046806,0.025681078879512542,2.913063559398429,0.0011192489900798963,-4.121671627008735,0.0061762191378180245
-0.00039717336233495177,-0.035456086821509726,-0.024618018561671805,-0.0020256401682153535,0.006502412302130523,0.001097786448695055,-0.011515365827287322,-0.01836663634217596,-0.6118810215492699
0.005391578541527433,-0.0003785935605969044,0.00047005067972533815,-0.021941132771927604,-0.0012244409217362917,-1.7260331302635017,-0.013308703578337397,-0.0040028631376675125,-0.008477419037875383
-0.0013331381615871753,-0.009423355975321707,-2.514195861841838e-06,-0.0037652614117581816,1.4488637408605158,0.004057212577725032,-0.007139111131895352,-2.4628176305172302,-0.004372246112130787
0.02720475344453498,0.0013743050070633045,-0.0041123642141838454,0.0007089429658446362,-0.0049079111830428995,-0.00907260508915776,0.0041701802466218105,-0.7739881501049661,-0.004441804447303596
-0.023998878105896734,-0.006365408433728154,-0.003943475005829357,-0.013188506850737067,2.2945570108993234,0.08189476255930306,-0.02998409135556883,0.009716758442543189,-5.432693550641515
-0.001727299444906693,0.014994260857442987,0.006018342016505869,-0.0009301055146717085,-0.10526505884656273,-0.0012881786281611074,3.760109773546808,0.010030576722826718,0.004074508022773992
-0.0016440432275618977,0.004826505435937434,0.034000659028203775,0.0039024576678368846,-0.04195524257575165,-0.0011265862643998134,2.8552849885311717,0.002449248190648949,0.01544880775797355
0.00265143969990491,-0.0013143162129088304,-0.002053026967028152,-0.0053657871837747015,-0.0020652326494065565,-0.0034874835208221168,0.007168082283134752,-0.5010883083748597,-0.0009114600570942202
-0.002138230216013951,-1.4993220371289877,-0.002024627319569934,-0.006610794879929889,0.024378897917989577,0.0026575257111892095,-0.05496849351060093,-0.35430705928392836,-2.9936018337470687
-0.0063081225205884155,-0.0028998116907381606,0.6973448654665155,-0.17420826358767866,0.0003161025517944817,4.414374328284116e-05,0.0005857016102318964,-0.0013769173006616918,0.007709692115507508
-0.012575867378485865,0.005742659637829807,8.41570308755903,-0.006900861796356749,-0.00041377876150427984,5.676467499871236,0.004946310050794489,0.008412502006368325,0.005106197145709174
-0.006668436860161676,-0.020584910253282542,-0.004675132497852886,0.007632467609502341,0.011262704468589235,0.7724289055133582,-0.0013540296917516834,0.0005713159574312049,0.001604460620121065
0.005423707182640197,0.008024055582929361,0.003330831983805461,0.006896379475641807,-0.013828570243794825,-0.0035954463607028313,0.0032271064675374163,2.5640940212926253,0.0036755235110207743
0.0014315252192556166,-0.011172941621473947,-0.7153222754162205,-0.006712969967693175,-0.005651649731490646,-0.004192594186163925,4.29641479511958,-0.0026812168476184096,-0.004368836543653618
0.0016980574586140836,0.027238562857176574,0.003216318547225273,-0.001736587633115405,-0.015511449189893108,-0.0037563800011998615,1.0043751820594735,0.535535557630483,4.0158581041469645
-0.007867666474903848,4.493571102909562,-0.0017678111669004043,4.035797542039622,0.02464606936801779,0.01602554670241551,0.012685162141255632,2.877830955758737,0.010176061138879727
-0.43274757278488096,-0.0072410907579241665,0.04460401691541027,0.002966549299417906,0.009885655560941231,0.04458210814580649,-0.028149221385827372,5.465276315597595,2.6031774618412076
-0.006677268160122518,-1.1046675175982594,-0.003274179780073102,0.004345109380429168,1.43373976529503,0.24069350527019595,-0.026773834006841482,0.0030762013993231654,0.0011452278167579217
0.012926378146107947,4.414019179505421,0.0390474834798373,2.4792581105299742,-0.020209724819745978,-0.004577782970570593,0.0029689378335590808,-0.0032212589139019032,5.975667137797674
-1.604724309471632,-0.0458823178429077,-0.00014441683604014214,0.0023783722559936444,-0.0007785397348209488,0.00038530839811348207,-0.0031563983820480663,-0.0017724720833411955,0.0021232748815528286
-0.005088851685935674,0.0005410524446030863,-0.0017325335682128098,-0.007607933183376053,0.0025612788400079037,0.0022662710584457134,-0.002234263230491354,0.317988508881843,-0.000488748672733227
0.01849886121104173,0.017608238230372053,-0.00373511028066038,-1.8919495645919566,-0.003087785011262667,-0.8117070551296299,2.584004902370026,-4.315742420283534,-0.01801087615616681
-3.9679085022909453,-0.01010365729078167,-0.008390240530746433,0.004697994916588636,0.01530283617474297,0.05657200851691921,-0.002810995434600713,-0.00017269135253803066,-0.002577426123645435
-0.06582181362076232,-0.005340821914839562,0.00021291679519176016,0.002225403969139441,0.0043774266295592,1.217303372283527,0.004398205197330071,1.7881868956649962,0.013232926050610494
0.01947185251000588,-0.0023036413563981154,-0.0023205248055850787,0.000506271194040212,-0.001734161840813181,-1.1276679197050326,-0.00040763575497579363,-0.8010471662399006,-0.004658468837327491
-0.003925629555950195,0.0031578255085474806,1.43551513534714,-0.0013886678139652783,0.0012628460388010429,0.0015385008623190395,-0.0013122198726380218,1.3271177023545888,0.007003012703775784
-0.0029907753722645198,-2.0229398397892204,-1.317424396019716,0.00192367082001626,-0.0011910937343070742,0.00012972736049598663,0.0005326976521815539,0.0015241068099060154,0.001033281156095703
-0.0031766845573007515,-0.009498905991165648,-0.16787428115248534,-0.0001868478774402289,0.005478216262237624,0.0024169183348449084,-0.004872991341628377,0.0026778594042691337,-0.002530455329495071
0.005447598898096239,0.0013995803513093177,0.003020908727943969,-0.0036842143015944364,-0.4533160275307493,-0.04267931812024455,0.0005898087910544273,-0.007087259336910544,-0.002825695017717075
-0.0066287041779102265,4.369109452123271,0.03152981678208899,-2.9441710686914244,-0.06352558519647411,-0.0039884102503581,0.6301643305104947,0.005728727466192096,0.020784355472282114
0.021858116593471748,-0.007351169120030454,-0.01530261131151621,-0.0017487423523611738,0.00192243275938217,-1.8371977719260162,-0.013223222195973494,-0.009282219807347579,-0.027345749090507257
-0.0018209670692434666,0.009168711050702869,0.002649546791330002,1.5405732462270574,-0.0028925638901871713,0.0011717425396697081,2.118291273298141,0.00913974655750863,0.01363086430334081
0.0005022976004217458,-0.009255574536001232,-0.0032683030707362226,-0.0010920555228107857,0.008325376459529587,0.0020748630001851624,-1.3357951135411745,-1.4388504146943228,-2.1935132950768983
-0.005299705278288838,-0.0007541477705188954,0.0129154797793293,-0.0005848422096143904,2.214096996314813,0.005599384963099391,0.0038853427201487947,-0.001625469322900884,2.2232743879709753
-0.015154374278922333,-0.020010053426973075,0.03286186908611485,-0.002206908597003083,0.005295936255454048,2.950987328096076,-0.0008176046489450084,-0.005056090900065897,0.0049860364002347266
0.003024941567436722,0.010027883121432265,0.00048533328381429423,-0.003984514594252102,-0.01635322988913704,-0.643274380662256,0.01100198976000398,0.00035930158632580043,0.00037250778824166313
0.0006908048169252202,-1.239072178279411,-0.01881140216801912,-1.8421818815322613,0.08908797202264723,0.0011113962011173027,-0.0034665468795766407,-0.0726751764870446,-0.017877420816473758
-0.0007734596123469162,-3.758933124777883,-0.02406836129215109,0.007050462344831337,0.022861882852740406,0.4217109169541152,-0.019391743104113734,0.0016296092594102801,-0.0029196309548444417
0.022219081837873654,0.01871410380863525,0.009256259747782242,-1.5047329009580546,-0.0023191433449482788,-0.002976494974021869,0.0002538331428627062,-0.007973344758542052,-0.012456180651538763
3.8620532059558745,-0.005774668282001946,-0.017652859991769014,-0.0048446755565754755,-0.007060953959034472,-0.02758104144048245,0.007714790679617792,-4.968174374760834,-0.005404594097206367
-0.014854285902950175,-0.005450786790885079,0.0006372410645029121,-2.658219232339334,-0.0007798881836319077,0.00086462869060807,1.7383403434789346,0.004860513092458984,0.008387492599393375
0.0032494099527803216,-0.07098152624079845,-2.156811500775974,-0.010629220477843189,2.70909660038644,-0.002575908117741818,-0.007178037590224146,-0.034347268116887486,-0.04438034367671946
-0.004211836264094061,-0.002226215129284153,-0.0269627132285538,0.0034979726681785388,-0.9558427157308549,-0.0013940804510335272,0.01033519242901178,0.6076045619330193,0.005953708663241825
5.118408250579785,-0.0008407731517552988,-0.00801534126213307,-0.005390866978572045,-0.0012366034824274341,-0.00990039268630645,0.1468675714962897,-2.8535500429441836,-0.00022092225431216694
-3.3266479057755625,0.025800058470259277,0.013556733680420884,-0.006066388211223932,-0.0054915222413934595,-0.0026579574791924924,0.01002207482215809,0.03008033444281307,0.018835522022801532
0.0025613775652614033,-0.023647305081135928,-0.00559036497438356,-0.00038265246186217896,-0.0017052080878983134,-2.336275880993511,-0.006138744579213373,-0.004033871206440994,-0.0035286598782500248
0.002688658924249798,-0.0062729729249228205,-0.013462181078096321,-0.0002095254020367805,0.34263405338930414,0.0012205575755125674,-0.004019511426443721,-0.019289556879125258,-0.013771277816553483
0.0031038898117376115,-0.0005516727535936454,-0.0038649542867812484,-2.3433585947237647,-0.0037750698508973012,-0.003048262320395326,0.0004672857611346358,-0.009082395344001494,-1.8084483843833266
-0.0005448749870867013,0.006799458869330848,-0.0015741981392959287,-0.014146949543201032,0.9232696569086769,0.003979816332892584,0.00025127608131871764,0.004068568982543805,-4.464058697783292
-0.006835730678701245,-2.1551306844388427,0.003471004075324923,0.0023262591879018033,-0.00929511314684011,-0.0017420557906213565,0.004621001402374279,-0.000259355565836509,0.011333654884078316
-0.4088909072758038,-0.00779398881192777,0.01553304511050227,-0.00030296597713706797,0.002472208213581184,1.3477100175222798,-0.08550277186236732,0.005280057791968273,6.038751512172873
0.1915933134551306,3.2036280535127943,0.004265338805011738,6.406490289124948,0.002319276059005268,-0.0021306178996308572,-3.6366039937366486,-0.010406587620512012,-0.012218965900587915
-4.826356828252599,-2.0097143883385025,-0.003459882681292638,-0.0669292833220437,-6.088661037603151,-0.37090407069904785,-3.4146159373817553,-3.9201571127855814,-2.2231925419271006
0.005563013239147977,-0.0013132321417985353,-0.014326158215875193,-0.00586337662965442,-0.0011275931294513909,-0.001967724177036989,-0.0006109417870013445,-0.012509450034486991,-0.11280114734606864
0.003386025148054521,0.008877513255212327,0.0023566342322229273,0.002053918419181922,-0.884425648862178,-0.006900855291070453,0.013352202401064939,-0.0012368511181430368,0.0012912177055883546
1.9917441947905186,0.00556565959974914,-0.002188467133312883,0.08051412494214533,-0.016906336810504963,-0.010735828801271025,2.372005575347296,-0.0001012208436695361,0.0020631901697281164
-0.023884541661117926,-0.01085137210415454,0.01601383293271043,2.482692201484447,-0.009616199914332935,3.3016588204899775,0.0001221336275056828,0.0024590890509834117,0.0323260906593085
0.004161224673447886,0.005216066685871101,0.5358669034229512,0.0038285384390938405,-0.04906395682512976,-0.5295423924864195,3.876054128993701,-3.491618625685634,0.013634610836740127
-0.7646767574238161,-0.0008460238656593275,0.002159225048448795,-0.007921959841937927,-0.003467465768058897,-0.0008548928598633994,0.003730001249706692,1.4726416899842443,0.011711615337455822
-0.0015311649743189049,0.0035289480392182906,0.002303421793241193,2.523894843091058,-0.0020051649376754146,-1.7539321570678393e-05,0.0040867470471846745,0.012179461321151788,0.018498694386108218
-0.6878902960271438,-0.009736595085239474,-0.03394659563031071,-0.020717765445092663,0.003888176258872566,0.003510565682672687,-0.006087354620164109,1.2303329684428528,-0.0072881344406831895
-0.016980611991287236,0.003770570821555888,-0.00033648947786030226,-0.00018710626204595214,0.0006061687962045509,1.2262168814830188,0.0038736246308419126,0.24561733699335622,0.004606654163403799
-0.0021723259547729995,0.00885663916442632,0.004214682750859233,-0.0008995408587873649,2.040814033580828,1.107549416696858,3.447223654206438e-05,0.0038777187785685036,0.0013809923668230521
5.0117115604707445,-0.02446193525338458,-10.9138957856235,0.005613302388495885,-0.0003709819393994396,-2.5804921831582437,0.0003427400085637411,-0.13534032097468832,-0.0013506006965757211
0.1113517926048419,0.006065650191779247,-0.003952060964777594,-0.0005697750538720056,-0.00960002879262055,-0.014313308859104255,0.020765714443192147,-0.053917153996932865,-5.00321479299876
-0.20179455073396968,-0.022139664594234845,0.0005439652951809253,0.009866173388648702,0.01764994208264667,0.2812471730363373,-0.015705527045370038,0.005535216602970905,4.031533321553451
-0.009449444009387672,0.0022469893315803097,0.003408621664185142,-0.010583258541271637,-0.0032264203728151726,-0.0004921104155019944,1.9487896923549857,1.8745973617643141,0.008310712619055013
0.006379264382953071,0.007006535579000547,-0.02450037219788128,0.001409164235254651,-0.059753078208530486,-0.5068381437140623,0.4069794446471756,0.0019844909137046486,-0.001279094662570659
0.005543284807270778,0.006614356725685922,0.007910430585199097,0.002826407824953785,-0.002707662028764084,-0.0014297790581167882,0.0009193667136482413,-0.003056337308163112,-0.0007165256121239175
-0.011212814329492705,-0.05439435853658088,-0.019107136471373853,-0.004821818172644424,0.021300150520496497,2.4678695135482522,0.006122376165582005,-0.0018836592111752216,0.0005013775246955482
-0.00016648914706623476,0.010322495748119578,0.010075010218910083,0.04470445126744739,0.00018307440252418594,0.9161320161372735,-0.24436316011148107,0.014474710050689222,0.0014661403136628087
-0.004972358401561683,0.024944532625808702,2.413609411455093,0.0023209787194642104,0.016515439533187404,1.2520370829348026,0.0028733041311472945,3.873693861479109,0.01196108264047599
3.6012542713228592,0.009276765300032172,-0.008410983931729893,-1.9790513714347484,0.004294038337966495,0.0021640642798051776,-0.002117054284113136,0.0031628510938119417,-0.06210981735303428
0.002516269961483299,0.0029090412059642884,-0.0037397515366380234,0.08185833480662352,-0.009373579889953573,-0.0023252367599733443,0.7826852758810776,0.004107598922590015,3.1118380106470713
-0.0003079170573998466,0.002813589727391888,-0.0033860799108317158,0.010981957778858364,0.006054552157540855,0.013474357404717377,-1.5966643075072633,1.6827347249818416,-0.0016558735499445955
3.104544469870192,9.014799335845257,1.9780605015833697,-5.255737247495349,-0.0013705399087581838,-0.0045171829301115796,-2.185726461878744,-0.024819618027012366,-0.03578723608401768
-2.3679223504443954,-0.00647865965765276,-0.0004916310892107943,0.0010356551990208232,0.016351803195285203,0.17895653285731045,-0.0031819030268955967,-0.00034874449890774694,0.00010777884382827396
0.0017785402890714997,0.008522466045799738,0.012428769782676282,0.010673362324544019,-0.0019161050298554352,-0.0008607498597839728,0.4183300737439064,-0.00127874831178106,0.008849321611663007
-4.214918280147972,-0.0001454929885173784,0.0005646032362351654,-0.004712480623576765,1.8738829832637416e-05,0.00014324492867643474,0.0004450604990397129,0.002308985406583462,0.0007102436419099759
0.001470691489424733,0.0002560165752275679,-0.14316631210414146,-0.0011467631206875037,-0.01673974932900479,-0.0026761492397886135,0.0010818810810284574,0.010019909703676604,-3.967457851531834
-0.0035659141757762493,0.002220445999042222,-1.989794853629962,-0.1504746149002289,-1.193562883910142,-0.0020757633474033227,0.0016931579980716351,0.011673871531673527,-0.0012104341853426993
0.0010116688089105612,-0.0009713005064307129,-0.008506614724836967,-0.00816567156337487,0.5940738239971481,0.00230472978323762,-0.0056299410353916465,-0.002058937428374317,-0.8240925145329117
1.5000101566678783,1.8274798510667027,0.017629195025152256,-1.7708259451395865,0.0053033157576998224,0.002182970634787784,-0.007078443079886504,-0.001279831548231504,-3.4427234307846053
-0.012558943640351067,-2.2889000610002883,-0.020851569863833075,0.09275127607145484,0.05001045516182845,0.8655963818577053,0.005570242557888128,0.001046661198831178,3.4655707880844706
-0.0009992176615193464,-0.004572194705669248,-0.0019373940323820114,1.8652902280014145,-0.030269487412356678,-0.0024886076391627465,0.0023664666176814175,0.0017226089428153124,1.856027204787111
0.001158794109276516,0.3270580491968236,0.017222968010810996,0.005476204771289173,-5.320499720030887,-0.0006319111041782899,0.262107547728627,0.0008934250679154578,0.00510571192294784
1.8078921134645598,0.10385072509644727,0.028463935148841102,-0.005738803353649208,-0.00019177295623603458,-6.01561868251322e-05,-0.009643686439985935,0.0012346912337737014,-1.9098487727206441
-0.004261001942044002,-2.560780215545006,-0.003937191065874413,-0.0154010090757477,0.0169841373175887,0.0029488917730790746,-0.014968181281318514,-0.004598171315467872,-2.6415388489751006
-0.0023203357035618266,2.4266413905869655,0.01784928049464571,-0.02429381618712545,-2.837941961260526,-2.5303204697775747,0.0009109848786866409,0.013026289505301936,0.0007947389829833229
-0.011002111520719343,-0.014567749881619992,-0.0038871178684098283,0.007361089689879138,0.0008749441453877149,0.0028302837287122956,-0.14229670986571982,0.01615704519536614,0.0016326234164589055
-3.198262101179169,-0.010739814969026401,-0.006586253225721456,0.010334364484419581,0.00858984581203441,0.22462336699406793,-0.0051507979023913755,0.0033237301207298666,-0.0015415453143080918
0.0028509214201487528,0.02363883423924778,0.003829385534343867,0.007711439726990361,-0.010762975572902967,-0.002425474894380412,0.8823700077698438,0.0058603894241481685,2.542208479615837
0.0035197279615870186,0.0276126282296138,-0.00027442550653798323,-0.006507315440695986,5.137970066812009,0.0007960427438837014,-0.19534091828521766,0.0012222237776643094,-0.011701316421251821
0.0030640918631941213,-0.04022858620549628,-0.0009983016753494344,-4.346803822179818,-0.040209867551706746,-0.6311533290664881,-0.008709735039588287,-2.25206388625192,-0.008033689543699318
-0.001018024661462065,-0.007740591757358681,-0.0009852861206547567,0.01634993714536466,-0.02058728478993655,-0.004770271357131289,2.902023381887392,-0.0006588078272859801,2.983089289163609
-0.014458731379048606,0.0034080342239339945,0.011904070086902413,0.008617454764161186,-0.00329987581300685,0.9937135449695266,-0.003281576463087979,0.033919000276024194,0.007699083821980424
0.004418455076745597,0.007075345102269735,2.8985544961156418,-0.0004011857487891228,-0.03331680198273923,-0.4656276599354265,0.009721182345084553,-0.004227984230358021,0.0014447051406518323
0.03098220295466303,2.260056353574429,-0.003899570480716076,-0.020477611277954944,-0.0029362687751075187,-0.005990311511328825,1.3496716593923148,-0.0008373295071293363,-4.8349934749125465
0.013243436472811702,0.006450280298617748,-0.7420436562723567,0.0004257108124307591,-0.002662449457935867,-3.2725504661730573,-0.002785065010374066,0.0020246052251949526,-0.010424035278929392
-0.010095336890055654,0.0073718169406023215,0.011256098347605825,-0.0055430827558515935,-0.002623891878549475,0.0008061763271130021,1.8866145433396042,1.1450823714788783,0.02332548721087825
-0.09402290745767261,0.004593708133090735,0.00428801449426122,-0.02397002401891145,-0.5023257345494514,-1.7020444938490726,0.7869250484867143,0.019240906568532834,0.008552875882221974
0.0005413214064796941,-0.012703279322145605,-0.00803853601097765,0.0007600776591297294,0.004006156544989191,0.0008725967698376969,-0.4582168972511803,-0.0028257133883082246,-0.007869267986644007
-0.004963852585685111,-0.002217598120612765,-0.0012041923146000964,0.005260728143899559,0.0031913659967546136,0.003386840360756153,-0.002356547896994355,0.011679599901832923,0.0027900989077574477
0.14846235268538277,0.009380118975642011,0.44801728736582114,0.07133254745417536,-0.019890809472617725,-0.004186961982567778,-0.002564025044082808,-3.94807740474734,0.0006334996915083602
-0.04130946253599981,-0.004027725590348325,0.002523434348628513,0.002061025490977982,-0.0034923865521041264,2.2078445544014977,0.001764835961464109,0.0077431296344991525,0.006558376724186729
-0.0009951658865541807,-0.02398616889615114,-0.008553385387873187,0.02310778292181253,0.0014933423835025899,-1.7600861302669964e-05,0.0032000828026032546,-0.7345224326937106,0.0053035923049780465
0.002541435319015236,0.012883517766579977,0.008356179303254885,4.512363204650088,0.00042415841262828137,0.0006619089098239203,-2.9984763442747004,-0.00023871728308602928,-0.0007608082157719307
0.0036437993374378174,-0.006087001025851191,-0.007032489444146311,-4.238533042188432,-0.003183698189585845,-0.0033097041561877642,-1.8441271407540434,-0.004748378082368679,-0.663817422958525
-0.004177377132536091,0.00039504063574174325,-0.0016071173249226007,-3.500008720910393,-0.03554367513187584,-0.0069987508280931095,0.9997010077373819,1.7255141840064512,0.007103971649078028
0.0012485799531165808,-0.010105524150731474,-3.395251330832354,0.001431648280912367,0.5974554338850034,0.003175275026793191,-0.007276635895993775,-0.016705346919126222,-1.8103075430537743
-1.1488482058256457,-0.005556183763561821,0.00450790035718121,0.03477236592270956,0.0018765636618680148,0.008213598779116807,-0.002918404732005315,0.005383234627962521,0.015455730037542581
4.691740229462448,-0.011392386689886133,-1.5884328037595468,-0.002811461075051031,0.00023072452848749148,-0.005887546639105722,0.008694482221112118,-1.1696782037529345,-0.0030431868878024737
-0.0010991919537557925,-0.10559451573268697,-4.2335523942011415,1.902609942452946,0.013137018097394777,0.006955344440018961,-1.1430650817600294,-3.970345388497424,-0.005544650374759319
1.7481810639988267,0.007342421379637485,-0.026638008253218007,-0.009949058483487913,0.0007445427192380484,-0.0011864173166531511,0.0007192816038363685,0.0017465042460389083,-0.40131434113119324
0.012052307847846498,0.020077281320465157,-0.005916649133323064,0.012291889041335276,-0.006242906093940903,-2.505236090740065,0.011936361780772897,0.002928121590887654,0.0006563230196501187
0.00311665108332803,-0.014958895061152666,-0.0014292099046818033,0.009555945351906714,0.6240279548481809,0.003762572458506294,-1.9981393967089993,-1.0158522776618828,-0.0029724748058583793
-0.020267966741263604,-4.8700191844783305,-0.00410354491065891,2.2770237591272497,0.7178432499045,0.02394579642071029,0.12009032389842655,0.004489236711919201,0.40829788090731206
0.03692717201635137,0.00567117644892913,-6.47170561521519,-0.006564155806606353,-0.005272010820110515,-1.0846970664628437,0.0003375930640391045,-0.008956354091273516,-1.5432997051142427
0.005473943358435821,-0.0014468976263990602,-0.004044755617636741,0.008027795030558171,-0.010971880905893322,-0.9678274582802691,1.345544364554061,-0.0026541059411498216,0.0006652164961606258
-0.8885789329508759,-0.007836666194549877,-0.0013636736519934299,2.680135580082706,-0.006323727013366066,-0.0008956249163936652,0.0031583509437277755,1.4377722530687977,0.06055855051493941
0.0157328245145954,0.008960237149181299,0.0027654925971932493,-0.020591775334161184,-0.0017000528547899754,-0.6769302635378989,0.003006480961161701,-0.008363303070279302,-0.003776784071111103
0.05212744641706616,0.004435473703826874,-2.539060886007859,-0.004833836254298224,-0.0006999814829619436,-0.6961793105683853,1.0567650954967762,-0.02215926676720429,-0.014059160911761105
-0.0005359486288525656,0.006334022030276864,0.007160871598653182,0.002018642759157841,-0.00559540742280097,-0.0009163019378109437,0.006078745449600467,0.011926369094640229,0.7625979455574635
0.0016946271656503031,-0.9728490137375194,-0.011912711044840745,-0.0063400408975365806,0.05374549151844461,0.0021351089047856224,-0.43115836615939285,-0.8468831131230852,-0.10947353721135913
2.0812469221794747,0.03915519222771463,3.494235663653678,3.468785650398824,-0.02840441410013575,-0.08233604643191483,0.309396860278242,-4.434253872143417,0.05893977189295063
0.0036041210502203713,0.003316716304495343,-1.2437720521818534,0.018278328075264,-0.0026126743466244884,3.362319762216175,-0.005009037779516168,0.015851413726428162,-6.069889631190115
-2.3467373750371356,-0.0035823817068093324,0.006865342048453324,-0.005996616433309166,0.0007691938227170556,-0.0005348552284382362,0.0047554643155053415,-0.005351229119238199,0.010269403031573206
0.2525928150675468,0.0015240159662428885,0.00043416677859888886,0.00086606085703307,-0.004509095082077306,-0.0047500231041223626,-0.002148669510641568,-0.05650624994709849,-0.015997510004178664
0.0028787783608402485,0.00515124054839565,0.035353473408444226,-2.7545736512071546,-0.00999895963596907,-0.016485981985033676,2.0747582413653207,-0.009456869178898476,0.0007161392647482034
0.0005549170473160715,-2.2005165425213864,0.005417857672387481,-1.5334508715765711,1.6173560954693764,-0.000269807450610178,-0.006249671258513251,-0.0623737088974317,-0.003417142563273627
0.0026475979970589617,0.001539516909435373,-0.007179559345116749,-0.009196595961276931,0.004054213424216171,0.00022838935066054993,-0.0008908049089213484,-0.0027557939921264213,-0.02476499218085006
-0.0031898486214216384,-0.00417861561402777,-0.004836546046945337,-0.004388404380092775,0.022162118223507443,0.7588729594170933,-0.7090087373050875,0.002224335586171083,-0.004412065564992249
0.009905482431074294,4.069169512518762,0.025973538217430092,-0.0025499199290093394,-0.030506193160111134,-0.011398782910622275,0.01370833863920247,-0.007238810372728388,6.510317591275249
-0.5415036590993207,-5.19595908012697,0.0043444728014903795,-0.002820776034389934,-0.009748258413621837,-0.0003926031446557128,4.512216952027198,0.008283474466967658,0.01421350053815447
-0.09118338316355623,-0.03257157282310871,0.0020463908039796046,3.3398579578975762,0.005873792797500076,0.45018965198943695,-0.006337504422678754,0.0030609290330322757,0.008913493439262468
0.004174510741594681,0.00024209206280360884,5.307047601419482,-0.054252642683260466,0.0033896273240723307,-2.471053003301877,-0.004581713603735993,-0.0070861428234400906,-0.007093718753001695
-0.027665124092852225,-1.2586112498144482,-0.04828626488515185,1.9606678948806642,-0.003203027541456939,-0.0001398500977995695,-0.0006791681477834703,3.8307049865984677,0.004901751333280066
-0.0032228526773349694,-1.8434278097070855,-0.0018597522231049608,-3.252946223286102,0.2888773109700521,0.005655517511125599,-1.4842036836585666,-1.736418643525658,-0.0102682511945483
-3.243323659258559,-0.005811178478111481,-3.6884078306282255,0.6047166221748733,-0.0011671046383655848,0.002729818201312205,0.0024284704057538145,0.8452005677149148,0.03775063759028413
0.01733776033328558,0.010197754372461454,0.0023464924194786406,-0.015877425224489903,-0.008191673518239094,-0.26602494393385834,0.008393753214385631,-1.773773177378324,-0.002430294857192733
-0.022859333938097796,-0.0016428607935313915,0.0024681130622133274,-0.003999886669992193,0.0006324522128996338,0.000885223625285454,0.008502105855425284,0.0070344569265607376,0.13410011442864087
0.005884548439389337,0.010052838540428932,-0.005089618525586942,0.011695712504864196,-0.00528780223282717,-0.0021455084227140764,1.032154353311309,-4.7097494119332974e-05,-0.00047469176338816145
0.0018733813846419029,1.1641865211806013,0.0034071639066729576,-0.007600181620630026,2.7036865533037178,-0.0005628351126216114,2.5404139379255644,-0.0015264329475128528,-0.001721835802943794
-1.3500110183143328,-0.004124395488687463,-0.021137478999159593,-0.0037139022078136936,0.032256755033964885,0.05215175390044421,0.002007126509703361,0.009550180773709534,-0.00018177890598917827
0.7971392244263996,0.0009140623604560207,-0.001651457309351869,-0.0022610435039195215,0.00174848961033049,-0.0006023944067137244,-0.0038829571752480112,-0.05080995891137961,-0.10412258344680472
-0.00448830262733395,-0.004075396132213152,-0.0008103061620600253,0.017199853496513685,0.003977230173444375,0.7502145553740628,-0.0028214354054223456,0.0035740684157009425,0.0021744630018963075
0.006764778809285797,0.268987265785823,0.00485815371689397,0.006577124012320133,-0.03320997775742411,-0.004693266066997947,1.7627351731493501,-0.0009918585091238906,0.00031631692665623403
-3.790960194736152,-0.009130779370624842,0.002009491596238139,1.0468201100296386,0.003276180185545194,0.08761935701274393,-2.4775760024585445,0.0028029777672698222,0.023182742317942595
0.0015271424988888716,0.06077694343721404,0.0046810163348288995,0.01320881836958739,-0.013165324651778196,-0.0017647692983731606,1.0517732192585727,1.7474972404367892,0.017328815971471498
0.0041229758857970235,0.13350672651853712,0.003226378039509955,0.013243975749675299,-0.004214928704797002,-0.0010675907438651884,1.9314843122420817,0.00033054758658547165,0.0012902506403724302
-0.35302152817391275,-0.007383155076503355,0.040668797807977594,-0.0038135856635054346,0.006358164094934067,0.00911074716249876,-0.7298256044689702,0.002256132736136404,0.005253288734696908
-3.9015618916638393,0.00749721215830795,-0.007325258593080674,-0.0005408600435187153,0.009937713108436746,0.00639162398782844,0.4149388308979618,1.7674881833597198,0.009870003718549625
-0.00884954924783881,-7.425339859736875,0.00974555344253232,-0.0077071647536913175,0.0003290495868318033,-0.00035084742181510427,0.0029597478002951066,-0.0013715233660199979,0.003211903785891187
1.357437439251446,0.036710941050730445,-1.358912434850612,-0.00694145199799463,0.00398848049617493,-0.0017891945499809783,2.070097062968551,-0.0003012915585257434,-0.06833039666483652
-0.5184936922600722,-0.004005906164223469,0.00013371119260658228,-0.0002675805565750431,0.0036563863305871195,0.00571368113664013,-0.0018550987180713015,0.01258731488674548,0.0037214838744536
-0.043007278330535234,-0.0030733595205328272,0.012552026442402726,0.039429388610446904,-0.0010208715376497646,0.7253659029047335,-0.005033836972469466,0.8638693367458107,0.03256552183193756
0.07059804290526073,0.006173892351888227,0.0077656342508025215,0.06819008654564943,-3.3571886316531883,-0.012230728803039936,-0.0007548788054495058,-2.6707144106778387,0.00037209469292736816
0.02850613529531279,5.580540768875473,-0.0013016007362591647,2.6285152339983844,-1.4619040287202303,-0.02881042388178756,3.671162362778512,-0.0049351084553195534,-0.0025531478600874583
-0.06917424561303678,-0.009864643513434825,0.0022884365348702137,0.09743812755223241,0.00588835614661236,0.024132501412126948,-0.004259309210634484,2.362786904639328,0.028284914783157755
0.04852876704998042,0.07595595161303514,0.030503445284700823,0.005973274208443882,-0.06038787801104062,-0.20246378546198568,0.027789897148389087,-6.206163896531583,0.008417517926628537
0.0007499707483988732,-0.013370495908891389,-0.023973106711109922,-0.005387396514969181,0.06187166450026782,1.5036393636232015,-0.6923375895628574,-0.0017396403394589269,-0.01878298001134073
0.3253295890301324,0.0072001689309960345,0.011110060479458183,0.0009435020899769968,-7.366769236332761e-05,-0.0005945455150355029,-0.00919421388382879,-1.8570462693007022,-0.020627613885089977
0.6209765753988008,0.06853311142849985,0.0007785874185573364,0.021893398005999622,-0.003909787279458302,-0.0037946615176711208,0.8398618930754622,-0.0025205123741591866,0.00046128052009388604
-0.0020041734950045033,0.010723784444910092,2.131267282369673,0.002280373907801574,-0.01629748734317022,-0.000841467578372653,0.007093329256561322,0.0463058087361189,0.08135833941003465
-0.007247413676299134,-0.0028555025861076236,0.00031752515763394976,0.011566208715202714,0.005387075463750389,0.004423695355342061,-0.0017275296168635366,0.013262208458367016,1.8975262716449852
0.0068759696704480434,0.03247645191317228,-0.0028932078569518732,-0.015581816459483689,-2.363300401314161,-0.08599120500381763,0.014334683728273206,-0.0030823043004507794,-0.005052066333738596
-0.010808732220643097,-1.9120550180414695,-0.0056574485847131865,0.0039001531470514803,0.01323486424124918,0.13772916245462874,-0.03907932107224893,0.004032841425475211,0.00023240295859986034
-0.0007641123501246246,-0.00458582158541402,-0.004189907886720212,0.006585909505444907,-0.025264207981528577,-0.002765790519777039,0.4993283597288388,0.0004333365843309536,0.0072360500419108974
0.0014440555034995264,0.003380124365319398,-1.6030459032474136,0.5730393609801454,-1.2784819624177886,-0.0024451288284430134,2.354672794093135,1.6790431197496338,0.0030121319841863725
0.4777802922383595,0.006373618735235006,0.007240477678018364,-0.005833446186018769,-0.0058652467434223594,-0.006206736445693356,-0.0008569200290736764,-0.03649597690537834,-1.44873411043269
0.007315283040195866,0.011136605596203272,0.013173040605036511,0.010737333886796365,-0.3787151930480164,-0.9111435642028085,0.002609849081649393,-0.0011325686616135491,0.0024710643488937414
0.00576847557652722,-4.240158217019749,0.004272364953029524,-2.1083819536658117,-0.002716142531017554,-0.005118795389247442,-1.7780364336487455,-1.1768254006498147,-0.00825785949014153
0.0005382902312422583,0.00022150190322917096,0.0008315674408783989,0.010317633427326257,-0.1867991136597211,-0.0010138249928957031,-2.111059236842587,0.0023986582216551427,0.0008116805228167157
-0.025230239493559927,-2.411598454480353,0.001988461990924891,0.0017979246715637532,0.026584578372140677,0.15742880821677696,-0.005099746567409143,0.0024074317895069,0.002885334169654022
0.0008674464086913594,2.4586747919945076,0.006496519726637111,0.009826162011404193,-0.004462477024971517,-0.00022000295402532094,2.5761721153643498,3.3319661858686294,0.012313835503688919
0.0012234076811836019,-0.004025898615487425,1.3008837004807845,0.0018005785791735422,1.9970441511920254,0.0014762392065997415,-0.0023229474759319272,-0.951742159342948,0.0008915648120160716
-0.008846794501949563,-0.005342292924858816,0.005497466904751855,0.1508286309050808,0.003109759912858453,0.005270187391686078,-0.06829292925985597,0.015028370625537794,2.459420725551672
-0.004588145993163328,0.013761211046678518,0.006231071054747011,0.02348374532427167,-2.7607302610795084,0.004176715462302458,0.006094801129717853,0.10528328355075642,0.02008420537040519
-0.0008226138638509906,0.010641934981319358,2.5345673455960975,-0.0036760739806379027,-0.5707809227723951,-0.0032498084751433724,0.003232736620455247,0.1083902036907729,3.55418231176377
-0.0009561201606932326,-0.0015864933090160155,-0.007693680557050133,2.3195505351427714,1.148191030991929,0.01111863298371555,-0.00019353483669933523,0.0022769767860269085,0.0005926256962553193
1.5936706379451138,0.010587217876233448,0.001589920475289901,-0.08139727556683342,-0.004954957919619002,-0.015140471993466558,-0.0020372442372987125,-2.921564488733598,-0.04579739920907083
-0.009815204612306859,6.341520084550647,0.5844531227986032,0.015145761239229304,-0.016076389301468375,0.0005360115081080301,0.002345703032892804,0.08612654302951342,0.6653914849923422
0.028619607266835982,0.06268222992788335,0.00945233165893583,0.006944188671471384,-0.009494412983209966,-2.074176688928325,-0.00016769825171034092,0.0002663383806160366,-7.148896474722458e-05
-0.6284897270646786,-0.004246440085320529,0.0019491836747211127,0.03127838808013523,0.001481708963478763,0.005488464582394825,-0.00046515835041744877,0.01854826949099969,0.04459245611676866
-0.003273186458230929,-0.019318191668138134,-0.0030929857331309773,0.0012260798504446046,0.0601851949120745,0.004928873414312401,-0.010008112642852725,-0.0011080847745219952,-0.0013701570086736526
0.05147682873712698,0.02716504862287617,0.004940281032433491,0.013603326238014937,-0.003790578124277938,-1.5089341797683218,0.028405850033333957,-0.0025967699958711113,0.0025320116128376043
-0.0026662503449424242,4.07408907765839e-05,0.0017305646759122818,0.2641061337849546,0.0021040069188843886,0.001583844313852469,0.004392201489580043,0.0036221441052195903,0.08798922389329533
-0.005269114469936446,0.001165569544784957,0.010701093025368102,-0.002807559575225005,-0.0033505105809864466,-0.00011733543085350045,0.0013866765437644795,0.010724665265646766,0.013811616289933295
-1.5584572449814793,-0.002476779302659375,0.03545868523838745,0.000987609933839815,0.005050840942476112,0.008139486293575034,-0.007623917330061472,0.002286883021900943,2.6909675103571513
0.004619015139824163,0.0025806973842128376,-0.0015504433196522611,0.023835416821929446,0.001977195968992861,0.0007918278775952852,-0.001758916650201863,5.4093723717341113e-05,-3.9721184485907304
0.0016225712909170575,-0.008813212954712962,-0.010720286132267817,-6.620401070923684,-2.4114479977576027,-0.2525918324297818,0.5914821102879405,-0.0035153839991563032,-0.0008152794869848573
-3.070626032881855,0.027042942707725753,1.5422883227566335,-0.0014986898137589251,-0.0011116306995988812,0.001482500807559343,0.003461320282377462,0.16912019044501175,0.047891092982106975
-0.003242178146839976,0.001553436571250566,0.011914941017603813,-0.9590265015704402,-0.019408529879872405,-3.2314434804532723,-3.6893925747537626,-0.013102698141846864,0.0001882821668044432
0.002565851808339431,0.029040818943594726,0.003920411845984478,-0.003138799569307002,-3.4369228345515874,-0.0059917612518956,0.048709250922607555,-0.0012659980438941999,0.00029919937430319
-5.540191006529481,-0.022295675172310014,-0.01730890593316526,4.8237894319636805,-1.7107477634824457,-0.034102522230832905,0.01760417988358324,0.001012560173192456,0.018308342509898656
-0.032923975803312966,-0.008254487337278252,0.00983365433529787,-0.00018733722022433452,0.008070004748899684,1.5794882115480595,-0.005195371002815002,0.000590033212194932,3.7735561088202014
0.002966948123489077,2.0032959443453784,0.010383629336510256,0.00755985313954443,-2.045992349994857,-0.004893475673850428,0.023565503792017183,3.223514809486219,2.491015020736768
-0.017931629295875134,-6.320216672848732,-0.0012262892454530105,1.5992481243753858,-2.721353327735609,0.003808776469075008,1.8198773076455186,0.010012278684766703,0.1319295771482359
0.003864030638299555,0.019831103477652757,0.003216655593653174,-0.037126216686008746,0.0012837881795552397,-2.4780569774612093,0.0038093829516223088,-0.0012027225756338752,-0.001670058971680155
-0.005517220883395749,-0.006809852398148738,-0.007339915898860669,3.4554492756320663,0.0034526278927631375,0.002058161367252994,0.0002459491335014899,0.004265885242780217,2.922839947184109
-0.000788129445815029,-0.954724092750653,-0.006050114091823189,-1.5110961995590502,0.004033523804522787,0.0007957775424582063,-0.08028245686257293,-0.004862183177054581,-0.018563941179368455
-0.00956294525519076,-0.005767867241350501,0.006695624587942979,0.022509164131775755,0.0012990412432765833,0.0021968043938746617,-0.002912033114047856,0.004087724856628521,0.5296515812154103
0.009945539270666326,0.003621259777992679,0.0025135230194585703,0.10035835273034041,-0.005121006831360325,-1.429899733220134,0.45427279989977976,-0.00424571483146205,0.004746467540774006
-0.007306955788768398,-0.005821254220433697,-0.01754759004517036,0.07658559660306136,2.0599394737042216,0.5122639264142559,0.023253562170937808,0.008581169466209286,0.011172674515070183
0.01874649996079747,0.003485498010687731,0.0035073414252755853,0.0035270481776937326,-0.24119708012837737,-0.012464654683136976,-1.5183447346296501e-05,-0.01509957311807976,-3.491275453297648
0.014372138287953593,0.032031589389177946,3.150769353153261e-05,-0.001144995564920061,-0.015840525805057515,-0.7636132196013514,0.0029646320640266087,0.0007316361933533643,-0.001739562912039843
0.005887641264629057,0.019162443090781276,0.00599804906908262,0.024528432910551474,-0.00664679926371331,-2.7822384757088776,0.018776146369535507,0.00035209016134262177,0.005277481972310861
0.004374497488348122,-0.005580324265347401,-7.314241560685969e-05,-0.01260228357681037,0.004338163582794152,-2.213633222111665,-0.0021010636910017283,-0.9460296513735758,-0.0046095834261052765
0.00019632448576342113,0.11754137120605807,0.024594398238742553,0.0011849948785862985,-0.10835978725303423,-0.002362532398824191,0.5111471362859813,0.003907557352218755,0.009853563259093224
3.2592415285842145,0.006107323944190881,0.0842463801812807,-0.009308760732647017,-0.007476026374678771,-0.03743453400504125,0.0015363155717678864,-0.22283139606783745,0.0012694523770451632
0.008129342729288756,0.03357447364364101,0.018482153516800656,-0.05262639418806766,-0.030116963286584395,-0.019040516241968775,0.003344296619674258,-0.003412645941365812,-0.0027771739096679863
-0.0008091607748380709,-3.3173691703742327,0.0029712179436623062,0.004742035431429607,0.002206096444585387,0.0010772450022272495,-0.005250679676034591,-0.0018433833194747022,0.0006740378174745407
-0.0027433661693728184,-0.00015501037392817718,-1.682967724733331,0.005521783485595419,0.012220735362317263,0.0075202172281775975,-2.4084687296959726,0.007970962735662633,0.0006295652566512162
0.001676220075809344,0.08043571519010206,-0.0004109172455921769,0.010602734774816026,-3.7777962792336655,0.00027571445420483676,0.008437242468075508,0.004080200705132453,0.0021612071128753498
-0.006793431838692231,-1.3689145118476445,-0.00138294353675536,3.1592809822627212,0.009820737287810022,1.2250721039944694,7.232113375782445e-05,-0.0005168284080737811,0.004168144548394967
0.0010297821465633634,-0.002254737537509514,-0.0025780153005391217,-0.0020861886719924904,0.0070094523829124684,0.002297143343553967,-0.005858823401860844,-2.6931935891748098,-0.019610294249137822
-0.00447974332225547,-0.001759966449040206,0.0005436141676786848,-0.045178824125430256,0.03595956276471053,0.006469305265990243,-0.23996525412894304,0.003248558006467731,-2.1494809788246267
-0.00106655360845314,-0.002829096121233816,0.010336418175392947,-0.008141847882931971,0.04053553311301688,0.004507473920914348,-0.4749005926244779,-0.3722683443833188,-4.193940912869107
0.002596266010159159,0.012032566293551995,0.019579078986443177,0.006861944918001316,-0.004938158367486109,-0.0014943224376276847,0.006583536626954358,0.000338484754894456,1.436100462404229
-0.006613235541703897,-0.00561899186364852,0.005016949444591373,0.006265118879194401,0.005903099349477055,0.0030219429587094834,-0.00240291770986537,6.427968025581217e-05,1.6981210979238042
0.009266025516578697,-0.0011677740316869975,-0.005899670725116929,0.01869992247147404,-0.0005702887984829225,-0.0007790380721918757,-0.0009867701550750918,-0.05552380836686002,-2.035505492834202
-1.4874279558603487,-0.004889713192789472,0.00039568444785819876,0.000876870476842229,-9.104277653358694e-05,0.0021065827351709567,-0.0025476383296720306,1.6901339482491409,0.0025703455808251743
-0.004619420277106021,-0.004127176053248562,0.003981483953175031,-0.025479270067236506,1.552991177945521,0.007404269709882248,-0.03312470166928985,-4.809054518954983,-0.00662700995329793
-1.283133869340437,-0.002251436030110132,3.0272476461090774,0.0013487113904305714,0.0017611008908105848,0.004296293633383512,-0.0010886787969315338,0.008504226313584856,0.02471855690749719
0.013571872851841707,0.020578824729789377,0.004213814051775455,-0.03813945583546072,0.0050146907657657724,-1.435913904678752,0.01839196664387341,-1.6146187649059198,-0.002261043824138685
-0.001599476139884656,0.0020672761374149104,0.0012417450111841873,-0.015473784305255082,-0.021187650704601973,-0.0026439883926270003,0.007664595128947202,0.004421917946174893,0.0036024487235506923
-0.20548989520299316,-0.00770485677259194,0.004199785094893773,0.002792420569521621,0.0038363282188859423,0.005672646673281114,-0.023043341454301775,0.03789129396774488,3.626185830034176
0.4224484641823774,4.924968535666658,0.001904402437451061,-0.07894571342872905,-0.003066025578504994,-0.3825196547697323,-0.001316388060965623,-0.01870966408333971,-0.017795605212749404
-0.01685544057106967,-0.026035324495417678,-0.006342946752384844,4.037836677094313,-0.0032072875947672386,1.889550805451402,-0.0032037420324296795,0.006939413860647633,0.0033224138198637843
-2.973605260906127,0.011226157316582296,-0.002064423714915234,-0.0028404617738050425,0.018095781880403172,1.1341366082945772,0.05578705681551732,0.05013441384641945,0.008612125968142176
-0.0037775888471978814,-0.012696500366402602,-0.004907502945103829,0.023056999904828963,0.044080262093291106,0.2141041467387197,-3.429322262456528,0.003542801551744218,0.0031823586485670748
0.005089658956164675,0.011383482757705553,-0.002545686433645677,0.0013097303005543278,-0.008633433025883153,-1.319595155762191,0.008104456772790078,0.0016173992918315037,0.0001553714996564183
3.579798628847977,0.012844982501791356,-0.03621416078863748,-0.003510190185731432,2.6412540521871235,0.0002736919786872488,0.014239048366312464,0.0023333643240526277,-0.0082441641692661
-4.012051287592195,-3.232453482790568,0.014589383501682013,-0.0012202488577194616,0.00047746261398556866,0.00018889354690232452,-5.03168357185864,-0.01989283122792499,0.007750892968476614
0.0017382109354602002,0.006253159959248262,-0.012944177784927008,-0.005010117261655431,-0.0031422839096674647,-0.001057597622629571,0.0014301626311700542,0.7996265509237384,-0.005803108874587722
-0.016984514017088004,-0.02887253818981217,-0.04245007071953599,-0.01844506614507204,3.7970364445715497,0.01815304596900935,-0.0049495633721704825,10.204028578562712,-0.00839033996516797
0.004541121473410662,-0.0022707538504555536,-0.0002520819294945397,0.020155186052941053,0.005978548206315464,0.001271893417875405,-0.5394719922842761,-0.007229281233963805,-0.0045955001428411146
0.002148746820119626,0.0007361391510628604,0.0037856891501344622,1.069586474274184,0.004022797869428715,0.0016442958697786003,-1.2713407821188247,-0.001851918252608169,-0.0010834854988987232
0.0024593224690745265,0.002655755079432236,0.03621687494270915,-3.3664711848482183,-0.0873667839798859,-0.01794618583669219,0.0006213583038783069,-4.138499176132061,0.00338627950101085
0.0021593127807177648,-0.001057229920614959,-0.002661253374507661,-0.004268838750602706,0.23823421480806373,0.004615375839253765,-1.0064518975962995,-2.8898405087848493,-0.036964706953326626
0.0015372383678642998,0.0017362794160887887,0.0008681080291757469,-1.0385899880598053,0.0034802181070996046,0.0004068577639581919,-1.361732608069525,-0.0028798801221666063,-1.4835866652268546
4.847562497477095,-0.0019163448095354274,-0.11490315219567793,-0.007431025257264487,-0.007725469235593252,-0.7681918757943089,0.0031199980417969397,0.0003357993580213759,-0.024736199514040602
0.01081355088184904,-0.0022456728895668544,-0.23505449717729535,0.0020009085820631807,-0.0027752806519417764,-0.8766397944482551,0.01946257247571595,-0.0037415804620605413,-0.0021889827059027745
-2.4057290537487357,-0.004285983288818315,0.0025235760001063798,0.0062743723596295625,0.013441992534474062,0.382097728096434,-0.00037636791412794246,0.0006078030736809117,0.01870011808890315
0.0011977757759668957,-0.005518257722429202,-0.014900362374137747,-0.010366041022878126,0.0003019945705854172,-0.0006267302538015596,-0.002558464798283246,-0.0047233760489772125,-0.019161189018802777
-0.3591560642381596,-3.9830188531303166,0.0013211785554659706,-0.009476216500778926,-0.002805844886440546,0.00025241190120191444,3.04266419096339,0.005610396392428883,0.0065337152815033335
-0.009563595304508392,4.151203265100239,0.015619136984370292,0.009900946644496705,0.006219515024518105,0.011651538542873296,0.014197326973150293,0.008277487319894503,0.029635029043367428
-0.01297732780912101,-1.7882464257826074,-0.0022681059360306864,-5.728769481185127,0.020810499177890476,0.029801416872168904,-1.5649382447018239,0.0030720015545446515,0.00040691265812740907
-0.0012965723747306018,-0.026936930229960257,-2.6831797168648253,-0.22846925949225347,-0.0031344250182844804,-0.001039768244096564,-0.011769659631039786,-0.0010155405620099968,-0.026573083566883357
0.0006029451818737912,0.003385317612419169,0.00935096488790514,0.014113197973924374,-0.004317644127358298,-0.0008871448372234909,0.003661230684524264,0.0005803228063751183,0.010050252980147962
0.014442328808141648,0.04362707406417511,-0.006049196436890194,0.19556215462263593,-0.004364783775675117,-0.0017091941895781909,0.009038572517839606,1.1959021835066392,0.001304156502274223
2.4661474283519986,0.007590501066422081,0.01650348656346575,-0.006888931513771908,0.0016097618450528657,-0.0007697979579078936,-1.5170227742048603,-0.01797692408505036,-0.027021231959915792
0.005624954052602358,-0.002540419650680914,-0.005001732835650481,-0.008840913103080083,2.0483648565516965,-0.001521382136808927,-0.0033651652145599473,-0.8391148351771018,-0.020855830283654883
-0.8770939460647373,-0.0021225399205309966,0.008292612662364418,0.006748222564027465,0.0010637364901572785,0.004628366644418197,-0.005239536604489382,0.24715862777661435,1.6087894258857327
0.0060275259084891335,0.01072840979021654,0.0023626827208908696,-0.5858158072811683,-1.8042746326731227,-0.022037761861556676,-0.004026553481254031,-0.0035222707572850594,-0.011194452689012091
-0.019618083807538385,-1.4416054610805422,-0.06501607335169765,-0.0007510464838908805,0.006946339864153023,0.5666649119832601,-0.03606646684315162,0.005301738223865029,-0.00193810385739638
0.001383984202711659,-0.005696773646934968,-1.2965749522012993,0.0019154320251077999,0.00499557356621881,0.001176476902715085,-0.030577086622409117,-0.002569224741634792,-0.4222662500609755
0.0551437271242519,0.0062941787060837905,-0.012627052591669696,-0.01912158071402315,0.00044427451661329005,-0.002543789143025775,0.004329686116844051,-4.635839628182705,-0.044143739953343086
-0.0029079715884630097,-0.0022404268274884287,0.0010603969228024806,1.707729225807569,-0.004509865509024668,0.0016342238709946208,-1.698798501766341,1.6177315548561437,0.0038761341060434065
-7.467867987333452,-0.0033323232912495643,-5.623117417252606,0.03569893213499081,-4.809114815400978,0.007235638156982832,0.0018201948961266146,0.6287419528123825,2.495237925276264
-0.005948952805190156,0.0021943525496553665,0.004768909266898574,0.023430605507895448,0.00248031009330435,0.9985404539346164,-0.001081667122316908,1.8671341655177784,0.008827168621640416
-0.0008567780341861841,0.018428285921607557,0.055223467688518046,-0.004836078615937893,-0.17308137760365605,-0.8027169930387794,0.8319152020701979,0.0008058438882124347,0.006675796329176418
0.003936191863455146,0.6528143801186843,0.007924256655637365,0.009772585839884995,-1.6145790389301151,-0.0033225555426330267,2.5685224602538144,3.0929349317669477,0.0099721194847609
-2.081549670849279,0.012869323552342077,0.05991022143447322,-3.1770033177662023,-0.022683243438208014,-0.006735527892658341,2.098280248020663,0.009977284725037294,0.14035826298526638
-0.005360729677541365,0.002038212242378351,-0.0018843700536445374,-0.00550272717295586,2.9132698562417367,0.006711529611369699,-0.00029979069729816986,0.008132806762043903,0.0009542614480049436
-1.0122834285716924,-0.01762853701849468,-0.009779493620591105,0.003222406597264282,0.0027072539704558543,0.003896981449603722,-0.001828684381978596,0.004844421018727241,0.0014204294879198373
-0.013090312197245638,-0.02452731750843494,-0.9343170890289473,0.08679930313881887,0.0051534999743269305,0.005598700528590725,-0.00264830149836436,3.085687071839375,0.003898720386612285
-0.00151105667483163,-0.0015644521144914242,-0.0002449148474661815,0.021504555509778086,-0.8929028179080714,-0.001266992069590852,0.5466919749239053,0.00293037555582173,0.012722252345103536
-0.008696786806622465,-0.0008025628033433655,0.00701692364450889,-0.0009044360669004069,-0.0005379246011864985,0.0008173747983622112,-0.0015901723950857254,1.0206245256644793,2.1185325578742003
3.6355579176462514,0.012143756286183426,0.10653742428321555,-1.7832155125237,-0.008926807781103052,-0.4380611237647074,0.0022152546090408315,-0.02300635229995525,0.0020472663510195527
0.005257315964842413,-0.013257755416587497,-0.029023929802153278,-0.003066218460736122,3.1317813144141855,-0.0017321338697681848,-0.008142342188543955,-0.015189854607079322,-0.8032068287716052
0.004238676364656149,0.004198286953258957,0.00029686217101577235,-0.0013972539250085192,-0.6570238868423949,-0.004193084692255029,-0.01751918326434107,-0.0004717756929294211,-0.008252076747268085
-0.00037291469836832694,0.5644577900790282,-2.079795055966387,0.0019896587957274753,-0.016662129532447924,-0.00046012978093909473,1.44324442736633,0.02804869140155368,0.0014051103318460107
0.004424338319143753,-0.002465023946231576,0.0011249531450365537,-0.0166185436792693,-4.745020658107478,-0.027694230788043672,-0.0011725692983507094,-0.01309949131458631,-0.005657797792378159
-0.0009621930463906202,-0.00023067434626535118,-0.002099766383510561,0.007504387910832408,-0.0017707243925889782,0.0006952560891743369,-0.010639553513680407,0.01471616508384395,-0.0008994565514634297
-0.0021527780316114727,-0.005411864457640435,-0.010731873864992948,5.12463678494823,0.011673257839731525,0.009354916310454774,-0.1847306813759217,0.004170824171163437,-0.008022542929759988
-0.0026909478776883378,-2.1104815453348076,-0.0030895339192834846,0.0027723254433864846,0.007086256248665691,0.0018101844659104164,0.0007046843640919516,-0.0013076205868191519,0.0016798601887383973
0.01226436339977243,0.0054562673170727985,0.001715691093384989,-0.026088790387838234,-0.00924673273613887,-0.013544072012323036,0.007124537120974401,-0.3888721505647996,-4.206529961983293
0.01566428393440005,0.01867119901115075,0.009116775752818496,-1.1320719421015968,-0.006575497173133826,-1.514968422546339,-0.004595045742749743,-3.9412162639721737,-0.011191540351511209
0.003470678581617451,0.0026658017546317553,-0.0052151367607695676,-0.0058429113893171776,-0.0029505546740630495,-2.0720038298567114,-0.0010836419368938088,0.00037274043940880024,-0.003817535825093605
0.019102603770466464,-1.9648093910258098,-0.04696286237217007,0.02728281142226252,-10.42142773884082,-2.4519427216429435,-0.002928148926685803,-0.04154921157467495,-0.009459463822282882
-0.8025192771615811,-0.006959951020464584,-0.0005588475957628673,0.006301135279185376,0.0006116849645730858,0.002660212490742022,-0.0023308696578682175,0.558331947619497,2.3038596073326207
-0.010015113209681691,0.0001548646794453524,0.01745258783923019,2.4515113924613763,6.680281429646828e-05,1.6355883186435571,0.005419458238537858,0.0029230598900291506,0.04581266916356391
-3.5229796138128275,-0.0173120247556397,-0.0034541922947531403,-1.3050201993320898,0.4318246294200785,0.019826439905751392,-3.8941316850479493,-0.003208205400812139,-0.010621581804379429
-0.015543329856704903,-0.025376926670434286,-0.0031488400355498746,0.001939822891915994,0.006773107692653314,0.011481634094506796,-0.7375472686274478,5.228558553995473,-0.0008964282675232443
0.0037162232122194207,0.005650435869124284,-1.1288065953006068,-0.012601800168802371,0.018758768681554704,0.0004327881442486726,0.0017967150387752768,-0.0017944871450420313,-0.04842949429354339
0.008695789224010306,0.017694360152617522,-0.0006112091976173094,0.007395792598079739,-0.007739309710679259,-0.0033968261975602272,0.06664583070011376,-0.0005403293157588432,0.0012034783402252427
0.003574297934553255,-2.5380224062041776,-0.21202116775226687,-3.0959253995388165,3.0821209347647294,-0.0015854490693992113,-0.006278182934500373,-0.0065864797633168985,-0.44617969079516984
0.01841230906274619,0.006853588575226621,-0.0025979944731464827,-0.28275269101951855,-0.011088073197534524,-0.11866593418440131,0.0028728289548859143,-2.580092056667229,-0.027429926086575934
0.013047108956149913,0.016261937156106573,0.025866509140618582,-0.0004043730781260286,-0.021817439172423445,-0.5186530527477858,0.0013244390370514246,-0.0031687246949134934,-0.0004563945830685064
-0.004823811957634639,-0.0035498722813430547,-1.0374316715301155,0.013965280353578767,0.005267725848311503,0.003396341700498702,0.002382152023010559,0.009710531234005603,0.006283827463783559
-0.2431974575789173,-0.0574512881017929,-0.011230178949556094,0.005331610608076354,0.026288740545061084,0.07381535821879037,-5.417597161983657,0.0007485992829707189,10.547937315049122
-0.00904638588432364,-0.0019518490219633325,0.0020420941599663986,0.0062307963490068775,-1.4967660492676758,0.0016790250301646145,0.0007523851600656611,0.09629804441196753,0.009797995648393622
-2.5649170979274616,-0.00010339334632814001,0.006942825313196621,0.009540338424801266,0.005116285334302584,0.032551945071099125,-0.0077106227909712055,0.02574064080857888,3.471708922103902
-0.004579598628119866,-0.01516271579202566,0.00020669040329394716,0.0030402721583249036,0.8923789959092061,0.009102260413374558,-3.095115431116788,0.0020424068349052336,0.0026408608049165103
0.08772980719250371,0.0034332640813949035,-0.004036662733470187,-0.02223839200778051,-0.0033066101426697837,-0.34757630691215796,0.00024558343613389523,-0.018986136944963976,-0.03290172462979546
-0.0024017791815612267,-4.407280767434103,0.006773122281615612,0.0022008318439883335,0.0022372207630733665,0.0021960687583028873,-0.0937058957865905,-0.00024564193905974566,-0.00013232073229404388
0.0023578753621671354,-0.016161323301165542,-0.0010725756570761332,-0.01786768228629792,-0.005298029836694647,-0.9253227366740493,-4.19957406541101,-0.6312350883747566,-0.007895863027689534
-0.012238712464719931,-0.0014143302376224626,0.011354442919570818,0.02558365295741608,0.005603912054081492,0.6828117887546153,0.00021626938358498826,0.004973832065116403,0.8563723630587545
-0.0008798872007093686,-0.00026692435070043737,0.0011455407211043503,-0.05244662859618256,0.016808057250061223,0.002376052017842415,-0.008891339399515056,-0.00139111166026939,-1.3304829621090057
-3.5573945373239497,-0.008658666418350345,3.6606501095329675,-0.009504184597699755,0.045207022933415164,0.4521338821411399,-0.014272466727198951,-0.005040304214275462,-0.005754277870157282
0.004378716163088325,0.7802069077365967,2.004206704972193,-0.00458327906260565,-2.5460822129552265,-0.007022291719340795,2.2720427490288335,-0.003033215564963816,-0.0014316928664682704
-0.009567984484771364,-4.300243355398068,-0.021141226303070665,-0.06415644531338809,1.0146861704176837,0.004496998158579908,-0.006103950148950418,0.0019150219644143117,-2.8556625990748064
-0.0019226882760601171,0.0037874978221662616,0.004105664035334404,0.0003249121944814716,-0.014411835462433964,-1.5446448380260167,0.010030351351066294,0.0016348463524680334,0.004045647896322176
0.00325808630854451,0.01914255596913204,0.001855813735954108,-0.015447453396536507,0.016321037340931488,2.217291012490095,-0.002755566956630068,8.21095742741698e-05,-0.0040584645273545605
0.8101826530161191,2.5831126984276995,0.0002531754375965367,-0.0019544691770977288,-0.010770839375086716,-0.43400738353201906,0.0029824472914635747,-0.003432362364430014,-0.003188989467640563
0.0001907332204070843,-0.20285006833540198,-0.006802436791124782,-0.0024701082896810417,1.1887249940893247,0.002285005679460661,-0.22452533084347442,-0.03772708312565361,-1.7478695692632211
0.002168519536246003,-0.0008591139039932558,-0.010710210535182767,0.007045386870271307,0.013532071947548449,0.0018757064791354995,-0.0008661810751476704,-0.0037864170556283147,-2.456914624635831
0.6425614989211277,0.06233072282574567,0.9948326498101788,-0.017516445624461054,-0.00042136546384856366,-0.0016695042385371163,-0.0002605603598848996,-2.469188342890023,-0.018366630395189848
0.009174125255576697,-0.007531969131269606,-0.06531106253367454,-0.00030277119438353907,2.7006946252340684,-0.0014525255060279796,-0.10976025673601124,-0.009137470551168224,-0.0970479080570216
0.01974930169908621,1.303635978850046,-0.0042663024324514,-1.5420634946329628,-0.0015140490675754313,-0.003005174385940184,0.0012891852478937923,-0.001203003750920117,-0.02197634358829519
0.02188688172446074,0.024416458886702797,0.002712848003852561,0.002717625725585926,-2.669391667603568,-0.6137192912301179,0.006143833856322216,-0.005985122302529705,-0.0016941391036605306
-2.9869789507832536,-0.01591069754411006,0.002273965265322638,-1.394338038976863,-0.0002573813201959506,-0.0008554110308041297,-0.0013065875965075809,-2.6034260964347262,-0.00021003098929852867
0.8750261557009887,7.034189293242973,0.003565842672534014,0.008617544781972374,-0.07446820629429574,-0.020484669241112502,0.0036773084501828535,-0.005753293910740958,0.0008029101723013386
-0.007645055829233881,-0.020253307649223024,0.013027094917556159,3.465780456143979,0.0007611827639839516,0.001821490211348717,-0.050360938531185034,-0.0003260821071903577,0.0077929942263219865
-0.08893712889939834,-0.0010448250300383146,0.031300380910324596,0.0005568397693015911,0.0008990995361673748,0.003127126534412273,-0.0024242246908968996,4.5771728127381754,0.02481508000341648
-0.006428984871624979,-0.1366641776937927,-0.0575605875338357,-0.0036482293914518737,2.3436160681304834,0.005519274958604076,-2.0173064760227115,0.0034355655659119595,-0.0008581664692848042
-0.012697628986769096,-0.0024937627163570263,-0.002183516885270747,-0.001958168730215394,0.0012174909799306283,0.0015968925291755481,-0.0005156998811909545,1.0688771853769201,0.0029259652713115487
0.0428599237872484,0.2883630346673127,1.352593926634309,0.28011002136036023,-0.009724387407558016,-1.676985199467018,0.06415237970616738,-0.0018442719251723083,0.010112330637497386
0.015123506323753463,0.011440294444852867,0.0016043414732895569,-0.02847679568764364,2.3578008245412327,-0.003961736227877682,0.0015445170345826315,-0.8267495204578638,-0.012191260415318886
-0.0038653644901861274,-0.012006692900717562,-1.0279124316498764,0.010946669398158082,0.022839495805227567,0.015416732310369531,-0.028914657390102294,9.896044616964582,-2.787660832426006
0.9191811711784657,0.0214924646297876,0.006290988675081456,0.004488065598898529,-0.012794289017486637,-0.034195647265935714,2.231548347323937,-3.4219401873895174,0.0017210114118008102
0.003366493904138859,-0.38028488498624924,-0.19890872125218095,-0.003772178855773545,1.746241282986692,-0.00044881963895654353,-2.657991027077665,-0.011655166653111835,-0.996762630975278
-0.002484104061010862,-0.07366332587847135,-0.08858577341175501,-0.02117851529224144,0.061547023178056284,0.002593445884332083,-1.1496845147910635,-0.0002635179728862841,-0.01060596281610844
-0.9395617842049336,-0.0031906786615553567,0.006897461905688996,4.725357762059124,0.003802274161474224,0.08432602202532996,-0.007662274346175252,0.017944895015658366,0.013571285482904094
0.007611991812408351,0.016622462219880216,0.0014132699963529984,-0.0014242685613940712,-0.003902077009114102,-1.0964396206122835,0.5718050735016909,-0.0018999565778054402,0.0004419427114091892
0.01508560211611657,4.984113601055497,-0.0019972201699165124,0.0006521140303958793,-0.01661374909584659,-0.007680974211448905,0.004756886647556441,3.4101117811270525,0.0014497348327373386
0.004809937113119377,2.5783848567534893,0.0043622380259556726,0.0005840538737260309,-0.026894770427397685,-0.4414626492494558,0.24100539863913895,-0.0010822862011745909,0.002217507070636909
0.020407132571795942,-4.912020235392076,-0.03862468498931877,0.024207554796743764,-0.007813971143432286,-0.0140573354583524,0.8901406995446157,-4.0985585874890385,-0.003126757880883027
-0.03841005541278576,-0.0026617888118529286,0.003684974630605079,0.03762673483444575,0.0005129079286975147,0.833552152377738,-0.0015439804847867666,0.15151657355981352,1.1681260004164415
0.0015795079138379545,-1.5129773307003758,-0.0066184238148996235,-0.004870127803533106,0.007869498825103727,0.00041690178622010195,-0.550352325604459,-0.007873332071369447,-0.0109338174925992
0.010216221115429048,0.0017851328772016937,-0.009788021947257522,-0.3845020670698699,-0.005182887884688717,-0.013889099229382498,0.003266930392313034,-1.8590519153331169,-0.5235013723525093
-0.0014209185978544328,-0.07578092610107226,-0.01418192631773215,5.441037123998914,-0.0006250877814531551,-0.002975239730878404,2.3815625370245064,-2.2511004512119204,0.0015671699920451823
-3.5313028173827417,-0.006837177364283451,-0.0047731407014276785,2.0248801610962768,0.00571501934226408,0.018103939175872785,-0.002612430802633972,0.009185071845287588,0.001981278712169965
0.005070310762862429,0.013039258610190091,-0.0028615541993724583,-0.009916183741086708,-2.5693198455576436,-0.4656453832950631,0.015093370801944218,-0.0021610302178305604,-0.003293518794405343
-0.026351291541214683,-0.061545606076507386,-2.605856303054894,-0.0027803012195985015,0.015811910802750156,0.7217067881818066,-0.054137238303410995,4.206636818961327,-0.00599849142186247
2.854122245570281,0.022579285037081245,0.013267014016898306,-1.5167743502294622,-0.0015939100834303152,-0.002690190521648636,0.0004703471149185151,-0.0013441753591280777,-0.0016902735586132728
-2.3405764242664713,-0.0028336870645290224,0.01073468942647705,8.216122134697079,0.007485407000724198,0.12332463069182253,-5.525345325344482,11.127358999096668,0.08771901255053471
0.0006824210100935178,0.0008973958592321279,-0.015048866309942248,-0.004092268551998085,-0.0008504675004084595,-0.0005165005662205176,0.0010481265102337714,0.001673907582060632,-0.0032336093320262074
0.0030346657626310483,0.005909615376949118,0.0037897261727919793,-1.368395685171242,-0.007214030648638448,-0.0025388490201879036,-0.0011157478090435668,2.807661856683389,-0.014870897038593692
0.006978284961194101,-0.02147249136094542,-0.03533053149602533,-0.0038189830779564622,-0.008241388995319454,-0.7740910059266116,-0.002592565220334214,-0.02601989454014572,-1.4678553217448482
-1.9727887632243841,0.0016246712058347536,-0.003461576661297508,-0.163166468462254,0.001924295425755486,-4.031062424351349e-05,0.019285624234618354,0.003350025906360054,0.0016735841815632597
-0.002291463965026089,0.002809035242367988,0.004306915274100771,0.0028157433137252137,-0.4535858209813053,-0.0008901999698456096,0.000770140615592349,0.01644439912655154,0.005227286968389307
4.408939950875254,3.6305413579256953,0.0032043640807157964,-4.423658870762827,-0.02836638067235664,-0.022715411642772746,-0.0002068245973771421,0.00385537784442413,-0.006009209324022408
-1.4564585464564834,-0.004162615836804392,2.096780794438522,0.0017149678340394664,-0.00039294846384448946,0.0018117935520784688,-0.0011759435802258748,0.004289431334391267,0.023180963389848777
-0.00010535107926806786,-0.015824549912238278,-0.006393622395887676,-0.04746967185090397,0.7448217688923772,0.0008616746367058961,-1.676533935424137,-0.0036803221181722122,-0.00946290113476289
2.9363922510719003,0.014407717700410327,0.017061210739612483,-0.0007407712214202496,-0.007794042478376062,-0.026720509710639606,3.018772733018495,-0.006590316218368419,0.0027089924281786804
0.003981669748894712,7.074893270354519,-0.005397240305639706,-0.017098077427796857,-0.009808610860381428,-2.1590804337791405,-0.011143514187082593,0.003838612913014997,-0.015734099455723183
0.007899468258550119,0.01880298974385941,5.048938894059579e-05,0.024991742784330195,-0.8781461196282385,-0.0076307710357334385,0.8453651909581983,2.8176109770063213,4.710713028179377
0.5679503948959033,0.06405753205310064,0.017289728031161192,0.00322687887260028,-0.4504562598909373,-0.015831618776525367,0.0014394461254689686,-0.0018269667599511217,-0.0007265149244011547
-0.0006400569444887298,-0.005420640471707413,0.03365073029816176,0.024388503662994394,-0.018108646321002314,-1.212681168483889,0.01886761260330924,-0.007122849238070852,0.5501607778534721
-2.0911304934871797,-0.009302933701209062,-0.00224627872273232,0.02447343142140383,0.0005752261868782194,0.002550530156303201,-0.0007591365347708826,0.002974511175931709,0.004847949798312309
-0.009392903994459276,0.007666473232247645,-0.0005343656215123843,-6.562613788453051,0.013027653243281714,0.0070914914518961265,0.006110408779484235,0.4781643161644641,4.291481550366813
0.002089742743207606,3.8113711011560785,-0.0026678315596296784,0.0013119010404658595,-0.006112324968256297,0.000158786299151772,-0.019281139889977525,0.9519840901119646,-0.0077872113626078
-0.0007803177494684434,-0.006364927420639048,-0.007206448821804481,-0.011713835955611152,0.0017632916332309806,0.00016284344572728657,-0.0017449864943913243,-0.0021844831059837644,-0.004477317563907152
-0.03337583555887776,-2.067274791297031,0.004654518862757844,3.4547164199177796,-0.017727451391978455,0.0009163802032994411,-1.9824522477212803,0.007734167307578338,0.032863480050538976
-0.0005829711008446502,-0.0034827224397018935,0.0005839934670590883,-0.0006540091563111009,1.6898108854108567,0.002188137542257211,-0.0017590634447022385,-0.0013287051520808665,-0.00031323884381943097
-0.0020258607506504767,-0.003203480505149625,0.001706712768716534,-0.005087878019269632,-2.1343535711705712,-4.420680709574313,-0.44467972612987383,0.0032404631925938565,-0.004815906618335794
0.004712919766456164,-0.011010159402529536,-0.03639183144719382,0.006028240831330195,1.1756554994071093,0.002276703496181351,-0.007804598418021395,-0.024600316603051745,-1.6571109899692817
0.0030919869939270515,0.003384259304385908,-0.00637441796904654,0.004610991914843517,-0.00033139541858889874,0.00023996728514736883,-0.0027390012156689484,1.9374135131466739,-0.013550143739966873
0.00020014992185260483,-0.0044574351230716736,-0.025216262781069795,-0.002322574712114056,1.2784332984462683,1.5670164666907613,-2.039249686280466,0.002335597569596032,-0.03404985848949449
-1.5865171454780782,-0.012733984715819255,-0.0013843005278006146,-0.002748688210059558,0.005795770725773537,0.011654254794577407,-1.8067175284942996,0.003859942390284577,2.6489427114143732e-05
1.4849658520178393,0.007565674297216623,0.0048789874063603095,-1.5416678877319299,-0.0024229686805731163,-0.00946307657206324,0.002098187134910206,-0.01490380880900758,-0.003375468200447141
0.9459998668567002,0.008111482337310766,0.020872249163428693,0.002221585763036026,-3.3652540220918286,-0.011231853555237065,-0.45874378751786676,-0.013359285934378205,-0.00888852448146947
0.024861877195710536,-0.007436337037701191,-5.372020235904238,0.003868625690070751,7.591837137841111,-0.003922551081286585,-0.032909147434246895,-0.05344285810564456,-0.04998036069168388
-0.004941138404791613,-0.01957099340964914,0.00015321828161075912,0.003213256632227116,0.00022482096288037323,2.3013678783347866,-0.0330272208657062,0.0001950152790050081,-0.00040949469845958514
-0.016593158444598004,-0.004522579140052052,-0.00046635600766077524,0.002867382757959273,-1.321078954433579,0.00013749234522824824,0.004820302064955419,0.5655380010496674,0.01780531468025421
0.0013521330961096985,-0.5905558331128267,-0.007001364384493126,-2.5423190024172837,0.0005709708821740886,-0.0008994339221056333,-0.006840714038439601,-0.07320712963301702,-0.02232077439396573
0.002799075838888117,-0.29108747447432304,-0.027977729975093117,0.018189024339807576,1.2625053193887015,0.19379467639666137,-1.0267813610557934,-5.276272165987203,-0.008905613294928255
-0.11868285460410688,-0.024084459562045246,-0.005161217406695937,1.6438095706632547,0.003065407544419284,0.003640094297959583,-0.0017576297654668107,0.008488184125374977,1.2222399980238283
-0.0013060859866822067,3.402041395077994,0.02116230675675207,2.319633676724937,-3.1581350369562973,-0.00023491667389405335,1.3017913113540738,0.002131661280120335,0.6362825226990398
-0.023759884174938115,-2.5691206305534457,0.005909235099480933,-0.000815168528275758,3.46260644660558,0.028790648069690894,-0.029949804605122837,0.004717206286868194,0.003260059193885427
0.00447860870164609,3.8832576077430527,0.19238553802176156,-0.016814274170618856,-1.9045314508026436,-0.40004051012745023,-0.00010829668130245967,-0.005873398657099814,-0.002080621239896565
0.043669007254215325,0.017554325279687658,0.019918767963156114,0.0011807197496282295,-0.0023771527462331243,-0.9794362551205334,0.006881649225472984,-0.008487001001506051,0.0004188667801328103
0.05213856460503177,2.285736513035438,0.023557465741772518,0.0443199861548365,-1.4001324342084516,-0.019218240289766875,2.610744865418292,-0.009297983363801433,-0.00018701605295460416
-0.0005251613903668219,0.005815819249353094,0.04690220318225189,1.8641266451713354e-05,-0.0038246764527942374,-0.001038472982368652,1.0406060142334697,-0.00035884229364214777,0.008813122695823555
-0.06329312226751589,-0.0044605281372474765,0.0016967981327449594,0.015149797187981548,0.010291866226157019,0.13960988050757336,4.815545532866174e-05,0.013724007676714,0.2484118634290155
-0.008203668862664076,-0.017856247575740225,0.019907560582058885,0.034835659537897246,6.87677175453789,0.015140635922284318,-0.0008652614291115327,-0.0007906079426170803,1.0769289760334113
1.123679887806931,0.004467838466236204,-0.00582029198583074,0.020790203408596324,0.0014842914172192448,0.0013514630509581203,-1.2060219861898795,0.00024201627234992284,-0.010727522392370431
-0.0012803855097969132,-0.008701738415904785,0.0006029223261284299,0.0015975744156331816,-0.0035580458717555776,-0.0018502815777228785,0.00632708393611359,-0.013946399421544468,1.1553478920255393
-0.0015123492496807518,-0.0026606601297002944,-0.5399034717974635,3.9440710176879588,0.04753972064949703,0.062004550476888104,-0.09082429002316926,0.006442694699976632,-0.017041984197621023
-0.006887018806890577,-0.0010536149898335567,0.020598821094025888,-0.0016355513086537266,-2.4353928871243298,-2.3143926841333577,0.003356418698254815,-0.0026012217249385405,0.013225579780145616
-0.0008040455809735572,0.010561161949538628,3.9771780861443977,-0.004001673874397281,2.804914095850023,0.006213193620981189,-1.5036352129900064,0.0021004186199687566,-0.0013249005352675902
-0.009585612751518535,-0.0034607489746563136,0.05245517668115485,-0.0016088361531933805,-2.837558287521216,0.0013577127555747942,-0.001605321357820903,0.003633700672964025,0.007712463484863846
-0.023363832829294013,-0.026929437056845352,-0.015713916060888865,-0.008867427404448729,0.007481214235756789,0.9299880909687961,-0.03109434883844689,0.003446224269992761,-0.003602468062206817
0.00033151795916853966,0.8637340927043986,0.0261250794364664,0.003269594076867057,-1.3785820099180601,-0.006070680998911698,0.015045435503348107,6.149516087961475,0.022938920727373996
0.0052329940013721675,0.0007188310384259322,-0.0025794874033645493,-0.00366724993377802,0.0016049856620515865,-0.00136389006234882,-1.8527312280710198,-0.0076315279347214104,-0.016029721956157157
-0.0025262868553394607,-0.003373433331721975,-3.096739046708999,-0.00494880243563749,0.010207074555339946,0.0015535642754587378,0.004700667571846454,-4.090484979775025,0.0012829752391067956
-0.0007401516729509776,0.005261805642128692,0.052810290979337544,-0.07098059215545008,-0.004666375516554597,-0.002678191211438967,3.6928370917383218,-0.002344394970822965,0.0006771225157899269
-0.006746745490294947,0.11219654351197997,0.03203969374540683,0.008898678862382199,-0.005309650001499772,2.478698510044169,0.014339743616349099,0.014533277580257221,0.021532156586443627
0.006649548966214499,0.03304846990159531,0.0016841686778160368,-3.1142747016583106,-0.005883039358338215,-0.006481695324611305,0.2101279898904992,-0.0014405932050119098,-0.0004311584439457804
0.006826103963194871,1.2926297555696866,0.01378944512920444,-2.9136747333903146,-3.881140570294999,-0.012524682931409792,-0.003008948447520459,-0.004239012601907489,-0.00587206484936703
-0.11327781320587144,-0.04505100262176404,-0.010609206578523189,0.0014297047173192352,0.011825898911515668,0.009583606566390226,-0.0035744811452362215,0.004726089754544203,0.002154852688686322
0.0006933130287829232,-0.010599001040731061,-0.007519769483952445,0.013176199371651216,0.005236222073410607,0.0017435079169353628,-1.4716368042866372,-0.0008306234013181427,-0.0017400485693474608
0.002733352165015075,-0.01198726865925476,0.002217340214436557,0.0028389581309999686,0.0003225237214406762,-2.144136382280712,0.001097092411048245,-0.0161906126408454,0.00071559905118318
0.06638225353429715,0.004103622669463311,0.0019240845483465205,-0.007828995224298536,-0.004667259081230862,-1.0097079214870417,-0.010455007179785453,-0.01748565404782683,-1.0474825143658633
-3.174625285933409,-0.00043473775220542743,0.015147795039595603,0.02031072542921214,0.0004616528504860773,0.01727999891296307,-0.41040843050219156,1.5333409831414122,0.012293267839646072
0.001969990371070488,1.1973481468796088,0.13973636420151725,5.486818467843244,-0.008314754727160062,-0.002157607139541322,3.6328941223092555,-7.538860369815832e-05,0.010662755847293814
-0.00034392957224921045,2.2833452610584914,0.012019907066085966,0.0038533423862505863,-0.03832061862368913,-1.1419111681935321,0.05054820411595956,0.002445037489511013,0.007325295393477211
-0.007062144601750717,-0.07012986417907605,-0.009732499721906677,0.0025176949904661444,0.017005912957491064,0.41843049505201096,-0.31454247033674765,0.0018552273949359096,-0.0011766831842382904
-0.008112279134138978,-4.19072994553696,0.006003060806196239,-0.0013634135231938016,-0.00507177354029964,-2.8832425413317724,3.2816528289029243,-0.005818187645502848,0.010128966455301893
0.0005315025337261636,2.996600992766645,-0.004268561566562738,0.0027370022459324884,-5.194152117946315,-0.0024296636969494134,0.03454227495876333,2.4554252708881394,0.004345814880956186
0.019628290634366878,0.009873106911337068,-0.010189308913943622,-0.0017427380134312077,-0.018806809429955607,-0.25143728886994754,1.853950088123994,-0.0026830525206809567,-0.007058888923862386
-0.008804827909377241,-0.0019456583266323363,0.0012754246409211272,0.04872790584658608,0.0003638559837147381,0.0018422824686457093,0.00047009067341746615,0.6200478925241185,0.08223057664240631
-0.01674109637289217,-0.006859959314591187,0.0003178639829743649,0.0007941825167450475,0.0053475806649937035,0.552110399846432,-0.011744412671647685,0.005144389637330049,0.0009354085961924405
0.009139775623617202,0.3451208756501063,-0.00043913816694975735,0.0031395849831204847,-0.0015284322334489092,-0.0016352085213407926,2.354055580492724,-0.0014405650514560503,-0.0018820097760202789
0.032448148109748755,0.011666784356862938,0.019467912729399618,-0.01484319202891558,-0.00652026452439787,-0.5589715439705206,-0.0028229152563328842,-0.008668620265530967,-0.006630057327828502
2.6517847456168417,0.004857663483704894,0.010780505052847375,-0.007863668147666682,0.004874753735806911,0.0004108986964680983,-0.005284926911586316,-0.20188228385547702,-2.6482220060430217
0.0006202258077646552,0.00031866962721721734,0.008348927220494783,2.3700626906157205,0.0010410344798959877,0.0012410032210176942,-0.037743112031536075,3.7292016288932817e-05,-0.0019403418301363277
-0.00013311379642324834,-0.0034127219203782255,0.004486329958415368,-0.005324396385641914,0.00018246411510617342,-0.00018161985446721665,-1.1377953984249993,-0.0022147085903891687,-0.0019262347789074045
-0.02786565319334189,-0.042957499738642546,0.0021446273381141995,-0.038261184108801805,0.0075296160663533285,2.8024172218481693,-1.9610082043482873,-0.001677312735241715,-0.00045105405113505387
0.09206571941593619,0.937715500660522,0.007233890125546304,-0.001949980157437034,-0.00822044329035295,-0.01246167281281884,0.006150959393428071,-0.004991635332478656,-0.0018120815681910165
-0.00036997546012074167,-0.007594810905781374,-0.003216760252661555,0.0012813038468645274,-2.9957530265957515,-0.0027315048476155013,1.4497908941207363,-0.0009682707217427821,0.0018676775525451137
0.019945816951114227,0.02557890388776138,0.010401198699196014,-1.8703192460322504,-0.0003508547007496209,-0.007749090014108909,1.9709838451954809,-0.08772430535534798,-0.0060846906961857
1.4876018039013714,0.009601864460307558,0.00660052912739749,0.0068494381708057,2.032087429257765,0.006428254788314575,-0.0736446151245567,-0.005747133120591743,-0.005888241331226868
-0.0012152124115847873,-0.0016432176663001632,7.064963221294773,1.0143899528509916,-0.009847441417060974,0.0006738440785567235,-2.9829247664833582,2.864149761633559,0.025973667241654064
-0.001649718052429059,-0.014257232696499748,-1.5986258799727213,-0.01053722712657979,0.023893684944066,0.0023592867983240136,-0.009444921510322396,-0.002762093568297196,-0.7535530132062045
0.0016053705884844338,0.009621111226083726,0.028717213618042865,-0.08240410189335577,-0.002604756230654254,-0.002796999068986391,0.30886082592072767,-0.00425455265796887,0.0013977263351501125
0.008694396040319987,0.01690545431966905,0.0009091168972809988,7.263555513451706e-05,-0.925509596975124,-0.019575009020839862,0.008737755972292678,-0.0025620490518789914,-0.0011844624437824507
-0.008629652593101274,-2.4165608516922203,-0.0007225802221845004,0.01112243890694118,0.006453503617211899,0.008379751283593018,-0.004273997146739993,0.002714047501681549,0.003198920189176634
-0.018375761670056452,-0.0029996307325982083,0.0007861679968480251,0.08600682889731578,-0.00095051608894825,1.3813397906910514,0.003100571246527545,0.019043959323709697,1.2015873114168651
0.0019204166685138878,-0.0025890213820068952,0.0002408773291098492,-0.005126107494259071,-0.004172847637802672,-0.7199011151471997,0.8404303047376134,-0.009335299172490985,0.0005713015635107283
-0.04071454245115306,-0.003312090511166486,0.01915220827160103,0.022180370884643433,0.0005871977011605196,0.5624943308426691,-0.005414891081016351,0.0086485218465362,0.02003810609823406
-0.007034081154023292,-0.013320134303893727,-0.009950262913736754,0.001219866240779138,1.114952448264256,0.03191553088549576,-0.0073004307125752645,0.004635226149918273,0.0006887633178347338
0.007559385989111865,0.0029266437277538433,-0.008803826932593795,-0.12201385427244635,0.0037990392292717445,-1.8698118642899413,-0.0002386375002934038,-0.0032755671433061595,-0.011175647091701504
-2.176445614573789,0.002540997241122925,0.034325915153613024,0.007586055043348849,-0.00113254903433746,1.3075131320632734,-0.0023682977482375606,0.009533516955052014,0.046287705592786554
0.0012513919524381537,-0.3076275129318691,-0.013817950614506259,-1.8760872757512381,0.5539114669375047,0.001049857552214678,-3.129738329975587,-0.015496665276717968,-1.0259713872593057
0.005182527974242473,0.003203645461602674,-0.004692689175505117,1.8270277585349595,-0.0006171525781984988,2.471839390751823,-0.0357182164528268,0.004368278473772333,-0.004137871738000509
-0.017209437649710432,-0.0052156531137595285,-0.0003660810519731956,0.07929251874313191,0.007127596527535206,0.3396064882777796,0.0009942506398924519,0.008549386655262475,0.015133103540957059
3.2648533728452658,7.182769464505231e-05,0.007943983937436403,0.004296974437960932,0.001386198877923267,0.0002788891813540886,-0.0013741005657794438,-0.028456169294280634,0.0001900833440627997
0.0070719817810459525,0.006190376038534019,0.001690568586239153,0.006926232607593558,-0.029200947749308707,-0.0057578848605070515,0.002996503738500531,3.8141975243313366,0.0018061071995669614
-0.005820567449835057,-0.008666565248373587,0.017678482541005288,2.151700460062737,0.015744786756740334,0.05161472618819413,-1.84434377500645,0.0003844914540986743,0.014844582737399269
-0.01208447494582852,-0.024290302555771384,1.8713171373160997,0.00436615102631674,0.00490628445672209,0.0036271392991964724,-0.00802460648591337,-6.309899184459106e-05,0.008225134282310751
2.541276627550399,0.008501604583384954,-0.00256831073716789,-2.5455068708678095,0.010680970296290615,0.004500320525079093,-0.0043835810882711795,-0.0001718463238443435,-0.24313781161755232
-0.004000264713804776,-0.0009909292789310978,0.0003790225583808879,0.01135796041079841,0.0008158174080404802,0.001425836158952035,-0.0013110259093527703,0.06256071620404788,2.5536143476480846
0.055671998108899334,6.523205152488746,-0.00771698223318705,3.3375724122280586,0.0025823388292869204,0.0035081147621520703,2.7695778859082143,3.257713347760111,5.4049439319747705e-05
0.016621834274801753,0.03580175611967753,0.004644703390968091,-0.0020771539799163356,-0.011934545666171366,-0.5308064468937104,0.0055196505192527286,-0.001898835375385133,-0.0007266736448113065
-0.016041071176127217,-0.012677603244654917,-0.0016451348157848322,0.012830340540518403,-1.6862889852237675,0.0009508911993695753,0.010159493874661451,0.010463340502409721,0.25989487073456286
0.016571127498351546,3.713093223316285,0.00923515685037915,0.07383129738930798,-4.65129534373645,-0.004398412121627948,0.012332499926410556,-0.003351171243338818,3.5797943051346968
1.597808322001602,-0.014157014919790406,-0.016715116102763064,0.10931150958369588,-0.002460045301866002,-0.009788329729156553,2.523640914791743,-0.023785111020994495,-0.002583561056221478
-0.009714751480893402,-0.17481001747448044,0.00397681809463302,0.008864107290866716,5.420206257714612,0.014703457062772152,-0.010490495602203801,0.002352070331533916,0.00623845826348297
1.2733654808137815,0.01055726145563143,0.01886653728538005,0.0018595230041195368,-0.009144857574184009,-0.008166166954731408,0.0008252670649906268,-0.003264148490632896,0.00043745630958393067
-0.0167002338529559,0.003334394359950611,1.8680673720285619,0.0091943724503462,0.0003355448614575235,0.8670048915015648,-9.779460508896332e-07,0.5750193811200751,0.05677628014145611
-0.0034887499761708882,-0.5667949053119137,-0.03071925608788001,-0.003332146089348201,-0.00011881477946267156,0.0005615063426436771,-2.19721463735434,0.0017067975580261816,-0.0016555249585434601
-0.019429668171873263,-0.040874341114814125,-0.0057930542723338,2.6924111652900447,-0.00596400846750722,2.4671812641668223,-0.003007023579474022,0.005313382487574304,0.004001932556892143
0.0005822938679825107,-0.015047758492383472,-0.010353534295052091,0.11324257922032425,0.06724407762595197,3.5025104597759875,0.011212578424572128,-8.854324209426293,0.008097965149080788
0.012186272627461595,0.00011338392364056192,-0.002820495207197832,-2.3911045027331763,-0.013693068324377906,-0.15326062225186288,-0.0005830362689242686,-0.0254155515652033,-0.6279429530150571
-0.03724585971660843,-0.03272388952502475,-0.154930379893612,0.01247321126708472,4.017554685264811,0.11642894352135147,0.007328242732475544,0.017946872678584698,0.013908134464249093
0.0012899198830879678,2.81715608296602,0.004918987060081113,-0.0030644995508048722,-0.11724059559347788,-0.011003561326838173,0.10594603968251387,0.00028365679146692864,0.002323664522631933
0.001064704405689244,-0.03569723701846652,-1.1005997717336977,2.7328318101238223,0.05632146124754156,1.4988049585277183,-0.004412551262184858,-0.003208843264773484,-0.003846233841655909
0.0007482677655547866,-0.0008969037290842974,-0.002827564828323403,-0.005291338603933731,2.3338905515444903,0.0014929953803556606,-0.04149439896790607,-0.0007424941942971329,-0.006192163475051444
0.00029063674548402796,1.9356349500468384,0.0019511775531939786,2.162382786897161,-0.002059125610709027,-0.0002161814959547442,0.040605272888528166,0.004617856365612619,0.009559639725509071
-0.013317529593688923,-1.7531388974125797,-0.0014278312699214646,0.0053235486810602846,1.9246185159837923,0.022818801311503795,0.000504444628638915,0.003570224652640256,0.005806451513717709
0.0032908164572406275,0.061357712924724916,0.0024653732978772,0.0035984044689083665,-0.4914950417371102,-0.9838185963149195,0.11918792857998478,0.003092511958596833,0.003838910863763637
-0.01153333974216218,-0.0029823892408538887,-0.002582477840405148,0.001040057154890105,0.002862757727511425,0.003437578004374509,-0.0016621301398247845,0.9616827264084745,0.0023843893647526766
0.0014768799816611694,-0.6720287146518222,-4.9087527332638885,0.02432682803371207,1.3206471931404544,0.0019652825394824644,-0.002953576928377711,-0.020784202469029248,-0.0010266233460643967
0.0008810591047250533,4.247927301173565,0.008918801970687881,-0.0032379103445209258,-3.8678906440795817,-0.004899501518092236,0.014247342267838817,-0.0011604120680448603,0.001641831876028419
-0.0004510260835538958,0.008980420148554935,3.4203434501541565,0.02579504956176116,-0.08248250719780999,-0.0013964859063655055,0.004008044525662579,0.029639144330765987,0.39904121261742115
-0.3129508683430353,-3.884912639998128e-05,2.334568291141513,-0.0014862809548070698,0.0036937508444675558,0.01165769174568318,-3.8228404524124517,0.03442658654100565,0.012389199316941955
0.009472021097157281,0.004364842368550156,0.001181812149786854,0.0004209747169790744,-1.8048555675649576,-0.43012298950029226,0.0018752340260367872,-0.006086125354715751,-0.0024161847293510115
0.000745605447961149,-0.0060454925112841465,-0.012206790382074848,0.014305069169140565,0.7118087723811186,0.7374163059738286,-0.003247869682114969,0.0001360312889869715,-0.0012751666604050955
0.000637530231889113,-0.0006995216743710536,0.04634112895959422,0.0006818297724849485,-0.05158759019268183,-0.981699064751583,-0.0023328703023616365,-0.002401474346643395,0.0015872797541545318
0.00606539129853301,0.013978205994077963,0.0018036437439341853,-3.5281378423336935,-0.0019039877173988732,-0.0019856750623498333,0.002878602014583385,-0.0018381561666422088,-0.0033859048804464158
-1.6663628006095446,-0.0009384070962771209,0.00611021839877704,-0.0004425207283829688,0.00459663633721891,0.024553136835518408,-0.015517871967691756,0.008897439980569445,-7.878975868323007e-06
0.02539891761848763,0.010269243055097653,0.016200177835573502,-0.6757360958330069,-0.005974864668619671,-0.006422644859063301,0.0014595450718104027,-0.07481567557518931,-1.861892420426738
0.041210806212680265,0.021857280538453136,0.11584260537848357,-0.5253490555704883,-0.00455193713837462,-0.005150306325879879,0.003302307498269026,-0.09607788186613714,-3.2815822638070924
0.006306089651910818,-0.002379724960987227,-0.006640541968628096,0.004917849959678772,-0.0016879972314525796,-0.000987125815910879,-1.378020744661471,-0.0025167352738794564,-1.6556400021495
0.0019988328502396047,0.0006935785675090184,0.000358669858047575,-0.00031381345746714394,0.002924936481035317,0.0005927246327570218,-0.005286490812816395,-0.002838049963874795,-0.00687460553675187
0.0068169615526791,-0.001527600996172454,-0.0033287959490168745,-0.005149317317770741,-0.006915535642877224,-2.098269545580836,-0.014175763225059812,-0.0030593008850330478,-2.02173796560894
0.006426047035586767,-0.021196328308351636,-0.012219896280977808,0.03254598791795642,0.6344673849231075,1.8485001940860375,-0.0027546550080854437,-0.012335143640798671,-0.002594806870026228
-0.02427397541321598,-2.2413998763322223,0.12213272718428836,-0.001372041235793972,1.6519534905875428,0.6583314470938295,-0.012569403135763685,-0.0029680709798557553,0.00547903738934364
0.00030960477497805894,4.506930498280633,0.02999861410889678,0.002906691374821614,1.9830484430040904,0.009941961239287658,0.002022683139158165,-0.001707793644731448,5.093574815757487
0.007688737660300232,0.05300513997419204,-0.003573488446537123,1.4401410937225005,-1.3560020569580225,-2.057587216280856,0.10274288222577932,0.00990033763495729,0.003984088753860589
-0.001526940145666414,-0.004847601310739344,-0.0007765901072558264,0.00432614429040834,-0.6408419426004457,-1.3794000703170326,1.8097852689460385,0.0002719491675385183,0.006953211387707004
0.049469672495130734,0.000334817506795421,-0.006322145883968414,0.0037705986851800793,-0.028072434111663602,-1.0288627464830449,-0.0034057335004768485,-3.7090598204777976,-1.9581058723307763
0.0006429921785621937,0.0012859022085040372,-2.0576414294110474,0.8247775153364367,-0.0014232545433886577,6.54978882685649e-06,0.002336304909024832,0.003160047041461576,0.0017843713727616862
3.176613800559556,-0.00035624666751414916,0.003014467853010138,-0.015040220509846944,-0.004072301207950095,-0.02227296947483363,0.00023651152387615254,-0.20117622293143744,-0.005419957498157962
4.627314699189744,0.014188687863404215,-0.056764256398900606,0.022008844073885342,-0.005109938542948653,0.000531940052384175,2.694489174251893,0.0886171808255492,-0.0008507086679343245
3.2239255175561246,-0.03359017071164085,-0.2759667627597604,0.0031612443914707314,-0.0018070391702396105,-2.4072344937488026,-0.01525665647369645,-0.02140714524597983,-0.50313207002986
-0.0005531264056603319,1.3865003331537484,2.9102013457385896,-0.0006774040900148657,-0.0032623343909843026,-0.0004519043512380089,0.0074083537832355904,0.005599836476629004,0.005634771179791364
-0.04206784274337261,-0.0051025548463855055,0.17647699162695907,-0.010010527101432923,0.006151057764132162,2.761352534857315,-0.010584671250425504,-0.0016644491391606675,5.650453858371412
0.002727541859051316,-0.014655906307800642,-0.006598837872566021,4.120237247445207,-0.05254322924383026,-0.1186874690923414,4.361609226148078,-5.232762336586911,0.001094419117944112
0.0032557842241126497,-0.00024143670585474297,0.002612318051449552,0.012822355574954473,-0.4259612792139439,-0.005468214307525082,0.0030699792678401264,-0.004878125438311773,3.7050808826558583
0.0010638869430426847,0.001347014910327855,-0.009078502370496691,-0.0008183884803234477,-0.0007249054404705469,-0.0003486098483298532,0.0005292114002986428,0.0016410771472891842,-0.002828666999015736
0.02170367744246816,0.005704156830336864,-0.003508267932967466,-4.249918656878518,0.005493686532307307,-1.3438923388619177,0.011607204008605265,-0.01539190717623459,-0.006467162007788019
0.0017029335621175814,0.0049325621170793876,-0.0012120756531123667,0.001930960697481039,-0.012482938434031945,-0.0041458796354181225,0.02774884726793949,2.1865914430664013,0.011715208883412764
-0.017759951344254708,-0.003992584656369336,0.00018401268440325404,0.01630473246948581,0.004880128740711759,0.017993127474772233,-0.0034746175419195923,0.5155076378792202,0.0069470109075181604
-0.00861584283991516,-0.005496135094711218,-0.001981002435226791,0.007608040127929752,0.006601692779178894,0.009404539044082127,-0.004561688081824104,2.603469862636459,0.0013140802322422207
-0.1823178716946886,-0.012817975424447695,-0.08741771461337444,-0.01434928386081423,1.3783962624392039,0.014410446328871424,0.0022325861642692006,2.942117907453268,-0.00013236643476485788
-0.005916770146448383,0.006599748577707787,-0.003579261057261247,-0.0819842746895818,2.6792893072282564,0.008287244296224239,0.0003121784981789488,1.6711011952003827,-0.003478192226693124
-0.003957122542845439,0.0049070361762840325,0.004001608386569475,0.009940916559842146,1.9496272934456176,0.05090186685834597,0.0008363394315070255,0.007230355031171158,0.005689538456225219
-0.008039201666644916,-0.02176193989896151,0.0030135142197696015,-0.007732021158779578,-1.511642614979645,-0.008209127300560348,-0.0009152878366036886,-0.006769273904724926,6.80145624374855
0.004086974675993149,0.226302827002019,0.015639182077040042,0.018791246225886966,0.002030104186493866,0.0005739733684346632,0.006832474505804153,0.0016214876341706513,2.3435514652952008
0.010557363350403422,-0.005070028245094088,-0.013030850111162302,-0.0024252382055842342,2.7431450370412818,-0.002574228844091933,-0.002996799494486944,-0.1385921200209071,-0.9740705700390314
-0.014898925850045297,4.3000984738556225,0.026375407731157166,0.0025518600000592625,-0.004323697495883072,0.0014268315089040135,0.34367540106491057,0.012073904248156317,0.10524409979222452
0.002608565713778679,2.2011562575868897,0.012336942309695995,-0.031184324953482896,-0.004122973870018816,-0.005350165168274768,0.9315693224926171,-0.0032275634694181226,-0.0005860228742616534
0.02430035768986132,-0.0063625913651138245,-2.751816344284477,0.0006595163266500869,0.0038459694459199167,-1.5681365788952746,0.0013120706824518158,-0.0991127341227574,-0.007108097060727424
0.0022683237981458524,-6.133701910160301,-0.17962531584927655,-0.0005494480757654817,-0.00568245265492251,-0.0033952638096360088,0.7042994620168277,-0.0012286740409017853,-0.0015861939290130315
0.0004124735763438951,-0.0026912662753172433,-0.0015161595496499137,-0.19468203821828314,-0.00029402212326130477,-0.001120797459248487,0.0006778456302468448,-0.006965492071635697,-0.002992958900676342
-0.1543317447651693,-0.011747383890060914,-0.007174869039623244,-0.006315762892047008,2.27049127427938,0.007581747519659621,0.6165369972664954,0.0031277278446144446,2.655806522184403
-0.01278718736904318,3.783703002308952,0.6424483489304298,0.009399966636157882,-0.010181392590843996,2.715731247957508,0.007490861274954186,0.015542826364282128,0.0275681497327165
-5.686233362862061,-0.009978576638581359,-0.026760675234531975,1.5271790448931064,-0.0015869029975339177,8.66804917690246e-05,0.0069710191699980245,2.99101077056014,0.009071605571829872
-0.027740305577366838,-0.002662788231331515,0.08538172594217995,0.003718792867455986,-0.005387695651622448,1.543525467775763,-0.015874136109254477,4.877584230593693,0.016042925841536104
-0.002776163859037629,-0.04530820654358832,0.004881404010761994,-0.021572696000612998,0.0484402596743021,3.648931263266758,-0.009261537650502083,-0.0262024323833845,-0.0026763571480717466
-0.007266010396318305,-0.008200647701289211,-1.9513580361464373,0.11310561730444402,0.006954584155742401,0.25066002281354305,-0.005540355220633206,0.023999488464915703,0.00280102325095084
-0.002591327151192811,0.0017880252440831447,0.0002465679308995218,-0.0008944337179989028,0.008539986719151967,0.00983082916643742,-0.009736680451246479,1.020248807726078,-0.0031576341464246305
0.00345463796291061,0.0011648830774701106,-0.0009236498859654877,-0.0157118881013145,0.0013666115962369869,-0.0003592512797091308,-0.0014457257509107389,-0.010930587699918875,-0.6762960405833653
-0.007371371193313389,-0.00531779708417821,-0.008960877777614151,0.04030088178736955,0.0025626313344785092,0.003628204276732885,-0.0013637612538505654,1.372263540295551,0.003477058360790798
0.6948437315609026,0.21200117354145087,-0.001185559080637836,-0.018630087640700215,-0.0013626133028930565,-1.3210505613732755,0.002968675251581343,-0.00011492547077524061,-0.007656591904141693
-0.02418366205419112,-1.3976493550561386,-0.001039542479080148,-0.010054032287521593,3.634143128679556,0.007591591482574767,-1.3977266502746852,0.004370637893428588,0.001242129056956958
0.005244930153089994,0.11378417059512735,3.454695338793618,-0.0005961582143665101,-1.2283076998120626,-0.00769970836890424,0.009801215089193377,2.4377501178946375,6.670876794919312
-0.015118029178034927,-0.005662059208425336,-0.04113069872283598,0.002487089419014753,-0.0038807590275219683,1.78579506977883,-0.0020515899910612534,0.0694608556624503,0.0007322567346979957
0.004854021303780856,0.017293619402262195,0.0034795464584094996,-0.00029372647369340624,-0.029568994162449458,-0.46590072986302705,0.03859640732410985,-0.0005788297130156287,0.001855529337090067
-0.04951878685997359,-0.00221946069797635,-0.012121782137551808,-0.0019372394488454611,1.3371259416051622,0.03673129600303782,0.17838823874882676,0.32465881241082584,0.0101632677775727
-0.02243900294253237,-0.00117042218193589,0.002172104611646339,0.004433429994709687,-0.0035989042930364423,3.1749930768641565,0.07119904160252566,2.1537128588732903,0.036652579956821696
0.1741556577210528,0.0029912877804865318,0.0004943872775989302,0.02759602273075709,-2.3964373578774185,-0.009099703403684933,-0.0021459253307529727,-0.011662431295231137,-0.0033089344757569186
0.0013233268023206588,0.0006225634228094572,2.984604640523864,-1.9371204107413817,-0.0025276583548423407,-0.0030301776935432526,0.0162641572209157,-0.011175694713092175,0.002934653985833229
0.008262834242284982,0.03825652450798232,0.03456792203596676,-0.00015000221246375144,-0.03999840087559102,-0.2570374877715036,0.6145988291552854,-0.0036946960369944634,0.0014189460018778266
0.01605742817436706,0.005507239690838994,-1.8406392689017395,0.007031479843570665,4.6922563002189435,4.914034972426499,0.0023603767169155937,0.004870496723851758,-0.0069016525174458165
0.008489322491632131,0.008773138814798798,0.41690303533224876,3.7870080359506995,1.647751628413657,0.0006877551260168202,-3.413770199247478,-0.022084460460152798,-0.0021674083412750508
-0.11688984879142184,-0.010660425020727633,3.1443738918879376,0.002999308361828888,0.0013023935128331776,1.5031589588087506,-0.001256529901717679,3.6483637154395074,0.04937397592387649
0.6864433957383467,3.987693890516186,0.0001345338149305944,-1.434286329844643,0.0063334125061604435,-0.0019545634017340344,0.0003826987027738815,-0.025042128891708,-0.016605906453010313
0.010080378526941894,-0.013197769546634791,-0.020431388797864856,0.00487626276702436,1.973875397787106,-0.0005613335981511369,-0.006950557310883617,-0.6682695432940077,-0.015624093149556133
-1.1667519005569222,-0.004496204258782485,0.002690950414437278,-0.005099378030799665,-0.10632869259786307,-0.004692359683951024,1.9178868613529314,0.009800770839540196,0.018907253923046402
0.0025015094887799287,0.03855460277142736,-0.00556563066802533,0.002806291544024026,-1.850573938709575,-0.0010743954990226345,0.0007028817414540168,0.00567261275170244,-0.0014370303373756597
0.011995739220729273,0.01011198087244819,0.004038003999845344,0.0010182377663285613,-3.965651496622229,-1.889270847188449,-0.0020063227947325936,-0.0040264421744056755,-0.0035782598678208814
0.026595190624094225,0.011300082051835095,0.002900442354626993,0.0025759309215279535,-2.047773279833596,-0.05250344059195733,0.003819046308542162,-0.00917941263226998,-0.0028423497503144977
0.0009231144345941099,-0.008867594189221062,-0.034267797937006114,-0.00918412672585807,2.149157727429864,0.001145807991934436,-0.011578344818130306,-0.0019170671894390926,-0.9968518356656991
0.002028701139937793,0.008999488256835417,0.02597978902225916,-0.0013262110022176019,-0.004161056890982305,-0.0014589940289931966,0.0036666050267374728,-0.0004279331406539834,2.578102502036133
0.0015340817609454148,0.012770977236935946,0.0010382825598524914,0.0012101715793844678,-0.025465949744878785,-0.0029935416439104117,0.9880658585471598,0.0014260356193840236,0.0017729167096739566
2.388600252235405,0.011832651433966456,0.0037861257287906055,-0.004155796569783686,-0.005197570883805496,-0.008207064918549653,0.00293813636380251,-0.00031323029537415255,0.00023376446991560385
0.013608853148378432,0.0029113740605135954,0.003148268470769964,0.0015520485729005867,-0.008385583022585592,-0.007281251811700536,-1.9659299623997815,-2.176019003079155,-0.009779568459171328
-0.0014197252882011714,-0.1776357919599032,-0.023086091582355917,-0.004370523497204426,0.8683310161494002,0.0021734232481561214,-1.961214615372969,-0.0012488680357644003,-0.004462373455036892
0.00021602633592385234,0.6766161005488573,0.30258923100583984,-0.019677191856815303,-4.6186851623770995,-0.0037922200177659404,0.016804454265039064,-0.0005815044208398561,0.0016268830007057696
0.006014869904643412,0.0009806311086391262,-0.0010196256452834804,0.010588407780063373,0.00047646892883519107,-2.7277621531806473e-06,-0.006551846178006597,-0.002983380839624492,-0.0071729573277234645
-1.6154896816108968,-0.004352532712055199,0.0004109110976407357,0.025964741940351754,-0.0005838779090223886,0.002656053623352958,0.00046976659314388464,1.036096016943003,1.2161078951501114
0.00901103659817741,0.03571099023216767,0.01619867675056615,-2.9091959991925633,-3.7929777646776044,-0.0194935422901657,-0.003247961918661074,-0.0057782452968782,-0.007026093828629695
0.002242149212012633,-0.0029113711255364357,0.14427902514365545,-0.005523867324663418,-0.42196752726590825,-0.0743202614654984,0.0009385124335124352,-0.016465947355377784,0.0002515386775100622
0.0023101613092435355,0.004469870569103771,-0.006057665339854586,-0.5220351317350523,-0.02095504907671003,-1.1443990363553902,0.00022202966820747405,6.813863430617231,-0.041186763663678794
0.10657149033484595,2.834727746486439,0.0026650472804685757,0.003155907079521191,-0.02493525029346641,-0.00947282892603607,-6.852420502689166e-05,-0.0035821933469082114,-0.0031544908337658535
-0.028686876975496232,-0.033598181986644216,2.600866676853991,0.0002501960095853831,0.010202177668332355,0.7295103929976052,-0.5986710718514059,-0.0004147176338968458,0.003032640922703545
-0.003026145875933667,-2.37150708725682,3.366267521372113,0.004874200510921767,2.9376033374228845,0.007629816515926313,-0.012647930257201068,-0.0019200546239065914,0.0024516853779798604
2.02796968227591,-0.0012370677864391895,-0.004310849309988037,-0.008485927628791395,0.0007069976432255917,-0.0023151780513126366,-0.002738058404169283,-0.01725349781862803,-0.7263907151139342
0.020402372266874115,-4.742426861864335,-0.01799270560885933,-0.0011169682363978948,0.002896926945581489,-1.5046135375399559,-0.009661487056350492,-0.01917364900648434,-0.015405681346908656
0.0023223740237536313,0.002473556396103409,0.012299077230662092,1.2475349267023967,-0.0009610605886205548,2.520148548586913,-0.023440790207247097,0.00023269186938207473,0.0005084997573305654
0.0013014129237664852,0.0013473212330075432,0.0006668481072844956,-0.025207149798452795,0.0029647864944757954,0.00044164249498148886,-0.0026130424915733713,-0.0037094944469345612,-1.2321986208941424
-0.5913352564095413,-3.5093501164371994,0.008043847723803607,0.19370718658514285,0.0014341276889237725,0.010966951529981811,-0.0025132847631566604,0.006300755437511371,0.035566050167288074
0.03171647178626266,0.2932540542427424,2.8572927166268247,-0.01868984388047676,-0.00358066825188688,-0.0025783482428295493,0.0023379659850633156,-0.001388043032094742,-3.877750655231777
-0.004883970411683758,-4.966765807972376,-0.002065056707416288,0.12364242210539134,0.009112658248133343,2.295645602031824,2.130385446309031,-0.000857653449389359,0.017522345590826854
-1.4804725469139643,-2.940445800332531,-0.0017640874052469169,-0.0033089693147560903,-0.049124477911139774,-1.9771861840577019,-0.0020387701481909618,0.005849300627678742,0.0020230450693540687
1.7481584826681111,0.03568457852513457,1.6971432049235635,0.014103859174453295,-0.018672992988860715,-1.1047382146753524,1.400167116807836,-3.280090670416646,0.014699770987706418
-0.0002144669901543786,0.0003950735012953647,-0.0020307237111271336,0.8295104478300943,-0.0007756935333269287,0.0002286235788190058,0.0007244207568497365,0.009390179959036571,4.092315893736737
-3.8580947154501546,0.25093005913142274,0.023849261153461237,-0.023744447588551564,-0.0518667805018172,-0.01731133595492179,0.032559619154562,0.7357946264337402,0.025786546193116766
-0.011609366261713994,-1.4556868632744013,0.003304814046855821,-0.0022175001803483863,1.4498718613409842,1.6566049680756123,-3.6982762297628717,-0.0066184453315376035,0.0026646770634594554
0.0006151089092909876,0.09734063915581931,-0.011969005853769588,-0.0013080501326421376,-0.004583065114668217,5.511344691049103,0.002325283192005201,0.1911856712328148,-0.00161444445058323
-2.1672360160606376,-0.008170337398286114,-0.012064548862772456,0.21144891089886228,0.005796300600638994,0.0775483651615638,-0.0019327001534169101,0.09806860193515435,0.003170495245075289
0.03716561181556297,0.03099759121210755,-0.018243032509328738,-0.001398231134895817,0.013633541742267163,2.856167101466497,-0.0011010152084874325,0.007678027153512353,-1.7551259566402986
0.0006690591583667257,-0.0005979948118918534,-1.7988129075708745,-0.0025783553192477763,0.003324991299894055,0.0009117403318310352,-0.006461738002086564,0.0007338341314491383,-0.03472753091418886
-0.02003228070887498,-0.041104254607413904,0.0008337254409944799,0.0046148563054275085,0.012174995679439866,0.01177035289840183,-0.02067626701125944,0.0020749467715756613,0.002701587378176078
-1.073933676673078,-0.0022560704985725008,0.004695132235954168,-0.004303238913202026,-0.0010640643963933452,0.0006820281511616182,-0.000552940025202564,3.0919167482131815,0.006051702939393333
0.00443874982457159,-0.019813069800184047,-0.03941006545310638,-0.0006951247880341701,2.6858499848208828,0.0013564633718588098,-0.009465329868429984,-3.2864006844154963,-0.026913148690117183
0.26416027766047734,0.010684020596767133,0.008442849993257253,-0.16359743831297102,-0.005431250587609892,-0.013130839093922743,0.0007483087984303154,-1.1705516248812162,-0.012515126202273956
1.4751219360862518,0.0028146821365632874,-0.0023640239226791985,0.004758076610310474,-0.0009518729225531652,-0.005543555367346853,1.889092419677886,-2.0306085055833534,-0.0010312279413583897
-0.005302542935989794,0.004077592361641909,-2.9691150004534548e-05,0.001532452819132146,0.0005720437973052402,0.0016993513581826138,1.2319484604032742,0.0468412301870343,1.6170385577295168
0.06052785676523176,0.005055895165182576,-0.0033164236797620246,-0.005636480551249062,-0.006617271545791771,-0.016276592325719458,0.0030954834403636392,-0.012635555600942396,-0.012190540901641551
3.3020743587996186,-0.012703174282206115,-0.0075571044992650185,-0.00036087813454086605,0.003994390929697451,0.0005155670460103194,-0.003010940979090399,-0.27747378910968057,-0.01189750793562204
-0.8705420598152801,0.0014546154712640714,0.03942334952384538,0.00046883759704746024,-0.00038577418512719674,2.0391523336752635,0.0026969871877269846,0.0041001484179222225,0.03516230297628836
-0.024612584188290685,-0.201202876561588,-0.006765924432142469,0.0002168502443776254,0.011533079489887688,0.006498558361390054,-0.00641381095819392,0.002543413070754701,0.0008425885398867185
0.9821971380943034,0.060699166085481336,0.009276762797729201,-0.0003766879709486844,-0.08228886290550691,-0.2208127278893141,0.001808226063838297,0.00032132149279096565,-0.0004194325255216635
-0.7392112228563511,-1.6208746382797865,7.846089314698067e-05,1.8495748008891442,-0.0007780058311578839,0.0016024355936760121,0.0024684152305308946,0.0035627195506736033,0.024692705638033732
4.105339493753076,-0.014610136743342828,0.005548415522634537,2.278278551425101,-1.6020504850622865,-0.021941236876451553,-0.0066654685100885225,-0.31870288745761677,0.0011411677099495282
0.0034674248157147373,-0.01687991723531969,-2.373240842610889,0.003070530070332014,0.014876126180313191,0.0011548813405424354,-0.015333457744678201,-0.26230372710205396,-0.050865670958515255
0.0028020113350813794,6.989193036420348,-0.0018975216399423622,0.002562313510724064,-0.05599482345542117,-0.007638145261634123,0.7350124915811502,0.005840333972315648,4.564466852315775
0.00048300070570493625,0.034215249945133974,0.11611958033914854,0.0024588807249359863,-0.5511803220512795,-0.0024687994146494804,0.005919803235266456,0.06304241388620224,1.50147771213042
-0.03999455933439037,-0.007734417988285703,-0.0033693500914804293,0.0075437966465537465,0.004390432046049983,0.6694963337499211,-0.0012763047188114884,1.0115738274972688,0.0049233371880972945
-0.007244159620292677,1.250936707666767,3.2515807999759794,7.600727603103244,0.0006180384324547677,0.8631706493140471,-0.0017049681591830082,0.27207619342102374,0.00804918185261605
1.9801891229224091,0.0019185114789498827,-0.007926102558334355,0.0041517572804950385,0.0140793003488624,3.5375052371090607,-0.00044449048621350573,-0.001420201509151673,-0.004771226214576901
4.377834737957873,2.063245199423581,0.0022238463402088522,-0.004814136614632788,-0.007768083035035959,-0.004606510204643255,-3.445592288728273,5.412174292211508,-0.030289980869195182
0.012337231452556288,0.007415279228569847,-0.008452343501206647,-2.966843906209382,-0.009635747410183575,-0.02427388636459528,0.6791020548090467,-0.003911673101896315,-3.677335336166742
0.005208273765647434,0.0030463875177600894,-0.0020543988094117935,2.137343834711238,0.006732142750926262,1.5117770684627994,-0.21571556886124688,3.685547844855854,-0.005535010032798854
0.00240246126858784,0.021381325174398797,0.00246822857416278,-1.0864647769955351,-0.012050978675578892,-0.006430897953284734,0.031036493433687556,0.0010320590316630959,0.0009296675201125671
0.0015864401799511804,1.5387106590509243,0.004578517753838197,0.0023202301058472125,-0.0061925013760152185,-0.0009536867169998749,0.00478489183485863,0.11342076841599402,5.244900893197665
-0.007959314116241949,-0.024406286193158197,0.0037878149379103688,-0.0010149730633455143,1.714384294294265,0.003498383818090721,0.001079759924306601,-1.774453123796384,0.007353819495335492
-2.711166753485206,-0.004284636435630332,6.443308150111562,0.01923046925472908,0.008955650300958073,0.18305104717356102,-0.0033682400206440505,2.189644485815404,0.1901164900454635
0.00017159718398820608,-0.039435014553743375,-3.0695352284672,-0.00445760752495064,0.00625572235197775,0.0010494904996255884,-0.011207006852133643,-0.9239003199587695,-0.05538780890115777
0.20774978851209774,0.006006577304632602,0.00030643239833043237,-0.07479704447457158,-0.0025668881907839163,-0.00608744907786064,0.0005868444499681014,-0.6609939082652503,-0.26046683786234476
0.0031197670091081308,0.013576400284228022,0.0037915485151997844,-0.041918386933233916,-0.005507801173859406,-2.343045050435892,-0.006861628601255887,0.0012625881560087864,-0.004411278566131268
-0.006477009582444211,-0.004225178776871989,0.0010648820497395767,-0.030090888903684804,-0.033397015028384325,-1.783473447718948,-0.008421466489070578,0.0027455162209692476,-0.0017246915205354884
0.005922862036392247,0.9598207866935065,0.007156947533000462,0.017218470129268117,-0.017041295676092454,-0.0036555336445132213,0.11729775872104335,-5.223329829221824e-06,0.005002981115148786
0.004034670520472308,-0.002819475850276804,-2.323152641439221,0.0006001162384055424,-0.01148906177094725,-0.010192802304885245,0.007034296213634074,-0.010194768081727573,-0.0010522503319362487
-0.004276090308867152,0.006364718726588522,0.0037184275887758023,0.002334533248128651,-0.06217277368554952,-3.9670784194023896,0.000823643506795646,0.010082351411305202,0.0030157317164673098
-0.009963214958514979,-0.004117295409499219,0.0013634825863605045,-0.003394643139026588,0.0057714151550614795,1.2198798028536928,-0.002594325720291203,0.001560191716127343,0.0008000426954884888
0.006070906447239421,0.0029915209542053785,-0.0004919062360788009,-0.007658362035521322,-0.013685118273455851,-0.5254964811061552,-0.00030726986879858753,-0.0024692827117853474,-0.004157423116823046
-2.5052045931170737,0.0004772643610002099,0.004212700476845205,0.0073942990325563335,0.0025738815485656513,0.009811753807058808,-0.0013972707022458612,0.010382668080061355,0.007762197036788723
0.0021407385458762015,-0.007745158147542466,-0.0018563010012746964,-0.0044373970948481025,-1.645508059880279,-0.009420637671489637,-0.002869564796109685,-0.0048758941805451235,-0.0035895341896867534
-0.00047665993540804696,0.008900363648770867,0.011738557003149401,0.0011461226664561189,-0.00058138501525597,0.000258158481772451,0.0017007796658604203,0.02291690656950722,2.096146001379257
-0.8975968429818981,-0.03050962469756787,-0.014153732012122285,-0.0077471695385805455,0.03281085389884239,0.027139922522721648,-0.007747219210700859,5.475532309242198,-0.0047787634791123385
0.020129897749474063,0.0057458661378943544,-0.0005079926564507693,0.0010160803931723163,-0.006583602776913812,-0.7565389618533362,0.002091623759764731,-0.0035920864245699543,-0.0019581556196154653
-0.003333063695898447,-0.019763993305823235,-0.002475877108348734,0.008372560116024358,2.66897747764461,1.1993684716802697,-0.005530877915343874,-0.0004986223140751311,0.0009695121784549388
-0.009838495098447721,0.006740491611380533,0.0041641063623918395,0.00497188325598147,-0.01029221341999631,3.0621004785099912,0.0019523721813507477,0.028785365914243008,0.005829729460164072
-0.006497644521781345,-0.003343003449356799,-0.0016769055673469292,0.04709648782682394,0.00751206521300965,1.070109067154303,0.019090841256373975,0.00224388704616002,0.012297873775734009
0.0011069142601136325,0.026522968407594383,4.55421312430456,3.2660133727582426,-2.3543885111791245,-0.002947730868160303,0.029696638236852233,0.0013533153797208727,0.03550378708883198
-0.05858903514255925,-0.004358928951749919,0.0031198192341492185,0.046813658630267596,0.0020436865298349913,0.47830440000430324,0.0001974465335878254,0.01530442508468802,0.026126315561561586
-0.002534312591100286,6.84051676711846,0.005476512634634612,0.016045954840400417,-0.031969010765739825,-0.004131509455902052,0.009683735199602181,2.1900379674430615,0.015139003846580158
0.009061151992911212,0.04262175608467367,3.059656403330596,-0.009982695788208701,-0.1316129655024996,-0.02306011905000085,0.007412822158382613,-0.004734967235782653,-0.003510194915634643
0.0076825322473117255,0.008611675712718245,2.245321174404845,0.0016826308332099742,0.005754973037703115,-3.059314047618492,0.01728655653998895,-1.2673226902423118,0.005103484753722146
-0.05875728217378229,-0.0030494568058100913,0.001142370308445233,-3.7456256897317304,-3.839111004063086,0.004432361126127771,2.9137199135880656,0.2090606566687773,0.013761984359613778
-0.0033158303034776663,0.011874896324355066,0.01628974496108879,-0.024573577749316722,-0.0033416502623442907,-0.000636652811428726,1.087566638366238,0.0040970594610719715,0.005678968604212404
-0.027918324127063077,-0.057110557758696,-0.02658019416878933,0.005439779472035555,0.0019574112514611393,0.006664161676769295,-2.8840180456942255,2.512202674751109,0.0020167825644153807
0.007506842049911162,7.780912817035,0.6311992774647904,0.02406144200695643,-0.0051235264290917515,4.174149604221208,-0.13489681218969496,-0.0010197527732715567,0.002427133674005072
0.0022086093686154266,0.6753347489763954,0.0013474700441826956,1.7628462572388022,-0.009957518232499043,-0.001033940772284546,1.953715249386257,1.1159321150632626,0.00749422892696916
0.006917022771152751,0.044498187891601426,-0.0021313587583749755,-0.0004466280426597344,1.5828529143181893,0.00041617070588616245,0.0043460325603226005,-0.0015441049134842936,-0.0029627214722056715
-0.0002179832070466326,-3.898633631461659,-0.20547328677439658,-0.002968086966111909,0.006679415771992311,0.001447283942362147,-0.005040068267077681,-1.4474576620897512e-05,-0.004193706339943632
-0.01338336369377953,-0.65025816482733,0.0011007740302858993,-0.009127103689921931,0.005397566181643141,0.002851826486697344,-1.434789190143236,0.0013195491321733612,0.001173904540520812
1.193276539932727,0.003117533918163211,0.00023701982146009503,-0.008273937556743551,0.005949134947751034,0.0007691476381071311,-0.004499393641819413,-0.6327352434970386,-0.08852866667182668
-0.0013315655613144214,-0.007727522749294859,-0.016781075264063586,-1.5300292326597025,0.008617256419386996,0.001987584244136114,-0.0037432490932202325,-2.474282428413588,-0.7596244334837778
-0.0019335508460946742,0.0003800111263546757,-0.0008726703958659293,0.9907862078740534,0.00021275526599949784,0.0015111667340483013,-0.0013414064705010477,0.5559737847793511,0.0028236277926796064
0.005743122592596184,0.051464014313187034,0.0008188382074755243,-0.017666266085423987,-5.58482471737941,-0.014905278202444971,0.01189125253833126,-0.0032661623160960343,-0.004148216902431466
0.001264172687714074,0.0027224918776869445,0.024953355837106568,-0.0009817527579606584,-2.712632512844223,-0.003100012673175598,-0.0016318811141237024,-0.0023058522786724555,0.00015712519315833236
0.007398638581325232,-5.469009484687781,0.0030766984767723396,-6.03114502025843,0.45026145243727544,0.0006626319950059287,-1.308750173913693,-0.11280392938614472,-0.01395661257944393
0.0012735326714158508,-1.2961287078398,-0.011043253246354853,-0.0007999243252300534,0.003541125224360354,0.0003963658383630158,-0.35876490666989835,-0.037593964028551446,-1.388032047179398
-2.8456134303227807,0.014654827486205113,4.7843526359249084,0.0005922640947233684,-0.0030385967996902213,0.0010151711186842556,0.0031840414954527295,0.14390221853219126,0.02886526643833842
-0.03739861265928751,-0.765078139583319,-0.005668243117469968,0.0006583444064012488,0.004793177983582669,2.021924702244402,0.00480474114482253,0.0009223699378973773,0.00397199835817693
-1.7769335423690362,0.0018999112454252277,2.11427146838781,0.0034472905026115353,0.0005471633418235276,0.004544830975632939,-0.0023257469553080966,0.06861953732940831,0.01855982919702577
0.003542968990922258,-0.004537914297975447,0.0029550558332042606,-0.002284043689056336,-0.0004692847857358795,-1.6676518094075679,0.0015760784715763837,-0.880705138647734,-0.0002975325504986845
0.002228226695667083,0.001435783687698999,-0.007473955231743281,0.0011162125470969065,0.008244837691263098,0.0010435228721716377,-1.571247054009061e-05,-0.0014945196720804906,-0.0046855087551574874
-0.0025270619587998977,0.0005027457596965823,-0.00020020077250455402,-0.0013392202577843394,-0.0006594587828932559,0.0005509788429851267,2.656292517426321,0.003116067929210739,0.002932297627716891
-0.003314250525217913,-0.015201505253117283,-0.009378962152218173,0.6940532525289027,-0.005206607527164582,-0.0008384551400865928,0.0040392100374522025,0.0016462193357918915,0.012978485208977434
-0.00497833302492327,-0.0001718284451113182,-0.0035273474627940046,-0.016835056411262764,-0.0008743391567981318,-2.7607454466988512,0.16356524476457857,0.0009399240758591158,0.0017694990566983829
0.9057257423135634,0.0063412080984429405,8.488257930305441e-05,-0.022797652520603853,6.622175434473944e-05,-0.001810736826713979,-0.0019993688477212617,-0.007694425745490501,-0.13309877263721942
0.003910287537814701,-9.789733727510335,0.6248399675954546,0.03798095297558635,0.07234258484537925,0.006072701598909243,-0.03861716147731209,-0.00793277784161188,-0.002000463485504456
0.0095896444423001,0.0011433482384938575,0.004448274502607985,-0.021241519677157126,0.004819396012675337,-2.030278919105986,-0.004388946106117356,-0.019689502642365807,-0.005689815699698026
-0.004666899307091049,-0.3286209530844566,0.008738789934570206,0.002306257215383148,-8.191842846958473,-0.0017203080787686065,0.005012480141437892,-0.006617795751764494,0.01043212991097036
-0.014023950550434677,-0.7804226174928618,-0.0013546325125498773,0.0006574256664056001,0.039276316135457456,0.018513407364852078,-0.02591820980114238,0.0014754687436991706,0.00038127772945919397
0.01572030461447607,0.016020683849112954,0.011768151450606735,-1.226053441697116,-0.005885319805265018,-0.004992048573859395,0.002883913265576103,-0.010346710155531263,-3.0626950197164566
1.2564996706154627,0.020607467203742014,0.014360055208324087,5.519843331599873,-0.011399278283552059,-0.009129927033338148,-3.7965571889320975,-0.004087059696820869,-0.004160644244051465
-9.539733323145546e-06,-0.0006621121707843054,0.0020745036536584565,-0.007009542025506681,0.005100711528146054,0.0013569806955756958,-0.0017628318683805275,-1.9365057741670642,-0.004053920466768297
0.0012891390640194771,-0.0176514574315393,-0.027213724859294457,-0.003599813082117924,-0.019991373824965825,-1.0646538578458502,-0.006788553404003181,-2.2240104092809002e-05,-0.006518505059165592
0.006383779862171814,0.015902545747887457,0.005446060541373955,-7.009556088853706e-05,-0.004990514659779288,-1.8248626080774082,0.0015816274727671054,-0.0004892388465047581,-9.889191408360941e-05
0.046452974843739524,1.3921470167523673,0.020506642350664468,-1.8468186315192832,-0.0032722507726989022,-0.005969983233360062,0.001303849293247096,-5.3890664500516055,-0.005773116525842448
0.0026764727805443787,0.0051080477019362115,0.003723177993155916,-0.0009551724137730868,-0.6598320226305767,-0.5088646377311007,0.009736901721606381,-0.0015289598698063189,0.0015625876007842132
0.004690659109275487,0.01378754023589061,0.007444096080722821,0.0008974144452146547,-0.5568679975635421,-0.008272037684430023,0.0070356655834886575,-0.001662025647174985,0.0008083055656272998
0.004888750025631441,-2.513091650769402,-0.005671828397857372,4.6214323375064155e-05,0.04702368239788249,0.0014262196945069663,-0.054632084200209874,-0.024001638742771052,-0.01063636627700326
-2.0238392070917484,-0.1373573254959657,-0.10438053997542097,-0.000645972700690247,0.0025960515941905564,0.005826775519397913,-1.467401535668822,0.005682384777787628,-0.004384080263112898
-0.005215020689712968,1.1801210641723634,0.08582681910825443,-0.47521050743094395,0.002221660307465649,0.0014271722408817702,0.00393930095638995,2.383746065438506,0.009472248516289292
-0.0005266186492962146,0.002138517440539428,0.0021450029419113475,0.29931238706060265,-0.0013838235548572385,5.0837182241282586e-05,0.0021366618371253137,2.5246940472518187,0.013217672715268351
0.0005810778093649123,-4.765863282586361,-0.023110248218327592,-0.009666981120995564,0.047641161328583315,0.003345970486064266,-0.0456832686552725,-0.0013649208375610664,-0.010797488642277876
0.015645248370446535,0.003954095850334434,-0.004970417747223208,-0.014536676266947546,-0.00799114657109331,-0.013031362110681137,0.002496233183163071,-0.007899191061659741,-0.5581427905193753
-0.00047822217324118566,-0.015138475305398816,-0.0018433650551126484,-0.0005980324631491493,0.056101950701760495,1.1586566423024265,-0.7845541628667316,-0.0037948013102075823,-0.003651588338725813
0.05534456546337462,0.004933332304291427,-0.00816338664520067,0.003820658300185747,-0.002823882625403562,-0.9418447058189987,0.014769493794262636,-0.003077405447693745,-0.0016862880881808517
-0.002054791769425226,0.0002888847144658915,-0.0055305862922544816,-0.004076857641249286,0.006947266034491473,1.5728757007744472,-0.0021792137827500585,0.0025511803124756644,-0.0019964211287684767
-0.006518466544949964,-0.012269080061476246,0.009779145161100705,0.003916027406949867,-0.0031013303324824992,-4.798922466425968,0.005806383102964885,-0.0100644627183154,2.424440044374979
-0.001842275287497419,-0.01894954329329218,-0.0009679015211629273,0.09255932682911239,3.6467622901564707,0.01375399501811811,-0.1252403413299982,0.0019192710651161297,0.0018852857140547003
0.007975458601149616,0.02268318403520385,2.03256089887309,-0.0005539131561006997,-0.6332936967738907,-0.6441485910027998,0.0009228413137858799,-0.002349065284271711,-0.0008941805697113653
-0.003207219007686345,-0.037285527429154,-0.04188394351405324,-0.0018408435951380235,0.011737476727704498,0.0038270895893955156,-0.017395923506607135,-3.032616753958616,-0.12443399503121677
-0.0008982404672052847,-0.017338040274758396,-0.04436546418049992,0.13605684972541543,0.004869000328372275,0.0022581864421618862,-0.018351883450788607,-0.0008087796197978475,-2.372888732505217
-0.1999752014912426,-0.0010855370920155186,0.03276479299938079,-0.02412001928012665,-0.03093272755636256,-2.192161688763008,-9.944498175157301e-05,0.0024071065389454577,0.0054082054813904025
0.021021317950444887,0.004311613648037055,-0.002226309718250559,-0.006918801008993759,-0.007475258253159471,-0.011180738443097481,0.005091726997749981,-0.9917785699104056,-2.4175250698456283
-0.014973850177582015,0.003980134549899072,0.019786402060833513,0.006587639669860628,-0.023464652355195126,3.5765981348009888,0.0025567142461507264,2.3238125040705664,0.029801727927610544
0.008608480518016307,-3.190492048823426,-0.004781995205638212,1.286204286273524,0.06101122886652943,1.8995767332820357,-0.012243287002561498,-0.0246368417833638,-0.004555093965176702
-5.395292188440533,-0.01422979813605986,-3.3685367746811066,0.002742582860164091,0.0029469831490902543,0.007246182512049476,-0.012360482819484916,0.0051519833418079,-0.006536394989708164
0.008967711676213536,0.0075377849323866744,0.029111059700545585,0.18246587166000722,0.0003645428026003532,-5.179148264177123e-05,0.004998824276967841,-2.852873309409858,0.019021798931779257
-0.034761712079984436,-0.009055470411015065,0.006323536754067599,0.0040083532118300215,0.007312439879013291,0.01674989306378108,-4.720766697426945,0.009704246947023884,0.012152204834609437
0.00012190257967150189,-0.008852808659541661,-1.6461004118491922,0.00258312711654002,0.9908328442966643,0.0021568013288018086,-0.0013172882402490513,-0.0014263910273466028,-0.001938247996491724
-0.019092995088193437,-0.06015828114959271,-0.0042938311389751705,-2.2470096543598177,-0.002142415148360263,-2.1077426742308735e-05,-0.004204286028299411,0.002339142419351913,-0.00027823792227318206
1.9537584814557105,-0.003116415989184387,0.002965008663074377,3.708212568047262,0.006498053036823208,0.0029881011985503922,-0.6427501981153627,-0.04413794607439341,-0.008839190575246039
-0.02880978590018374,-0.03963074384343231,-1.0493769375787576,0.0031011671721551323,0.004181312987424483,0.0038008127666384227,-0.0023890468232046587,0.008004150697154842,0.004224755258744912
-0.2938863300589515,-0.050194227962215676,0.0048637527734699815,-0.010437323577933838,-0.00014712637334235446,-2.801301966740322,0.7354043546267182,-1.622881067666344,0.01746866121316018
0.0046147703097250865,0.022218739753732675,-0.0025186019578430476,0.012852448393446798,-1.6971472987985985,-0.0022452778300756857,0.004202574289692948,1.6853284649437603,0.001773289163879959
-0.06356856801246827,-7.619101792465731,-0.06941718580516565,2.0257108580783805,-0.0020071036378416784,0.001940232619212372,-0.002822696246433276,2.49868432019111,0.0021443716032010784
0.008315589655411564,0.6609896020115587,-0.005172588057291238,0.0069620850867170994,-1.1230784034079293,-0.005097625454875715,1.5683678738910516,1.5082754148960642,0.000582143503034066
-0.07619549599545272,0.00827028578409425,0.01110324167010368,-0.0020835426555730896,-1.0733934321389356,-4.850643782205982,0.03109270442948464,0.029192218028599504,0.05641829232808965
-4.7222828387762785,-0.0022638912008250385,0.021263187568672015,-0.02038264978847556,0.010528882025947608,0.009732472247546985,-0.014707380873555359,-0.006120587859490625,-0.00503314506506327
0.0031737213878601685,-0.0012078817733226915,0.7309832033453947,-0.0029163130103075294,0.003709997080935012,-0.0013112353240958483,-2.7978443457526394,-0.057823105622530124,-0.0023889565716993955
0.0004726832705114459,-0.003367605282467572,-0.0008953283650749017,-0.006313618879843972,0.030896652569763705,2.062714525965233,-0.0034893309511270926,-0.0035683145287187376,-0.0028268000390145216
-0.001304232669722502,0.00618040544575546,0.001224188352435193,-3.1168878894264576,2.112040339193933,0.005676699751617678,-0.0022357476452229005,0.002967502743378984,-0.0017748568879326979
-0.010738581180700304,-1.0931046155192874,0.003505475739170987,-0.03610692275315543,0.016232097147231637,0.002238179098314438,-0.00523782494721222,-0.003898647456523786,-0.00047599493184264947
-0.036711590996195226,-3.1740469250805257,-0.4195479476070123,-0.80246069230633,0.035586085634046,0.013500453923012823,-0.06893211847414216,0.009545080304221167,-2.3207627670292528
4.3381667528034906e-05,0.011828079078473164,1.806766175306101,-0.026221957284969052,-0.033387418699936666,-0.4113900441481486,1.1781205598294315,-10.363230591691401,0.0103167147906163
-0.0007595856448445832,1.2307424730922754,0.019474056096160243,-0.003873412195361871,-0.7989243588505963,-0.0032733502449569275,0.5010171689528254,0.0023253788968636705,0.004240596370673404
-0.0015876738699454745,-0.01845242360806651,0.0010040513777882917,0.0004156215315495324,2.2775969108886995,0.005135830762825214,-0.007161696878016336,-2.533749043738557,-0.001656478919600815
0.0937614716518359,0.023278553674661,-0.004905126298465144,0.0006737220184324846,0.5288593300501789,0.001284136369748952,-2.6081498943601895,-0.004020888829368405,-0.41629798115710426
-0.00020709663471958455,0.0038799791998878827,0.006242056426613337,1.9575000691184803,-1.4213684782997065,-0.002068069877543866,0.007862885157477729,0.0015527137815273743,0.012920664258414226
-0.0005203778167227992,-0.12457836054817965,-0.011295511670845136,-0.017717845167715816,0.011664424537544966,0.0012180317460638124,-0.047990625077474425,-0.016833511571692925,-0.15750170788976595
-0.20289145486253155,-0.09910517564959037,-0.00999709599107403,0.003112350948002769,0.010564024059536617,0.014013563400672245,-0.005514970760646253,0.004661697922292473,0.0017623386006920053
-0.0024846968786872738,-0.010087623750929819,-0.019978842037267637,0.0018218027210999549,-0.001376251231575381,-5.0119140956091796e-06,-0.0028498560917174136,0.0042209912098848945,-5.729399277124225
-0.01198845723468072,-0.002135140690591378,1.2609576878262323,0.010662786824349263,0.00025927551768156754,1.6252120391340081,-0.0008174957462567245,0.0033545870609612526,1.2517491592240675
0.0060766561159590095,-0.005224597376038961,0.004521368178025159,0.0009687181013090978,-0.009336471402258467,-0.008812543382959524,-2.3204242514125792,-0.4172432444635429,-0.00402049793923661
0.0002281960754149815,0.005833108170137699,0.005607041916093105,-2.4288208445573907,-0.012687839931147315,-0.0059143803350130315,1.070184575269147,-0.0002978557119005646,0.0029098428798536614
0.008815047726958245,0.029181011416088146,0.04015541582194694,-0.01565301220123318,-0.003583549742031261,-0.942470783804028,0.05617459776133765,-1.842782290304867,0.0021112399399123016
-0.05925712692453022,-0.010695761160826864,-0.005654472874443622,0.019164129138203534,0.0058429081605504,0.08576128095189217,-1.4712297996142105,0.12799543758904752,7.650525037167205
-0.021701211590670254,-0.005793250346789946,0.005609259923631423,0.008309418395095103,0.013660793437746281,0.03539873154530802,-0.0037474830742591243,4.615622227720444,0.01252444596816231
-0.13745725593716973,-1.4104629796069852,0.0011348171106315367,-0.0097128818790072,0.03394469267976677,0.01788304543525887,-1.1122663408625244,0.0037312678982686876,0.0020082176298707997
0.001035043254472151,0.0013382934018718283,3.8948917168382025,0.0040691543963210855,-0.06266627867721129,-0.003135353621952656,4.974760749013301e-05,0.005813969320994594,4.988969164794295
0.736287969907254,0.010435345746752337,-0.03226302646482593,-0.0029426138331298136,-0.003950271175100273,-1.9530534221459566,-0.0036662530371986968,0.001974807292827968,-0.18839856102822428
0.005843533305943938,0.004020960488365255,0.012554879416624502,-0.005306009799079192,-1.8119175328942079,-0.043605078291196975,0.0003934394226722596,-0.008616987252866717,-0.0028639480028530553
0.002524433077743303,-2.4279867922530967,-0.013473147019233293,-0.013065676457335028,0.02003736481613793,0.0015052432936940204,-0.01061063102943497,-1.1493842335379898,-0.038874347278184326
0.012210280073047378,0.0010980100744003365,0.013911768143612717,0.023147859005504763,-0.007091319433066473,-0.011670401168294972,1.0724887904903404,-0.9081137509256012,0.005590726199871945
-0.014932646487728626,-0.0012558705880971101,-0.002628366443747962,-0.0013248331717284397,0.004535922916495842,0.8291955046888119,-9.481788945378544e-05,0.009924207536590558,0.0018179333341706355
0.00531209992349169,4.105356030577024,0.002082119243411923,-0.0009370843476838598,-0.014150960782540703,-0.007178248623839583,0.0046458807239062455,-0.0013348805189410523,-0.0004039551692295695
0.0011548915469795362,-1.0142688263296158,-0.014971361386006597,-3.0455070550420995,2.7008220707265593,-0.0007623440048086516,-2.1166361064742665,-0.005245891477445993,-0.025743917614498762
0.00035659387256255573,0.03232807337862331,5.534078120920391,-0.15581018771159477,-0.01268328804973573,-1.124077102927989,0.6750762203616101,-0.00013529155981550217,0.0016968169952709822
-0.015135181943250128,5.780751865743286e-05,0.002693813966582078,0.0028639667845505824,-0.002101782048631373,1.3635576099298272,-0.001273669861072295,0.013649918372740544,0.0038760083105265387
2.964581549054901,0.005450149891539381,0.0028329456052211283,0.0014243954120419632,-0.011371232779171764,-0.05840050462812357,0.007924490631135185,-0.002396669183114458,0.003906552370522461
0.0015573466501365915,-0.004678391914714308,0.00016449180975020245,-4.6444591072124924e-05,-1.93324003704814,-0.008542099000990164,1.1082768125491538,-0.004277939819546016,0.0011175165068690388
-0.004342421885140146,-0.0022742218468187357,0.0019784531891521746,0.012042010711024977,0.0024103141023762154,1.0901691710828636,-0.0015653628823854501,0.0025594460748993705,0.003097056571228862
-0.021157539398130455,-0.004602682277662443,0.0013427265619849432,0.00194725159367236,0.0026807361887810546,0.0027008007523714023,-0.002378419913206912,0.017312439425536036,1.8152972573063837
0.019439391772758594,0.013518240809546,-0.004270369344956414,0.002551138417739046,-2.0300504960184087,-0.21301303829296825,0.017790466871537215,-0.004939785185645161,-0.0028833874709351063
-0.007802038262048227,-0.009818293323194583,-0.01787806020392527,-0.0018232280436010066,0.07830270579072587,0.3108774225926177,-0.006650341743710389,0.003658336426421143,-0.0015706865588844096
0.0758405702326305,0.029155955372759258,-0.0005055310523312019,-0.30320350478278474,0.00685371946426358,-1.5037159704843626,0.006630627521965651,-0.006923899963112366,-0.007232169732621897
0.0014343510015552097,-0.011898287847702634,-2.536114639520951,0.005980823338405522,0.005880278746745364,0.001250177537648544,-0.032874641939291516,-0.005836085138796165,-0.021627938019970157
-0.004834124892900167,-0.0037939277879180905,-0.005192727995414687,0.4217660994988104,0.008256569991385293,0.008920710838095388,-0.0014620841983956248,0.008340528404592188,0.003885505146807795
1.5557145223144604,4.728743275960961,0.012307179562140988,-3.6037124287094526,3.902504980605217,-0.0014848484343878768,-0.028160283939113635,-0.011906613961851149,-0.058325699334418335
-0.0003665911510938931,-0.000761907821947962,0.0025870345635500263,-0.002656696549277413,0.003992664931986025,0.0017484451086973644,-0.0027414478771980184,-5.10501521089945,-0.004444102126431357
0.0010623097854144505,-0.002631436105889631,-0.0004952723042659015,-0.005475579010609287,0.0022616043369593592,0.00034077431431416623,-0.007087869514684129,-0.011907510114854827,-1.0039956893870043
-0.4004810521635318,-2.4607105785696244,-0.0013256951529241438,-0.003334606421968389,0.003350139370837016,0.0037226582769706697,-0.0014746037466952903,0.004523338249413633,0.002804940315835334
-0.006262099574714155,-0.0154931344505345,-0.007727409328896387,0.8322952293410215,0.006294511849014389,0.8577548508327439,-0.01466519662205372,2.8635174966622237,0.00032466189943696627
0.003922494030515117,-0.006789578857344325,0.0024204726921358546,2.5900175221202506,2.4281485813741677,0.009572814074879032,-0.33294767059500463,-1.942562416837636,-0.004439953187399204
-2.126207363781368,-0.004668491010748345,2.7871207896383297,0.00544247510306646,0.009437583375765356,0.21680641838315523,-0.004245548782047824,0.0018352473608531802,0.013230731467460233
-0.000852095723698279,4.167227004128516,-0.002332271590090619,0.28422899417303005,-0.001638229823416347,0.0010623192519606077,0.38574885048300245,1.1746251211100813,2.1360658993489405
0.011593594791274139,2.093670691210509,-0.008418100963400586,0.008020099657794525,0.0010871834641013635,-0.00024023611467290912,0.010122103172074404,0.0005418305829886045,-0.0011735456129931521
0.003043328904376818,-0.004341803692453419,-0.0034212938702691785,-0.011209586530800238,1.2830283045513742,0.0004196446746468699,-0.005622136778813969,-1.01519795854709,-0.02141655546025499
0.011093125242660045,0.02727758352105132,4.783966491467013,-0.11054535175020602,-0.009166228943189659,-0.015035101359746662,0.027792299500383644,-0.012848357820070546,-0.006024457640964473
1.4517112813264574,0.025624350527313117,0.002755044524486973,-0.01443777197238345,-0.006246249285573047,-0.8005199060358291,0.0016113197254669712,-0.0002927093720164482,-0.004930014077670533
0.010690347603847341,-6.0609319970274385,-0.007062315074004996,-0.06876668095441447,0.00398186003209712,-0.0032758176475183674,-0.013121640888773267,-0.08480473615759013,-0.44744421821593094
0.3866202137277841,0.0003579928804287461,-0.02555457486955097,0.006646458656886713,0.03684865934947784,1.6163505202101418,-0.013670970882736444,-0.0022624425942373025,-0.01888240219024586
-0.0021930927008192054,-0.006838589475867712,0.01269005633171238,-0.0026027840381433543,-0.001453747453496742,2.2282288089810892e-05,-2.2491474878192306,-0.0007838688553008042,0.0015218496020932854
0.00394448970664478,-0.03465024504450254,-0.008430972189950084,0.0031290865812904495,9.829406195431302,-0.002631361633556095,-0.007299505767285319,-0.007695799189884375,-0.004637255146845997
-0.0010831118670034622,2.472465487554686,0.004227013121724257,3.5709800187215617,-0.035383812100857864,-0.001443958485702071,2.345273406932842,0.010158726763561601,0.010068267425942301
-0.0020242665410529492,-0.0026678030329405893,0.0006842800212948746,0.013850738360167765,-0.0012836832159019442,0.0002253962605856441,0.0005050066639992242,0.0023591435291612176,0.0067001273964851825
0.0462250157496332,4.1843740703884365,-3.1085802328518675,-0.00015679259407336298,-0.05742531221636571,-0.13601616997385155,0.03671303666136336,0.0003795194645654135,-0.0017217260604058086
-0.000359953241883329,-3.1570597433722476,-0.01212587579608707,0.002423698608107358,1.3490624097196005,1.1513691147750835,-0.015901508580712292,-0.0006356606051120539,-0.004361260865289615
0.0023951511011617663,-0.015939557046476607,-0.007005297707052233,-0.004961568188467785,1.072801806836357,0.0004244718683156859,-0.01877798286187775,-0.01439177192397129,-0.014598217599633333
0.008690732653871956,-0.01101134508510361,-0.007437883034230786,-0.005160973426241618,0.0010362087396102917,-1.2823130157642573,-3.751019434279346,-0.45808803253221964,-0.07446165191345727
0.0005652561174547444,-0.007591804212782852,-0.0018765419469338913,-0.0013435380273919629,-0.00847158302487059,-0.6544495633800017,0.01029508723902526,-0.004756016966275347,0.0013491307903233996
0.00587260203766587,0.005308968969773509,4.305850952181464,-0.0018696265385069687,-0.010310725577971427,-0.12852932843472825,0.09831093308741222,-0.907518882279933,0.0026391645356928523
0.0023452066963757442,-0.0059422650717317685,-1.4032447954428857,0.015601983545816468,0.5627037422245074,0.004155074248458762,-0.0033081332787742754,-0.007151774974780249,-2.9362499762709877
2.021658758806842,0.06727750675524542,0.013870362509487026,0.000474360509158205,-0.007868564867589578,-0.7642049573488555,0.0480504311173332,-0.0010183708348306766,0.004758315350328637
-0.013305805609397627,-0.09431168205897611,-0.01346558370353202,0.00304285624277633,0.015282354471762093,0.021342833824613466,-1.1689452695587044,0.00569601447996854,0.0018544998075439943
0.0258994665664104,0.010412933856571428,-0.002896922104645573,-0.0579322728008745,0.0011372911792918994,-1.506918977285993,0.001559247334921715,-0.006080604901219887,-1.615290672315158
-1.6982309796478687,-0.013768147668736894,4.283354060355192,-2.6920007817896896,-1.5221316496111577,-0.007896345256321144,-0.002560009000880446,0.0015271856546705403,0.006958180661087304
0.05146669903239953,0.05055147358020884,0.003673328025336926,-0.010426046881737712,4.078838946046584,-0.005023119676989624,-0.005850338199418598,-0.01100203040834356,-0.02738207956285175
-0.27414898840835017,-0.004836603744259479,0.022579341827697393,-0.0004268141597927218,0.0009856428688036073,0.0023307479339282292,-0.0038335620332721476,3.537673708199481,1.5557273629955501
-0.003302321371323018,-0.003379078771659376,-2.685393592154458,0.008945145462275076,0.010826649921409356,0.008492878972308566,-1.1360018551431208,0.007558446167998027,0.001345433060375309
0.6456010705973552,0.03393433453472129,0.02230989632372156,-0.12161132035057859,0.0017522119511458878,-1.5949587916334778,-0.0017577532806619806,-0.008052779545063612,-0.006304144011620615
2.0617395788022734,0.0035895175999999737,-5.228829803672418,-0.00918692891174534,-0.0067213746651806835,-0.31130270785018693,0.0033257969978050875,-0.010036687070707744,-0.019330843886338767
-0.0005566128351304808,-4.1002653599679,0.021178846939044066,0.007806014107248426,0.062350654948586826,0.0043779638072414095,-0.002640003273715233,-0.0066146496692976505,0.0027984372201056273
0.0014651081717322466,0.0024901481956000953,0.06824662616112555,0.002621037006081626,-0.004065788406951059,-0.0031119919304218985,0.032080465774426886,-1.6785014133595728,0.0488418588129424
-0.008360590527921014,-0.9318736841226913,-0.006321601891342954,0.00031693012336890536,1.5215074247296059,1.6544841045365812,0.0011684277213834734,-0.0022321189208922843,0.0015367011598286621
0.0005978598867232695,-1.0515597328759023,-0.05779792437621249,-0.001808546317344993,0.05177653668598128,0.002391648444089213,-0.07974863293750213,-0.004646476586439605,-0.01691424168088678
-0.01430640789608665,-0.003199835313677213,0.014179330010077654,2.372021154784048,0.006363928635406652,0.028175660231829394,-0.038347947929357876,0.03912078798342333,1.7252376035224901
0.0006321249589583307,-0.003882971730830252,-0.0026589109986705156,-0.0036721630176700035,0.003996839390813999,0.0005649202034002142,-0.002973011473214494,-0.03528783127448315,-1.7834676151562254
-0.003742325293413312,0.021365368620671843,0.0020967975064037333,0.002211403969750841,-4.011867889322484,0.001690336881801091,0.06603905423017245,0.7839957297878988,0.009740308653095213
0.0013359521342604425,0.0016060089243381415,-0.005609426104576221,-0.0020432308902726824,-0.0006502350435285925,-0.0007650505397553112,0.004466243239205611,-0.0005366192763046803,-0.0008849935427455586
-0.002730748543756583,-0.0053108655670476845,0.0030366937103043544,0.0041787312969382776,2.7019972903049085,0.006327581791563383,-0.0028079806519861125,0.0011190752743708149,0.0025931493439415054
0.0031162940576758037,-0.003311682536958741,0.0006652179247357629,0.010264559606737732,0.011628715055595554,0.0031699238944885386,-0.5786099065966935,-0.02546829443444859,-2.9930415656753597
-0.002604442991323329,-0.0002613744991978161,-0.0018873401395031637,0.00028391786191802465,0.002413674914098036,0.002145210564815432,-0.013979687764210073,0.039680887768968,-3.077781293083061
-0.0010936179143344275,0.0034478283728488495,0.032611132546024435,0.00372728700039429,-0.001426267810966937,-9.141713374979747e-05,0.00307591728858084,0.0019916764343078522,0.47605990032869894
0.012082189294417837,0.031012810768047128,0.002157868954774391,0.001036998870622934,-0.024197766756698092,-0.010423100339900723,1.9880920678071643,-0.0035641550849382043,-0.0021863003011440155
0.0035641657708929656,0.040602190305160525,0.006695003969167506,0.0065494733575839695,-0.3316547912149559,-0.0021427551067896965,0.0011532903152792554,0.0034588505865468305,0.0010449113703210032
1.699229402393408,0.00015721985563485474,-3.246364053026677,-0.0008012269227918676,0.001198937471596915,-0.0027323883739497597,0.003588991832731916,-0.031113648475240223,-0.0070260625278628225
2.1306716817360023,-0.008391438152567706,-0.0012326573873218775,0.015334798411027438,0.003032968277767275,0.001385061109060742,-0.007800496556019873,-0.08820259908738753,-0.004699818822442876
-1.0386365578646706,-0.002960345953403493,0.00020521055231605134,0.02547559071643193,0.0037656420679903074,0.042611891523525625,-0.0009031087584077651,0.3700834424566338,0.01874454434396803
0.006236050902591314,-0.008302353910716351,-0.0024234914187673713,-0.0027508284917767134,-0.04215671297275547,-0.5679024473805225,-0.002393174583305964,-0.05876072773893071,-3.355327381979568
0.0016580004727003578,0.0029466017253864385,0.7037087640006743,-0.019722335813439476,-2.4824186292894357,-0.769046151958114,-0.00020222824823797406,-0.007069026376130841,-0.0006916333509585412
0.0021405710705331947,-0.01598562445374846,-2.9706966137986197,-0.004878814217829387,1.2801957022194015,0.0009221458627084178,-0.0035636663340345254,-1.2559330143836618,-0.01769730573009258
-0.7699515147380578,-0.0033978678409091966,0.011174827993179978,0.009247365076020676,-0.0009948065345299073,1.1114580520793895,-0.0022573698061066905,0.006451346195076934,0.01850965281797684
5.203122496889346,-0.014122103679014286,0.7291750943680002,0.05616019293272341,-0.017337826353349767,-0.0032078670914944887,-1.2896558517937229,-0.027010021108695763,0.010639648958289838
0.00433067896692458,0.002876369703741312,-0.0012031848882337985,-0.00994147171718096,0.06420953120153583,1.6959394921039537,-0.609478950260189,-0.002282425964490159,-0.015167781176049926
-0.005751388382424959,0.002656171924498801,0.002524923512635918,-0.011496664661965984,-0.002312448126440096,-0.0012109404919765966,0.007543000046178427,3.432383683247636,0.011497229218035296
-0.08108534715766742,-0.014027121133263815,-0.0022693711100657734,0.0021081648851027594,0.013161041088094606,0.20807839200668982,-0.008792585011810922,2.372546065984378,0.0012911890727308958
-0.002850191470957761,-0.003766945255856899,0.00047129323469684205,0.004467625408492826,-0.36194816162212096,-1.4733966308016937,1.549631818371723,0.0013797236279900899,0.009513404661584558
-0.06312566995227016,-0.010199495006550314,0.0035583617716449245,0.00743152692768209,-0.004571323131483035,2.260737527077925,0.0005925922257541683,0.004520597266341634,0.009466922038724013
-0.010884079065068428,-0.0015198172573149997,0.002490490887045056,-0.004280491140624589,0.003722308363975694,0.0023615745888514593,-0.0013115722337478093,0.017900505306967768,3.0642381903181657
-0.0002714366199599533,-0.03696199351019681,-0.0102118194643952,-0.002104326088997693,0.011009278882206408,0.001492546356643201,-0.10272514522152397,-0.027953818487010142,-0.5715450428495619
-0.032323056956998275,-3.269034108556128,-0.005356801220775864,0.008414497519752848,0.0014559208785472968,0.010012789505421294,-0.04458921176588726,0.020918721493614494,0.002258216855252467
-0.006891780233324734,-0.0010883048712615718,0.002433716262148354,0.007907809944512522,-0.00040804269497713656,0.000917896929167026,0.00032873357058473126,1.7198283353535646,0.013765999194621778
-0.0023197909381169717,-0.0067933680732581,0.00857519512231561,0.0030902631394041325,-0.008787192127787391,-1.3418812057982716,0.006684525186051324,-0.0038499438177400118,0.006836565856965434
0.0012976097676447472,-4.190154122215192,-0.014777899667005313,0.00714047127554737,-0.6774789183103258,-0.003596610314715214,2.715879730011262,-0.00041744003894790896,0.00015779550672220463
0.0007168417508063747,0.010844957007442306,0.34199035425619506,-3.749691002978033,-0.004033176670117757,-0.0012541376664005125,0.0018887914954365311,0.00674995691514655,4.07418724822971
0.010173292367419665,-0.009484863168667867,-2.8885658087652692,0.0012028010131423308,2.5951062268905463,-0.0007745279241830327,-0.37056812717012494,-0.01999365416037434,-0.3604621294827157
-0.007682864155345895,-0.011541811531959423,0.028522707676349957,-0.006543127276961574,0.00828162215271283,2.723774476778191,-0.004377314270234328,-0.0058569565936011595,0.0013919597907857267
0.007550827809966605,0.0067322094510031405,2.909653935964668,-0.0036776981725664074,-0.011259525859158702,-0.010987516310632684,0.0036355924816372258,-1.712018230342188,-0.0003493093515503018
-0.010332620890547296,0.0006616210151693127,0.0031177252673838867,-0.0007272299775964688,0.0017843802284242137,0.0021299027406386797,0.0011128434092748777,0.7709421449347409,0.01346955362788044
0.0010029736467468825,-0.0007859251988164839,-0.5722910534108426,-0.005590741446757308,8.002941988752385,5.611596078641812e-05,-2.0118835054084263,0.001006468680919942,-0.008942470708305526
0.0025398270743722034,0.019546415104936255,0.013609191024525309,0.0007617118144678768,-0.021386586819117974,-0.0029817267743987,0.010787534729830338,0.004323779825642606,1.5772691784197002
-0.0043042082662216995,0.02960098823791995,0.004715968705719609,0.9612884225269872,-0.004100568431675056,2.0971779408796674,0.012271933565634302,0.017927065178245397,0.013402895002418473
0.009050551547362923,0.013999568639173982,0.003289166353540582,0.012805425161544703,-2.8676489628283583,-1.5683918460663229,0.014851372229734719,-0.0023567560511112418,0.004419673488857516
0.0038968937814454763,0.009499263340500094,0.0007347506940984013,-0.06279611678684162,-0.012369177631098929,-0.22759574760766993,1.066903726776565,-0.0032386936134057016,-0.002953246830616204
2.9671716349670083,-0.007722740993284938,-0.6734619137656237,1.9888184159042468,0.0011224273178596436,-0.0001551961731914286,0.0005692255078714493,-0.004380350735759247,-0.004048505790369014
-0.0033117739304721495,-7.033241828473778e-05,-0.21866695526759927,-0.00658378523650178,0.008799875570814797,3.356438795001574,0.011758622030080268,0.0036462285163119494,-0.0009122551363292125
0.0030515381347610837,-0.00838370462731658,-0.004981139430634723,-0.010106392644373283,2.3346742889384364,0.0007507705949146432,-0.060536297301218296,-1.90097047948316,-0.5374341020587015
2.5722778235823913,0.01157082760453804,-0.028300198756618843,0.015384078457389655,-0.13031423128564457,-0.01977191761460611,0.017641158365762702,0.017786342867165277,0.003235972397930567
0.01945843960314181,0.03275344281058795,0.006926075783994623,0.002931758859839151,-3.694022314995607,-1.0144638577691136,0.005823630893004087,-0.006422627563559213,-0.0007640079175023292
-0.004087506384521017,0.00039246883583514414,0.002147956244577484,0.2972427190162733,-0.007338776622619502,0.0016169832931514153,2.7944924540921923,0.022660798966201223,0.030198563188056873
1.3662879682812092,0.00381928607109453,-0.005228274058881307,-0.0020885241020779937,0.002400476685997549,-0.0004920242444819203,0.00047401349893653674,-3.1303872666453723,-0.010431080335743803
-0.16724717494619706,-0.022914419408103057,-0.000946760485282071,-0.004111842574994409,0.04432518442604356,0.010611635757862435,-0.004589339690813998,0.0016894935689756119,0.0014434907409932457
0.0006311351415873561,-2.329463671618404,-4.867526888153087,0.004580810409612293,0.05071927699676032,0.003002024101623834,-0.008064135817272756,-0.008180989259308383,-0.003919659804229991
0.007519842250154024,1.493627594568977,0.0017044085520121922,-3.3013705442680235,-9.78643281860272e-05,-0.0002705278084514418,-0.0003311698872455423,5.15838314007059,-0.01237657590820293
0.00018191611691115508,0.01061093626296053,-0.0012682560396623352,-0.003500384918188516,-1.585132092586494,-0.004298121692592458,0.003355668546068259,1.7628832803648071,0.00017727885370742713
-2.8592564192837008e-05,-0.0030649606571646415,-0.004607799428263341,-2.4703401915934506,0.14304556142275635,0.003299438380333789,-0.01054476726279759,-0.0033585762514991725,-0.4109107834056088
0.00032769037123145037,0.006846161513625375,0.004167283361967965,0.0008650762987118922,-1.0090772086160127,-0.002405828339021235,0.0038300185633040533,0.001719297568538907,0.002191128380459058
0.0022565610035724225,0.0016773980023496726,-0.0073411579487071485,-0.004062113067022993,-0.0038596594317309232,-0.0031450209760960184,1.3870473015957616,-0.001666501388103757,-0.0022908330915979297
2.2066014207895095,0.0011034689977387074,-0.0025052287865482553,-4.145790953596314,0.0006536416404693546,-0.00213345652923627,-0.007470594595336916,-0.005185220768830353,-0.4092806598289227
-0.023713520400929444,-7.473639932650021,-0.0022240498493511507,2.2846799720484245,-0.029290305393819493,-0.0010009330297790827,0.006225497296465904,0.012916542482830896,1.3398498923524929
0.001456375277314459,0.0041568516599914725,-1.8108725498398135,-0.046042411397054284,-0.006928626618723344,-1.2467298840141607,0.3163121731187952,0.0012637744855268085,-6.806483986777211
0.00655600236221672,0.0009412280128234165,0.0015844951611708596,-3.059670282582383,-0.07109603006055265,-0.5520359819621768,-0.0032992793500395134,-0.006038431734595284,-2.6145443714018133
-0.027827183811102718,0.004374805135512444,2.6764356689948725,-0.031448773087816545,0.00026975324062578293,0.0017729313385551546,1.6060516319688467,1.0942141940724626,0.0440431783366729
3.0269425272989756,0.002326753120601212,-0.37309389428452744,-0.0015404437071328298,-0.0015218740795498592,-0.0030434373430063286,0.0029311473033323925,0.0022911112954357615,-0.006359225747270707
-0.00046604151221053824,3.3799331061951925,0.004898525333517381,-0.0006418711224770463,-0.008218816365331616,-0.0012057569693191446,2.5335824551017714,0.0020289495991890477,0.002246570883414402
0.0004008158181120708,0.002760446628123515,0.0027883714171941755,-0.3819211218350791,-0.0008699575194494964,-0.0001745281441050523,-0.006988344248803395,0.002583650357339479,-1.666358680176932
-0.010077478300399803,-0.0016343528420969273,-0.005223233838278343,0.03243274720245462,0.019379667930855465,0.6962603088312865,0.007154917730967769,1.174083817652825,1.9947001437679184
0.008183281634399256,-0.6878125104801946,-1.4003185626995651,0.006009254407919445,1.7874876265071484,0.0030537469941001594,-0.11273871700132465,-1.5875975859065206,-0.06128136840833992
1.5541633017050531,0.0013899178656780354,0.0022144164234030907,0.012138080205839813,-0.014057327876112025,-0.007223997478550891,-0.0006982871373906012,-0.003027127824328818,8.83480284033615e-05
2.933985169780069,0.0063743803798270715,0.7272370748060913,0.015529892742059332,0.006866189449465215,0.0052334403285040285,-2.775418985944919,-1.2719777103473826,0.005361533913652933
0.007495084164343218,0.02838887546402765,-0.0007041361851725589,-0.10823995954493142,0.00038600535761920685,-1.802710072363151,0.00234341470138838,-0.0005123778997248815,-0.004732858399894128
-0.001830288957997189,-2.134269979532321,0.0015310462838122926,-1.1786348960868882,-0.003089852414591601,-0.0021108032038566495,-0.003087510148348828,-0.004459643967551665,-0.0016857457274769296
2.6186216153309214,0.01105835617689773,0.0024514150375195744,-0.0015000695763344623,-0.01810610542032154,-0.024013568104581023,0.002178755511332932,0.0026619897446774864,0.00032788234377061076
0.002281419954913679,-0.016741102128645824,0.004875550426271191,0.00718012974943686,2.7243626727565706,3.1905844847628095e-05,-0.0050674108539369885,-0.014910929755056333,-0.0006439498921946779
0.0004202875181200357,0.0011427131831602995,0.015171625516471773,0.003752648444555301,-0.008374664327122125,-0.0023965600545578173,0.7380402538746521,-0.002071338538182239,0.01103254497089991
-0.017059371315489687,-0.05967249641989513,-0.001169219605319554,1.8792065294642455,0.005040162223173439,0.6497680523976551,-0.00944552724842821,0.0019124089409718948,0.0033723785672416587
-0.0004589165278115863,0.0048715993667656915,0.006854976661021601,0.0012101709255216142,-0.05612803062758559,-1.0288177565551049,0.9492720597919786,0.0005247270185515483,0.0070104707992057905
-0.012688566427373007,-0.012197127374718206,-3.9739780683875168,0.03059152160745895,0.0029811499633239993,0.005118878673238987,-0.003326147554602174,0.08982613462545744,0.011680995894243262
0.014201298420581706,0.002880045428300601,-0.005805946265113104,0.004995774747140634,0.003158635035985622,-0.0004645410621323502,-2.0795363316233133,-0.005563647357163097,-0.011837749876429354
0.010264867967500025,1.3502857674312,-0.004583114036895356,4.532774597790904,0.003213122639089092,0.0005786348617359909,0.01370504461443522,0.0012440974627898407,0.00018890970915676208
-0.01117277174301634,-0.052221888965502464,-0.0007152702016327301,0.0015742022595245375,0.01793303178320184,0.47348796603448295,-0.850683605430975,0.0012542125306239452,0.0009676817384984895
0.00037120145209732294,-3.2907545955994006,-2.5894001103210877,-0.004116388565858043,0.17182128886400783,0.0035342517605377113,-0.013649535518241288,-0.011586601951806396,-1.286367310279413
0.00021182158126183386,0.01575337672234159,0.07025326738230804,0.02873293431594623,-0.01626854359001874,-0.0010997807946276847,0.9926306160023813,0.0016529639790061658,0.03481109308672639
0.0007853852584024379,1.1823045257834757,-0.012812181253356703,-0.3991266680424528,-9.99334058162184,-0.0011981050648555147,-0.0008237079160573202,0.21834871491857655,-2.0268581356811866
0.0012171443968786236,-0.0167060478559624,-0.0008856571950416996,-0.1660795863479983,0.0018224081923836344,-2.5131012637137204,-1.570494342765663,-0.014810708328025834,-0.014262219542961238
0.0032679583252802347,-0.0010862364571672112,-0.00743673485720959,-0.10731013939362476,1.2003715642409964,-0.0011481349133983798,-3.0499290916270665,-0.007732768487116657,-0.041125122123070956
-0.0032270264650174924,-0.03631093773427335,0.0013682587913183592,0.042424576428546565,1.212014834728445,0.0600398226815686,-0.19217416143128704,0.00071809737891231,0.002630556621350394
-0.003892757223235359,0.7897008899907664,0.1991205535700915,-0.004884645025835821,-0.00509646377866809,-0.0001799436931994809,0.005352128636403529,0.2295832671384222,0.013974790507018008
-0.0066128878309375805,-0.008592883686084962,0.0293739392469499,-0.005267118692509912,-6.395728790528537,0.001731402624662176,-0.011308189282009835,0.001417648747824022,0.002802576781771827
0.0006713172233101502,0.023107027430946475,0.11238608012044175,0.00592250412996014,-0.05084475592887888,-0.003195557413485782,1.0095514055574453,0.0018832239275214996,0.9615624727877125
0.017977653161304813,1.5496824905772524,-3.9656833469154558,-0.0009224637902341833,-3.5188679496378423,-0.010672217192883249,0.004708567391387548,-3.093052250151707e-05,-0.005915440154942548
1.4664569325134331,0.00315902261570177,-0.007529156750806123,-0.008857832106899126,-0.00034381797369081174,-0.004707779581507996,0.001910989868833108,-3.320262259014788,-0.01621942717158606
-0.0001335356320510836,-0.003995418869068383,-0.003831048234285269,-0.005007667625619666,0.00998816697813318,0.0009259589973819201,-0.000935750868242119,-0.006025515547069429,-0.0034243166019719373
-0.009585536536734149,-0.007291820733169058,-0.003234489820592707,-0.004309562000541844,4.004747807478834,0.00577519212965702,-0.00034862734311964664,0.005219785480835466,0.0018579851562030084
0.0022303659154865006,0.0027080286436895057,0.010520263305148804,0.0009780874395357228,-1.3363312362857291,-0.7788363991454759,0.009329797768949016,-0.003499113696856501,0.004553564375604162
0.0016970149533956252,2.998803790944197,0.0001385031455579007,-0.1890544017299254,-0.0005391519374670709,-0.0011156803297300317,-0.0005771943305180466,0.0003154427235075851,-0.004745571689227197
0.8515096350627719,0.046884369256668584,-0.0011856649845155848,-0.059291695025465975,-0.0015309466316355581,-0.014613748021947412,1.3884427861747728,-0.006760244839085601,-0.01672183165196748
0.0005299981030134288,-0.0005580263169667893,-2.7341357249005185,0.0006104258097248045,0.240713928997832,0.0027968550795282225,-0.0034034140539833677,-0.000496475108320271,-0.008112485414946243
0.007809008129936434,1.7345898717722235,0.005981988818435525,-0.007447942615040591,-0.002688035116270587,-0.0015034488610876895,0.00033579474112097225,5.955454905675812,-5.267250627903248
0.3824873276588733,0.0050239245274495276,-0.005150227581340798,5.152045124752538,0.004556056534832927,-0.00015553971598214478,-1.7679589057204241,-0.007916354560158169,-0.05579362577895547
-0.0011114628348946555,-0.0024352059377506304,-0.004432094275971962,-0.07636010478199354,0.0010737774029009163,-0.0007660472896607793,0.00726915936322909,-2.468175485925139,-0.0014434180460515256
-0.003945284609648446,-1.2871747987873547,0.001073027126030083,-0.08827752025828356,1.0958066663241994,0.003102626716697126,-0.11350888987305705,-0.022873462836610597,-2.688028358808274
-0.03355055712971622,-0.017607951501162948,-0.0003852891385541738,0.003973761076897596,0.005214485115420376,0.41162454452293545,-0.03576050092114129,0.004739162483575358,0.0015251447797699834
-0.002331305766087182,0.01822741851601667,0.009746100794837231,-0.0018164121718574032,-2.6232085965624092,-0.0006213199556127785,0.06528806476058668,0.003665867237904131,0.005789623943362106
0.003833620148532564,7.058926281954675e-05,0.0017507053044146376,0.007728841076099127,1.041051974892697,0.009142251745741452,-0.14237698206224692,-3.4594586254352624,-3.408747933498864
-2.196731483056138,0.007520512718635727,3.056004139493807,0.004934936491302704,0.0004641405690415379,1.4306049960515166,0.0015528133604491984,1.3034074862268126,0.2598019495555408
-0.007076700783779963,-0.0025287549537621416,0.004070858581130928,0.010736638600704953,0.004249409690684847,0.008611541742244646,-0.01247218230066411,0.01332459231903054,0.004393425858119402
0.0017026483539876736,0.029975760498433535,0.018332392977731874,-0.01025365951575008,-1.5239749127414006,-0.6654031148137425,0.5896208260552243,-0.0016753756141246953,0.0023402590730616933
-0.004230303526290878,0.007936023544070093,2.7344434722206055,0.0031734114946463743,0.007778282386744828,0.7959514236074628,-0.0003183762282148936,0.0044172396873974505,0.005051856727939379
0.004708768675952171,-0.09539223729469065,-0.006519269155542585,-0.002089124151184815,-2.086752215070212,-0.030573942283504935,-1.3558408898173882,-1.22508631008075,-0.013893392753822266
0.0007813334137603089,-0.008578799955405723,-0.012606389331913806,0.0011096016889162183,0.04605840695303637,0.0038013722092097857,-0.01179664839813548,-1.3995656584908271,-0.11009897124565918
-0.010850857559879037,-0.1376459683885296,-0.5386039578455912,-0.9786707214246311,0.030107865791222203,0.006157440592207769,-3.246594246153033,0.003191806925146622,-0.0036244259960998004
1.1246297677790644,0.006141930317690759,0.012039214028645134,0.017803858948171207,-0.005643592877487046,-0.005811806046914731,0.005117225494290089,-0.008323939938365027,0.004222273193846652
-0.006967156182889733,-0.002597489488103155,-0.00036839593298751763,-5.530851056464631,-0.00538563793260519,-0.0008068140258465578,0.0005982884930044174,0.021378248653035815,4.165238714340269
-0.0012111816804983653,0.0015261459746987419,0.0011979168259591208,0.006904912068154814,-0.0011436770671861256,0.000293367984883693,0.00118357395712117,0.006228152766523275,0.004721489393028996
0.0018194722448034626,-0.0075194781843182425,-2.675097188214779,0.0005720312570389666,-0.011999125063822821,-1.126595400254038,0.0013164910499325264,-0.000785997671094235,-0.0013388693510838767
0.00488939012812546,-0.005291777007175116,-0.8455216225142892,0.018422970362009475,0.0068228686350289836,1.4825223322680856,-0.022710263392949265,0.0005487729978689891,-0.005938464651746083
-0.0019017813126985684,-0.0024362999718030376,-0.004747385820500526,0.04559514717799491,-0.003622691812849339,-0.00038254988000031745,0.0017297779201052026,0.011670905725927792,1.9134914023040408
-2.1981619847572564,-0.009531379289016916,-0.0050124141223414406,0.057828440617276586,9.834545306550146e-06,0.002145478765525458,-0.00024208485525970165,0.005132029012236036,0.0047168368291695545
0.006034814373384673,-0.001981710950013391,-0.0016351439423860936,-3.018263136469499,-0.015110669375256272,-0.008105296793371164,-0.006127588399450821,-0.011188254491075064,-0.11841245405569678
-0.004720519007959474,-0.006183076259874695,0.10267521403033504,0.004896882724893765,0.0010390865255944872,0.001068227626757764,-0.001748704416711443,-0.0010516547862546972,0.015459278348575179
1.4810911227226806,0.029973637660289154,0.006181298078269025,-1.9678881298608286,4.530155818288639e-05,-0.0018449167317440701,0.0002764855924279816,-0.004063420507531064,-2.332503184917237
-1.9635611122761092,-2.37898178656799,-0.0008511339002633678,3.4028989204046507,-0.018288626868590993,-0.007151441060922547,0.01180799522036273,0.002743818514472378,0.07560332703904238
0.009725799130096746,-0.0019068713728435573,-2.9100821502211853,-0.05979596726201083,0.02010689864020959,-1.5978513576852864,0.002807288657776852,-0.14008232678828175,-0.022519891437778078
-0.0073218908846644955,-0.0028595596171393234,0.03788244730630033,-4.874462661354209,0.010133896991003487,0.0039612963401821424,-0.006439411469988557,-0.0020943958804802917,5.740977580963473
-0.003268654290319676,-0.024190302450902756,-0.001720089404745789,0.0017195583215576296,0.0046448176720118965,0.0010193011368276788,0.0005714844837526725,-0.005663107667337777,0.003879819850352463
-0.008739844479426858,-0.5743288832701609,-0.003656787498275364,-0.0026342075137758426,-0.0025790131491915617,-0.0007022759044807884,0.0009308942656181263,-8.4663385257417e-05,0.0029816445158324244
-0.0002998089093089367,-0.3101244849173054,0.0002817807867605713,-0.7456499079621297,0.0020659261469582425,-0.0007607527807976782,-1.0750412722141443,-0.013144255228120268,-0.00655887062100774
-0.0024301060033898756,0.004233254110804845,-0.00013226027017832777,0.001983717366070265,-0.022207985958933158,-0.0009999549044725003,0.5573531978407947,0.0373340578062263,0.010145134613587927
-0.004069319597812662,-0.008827409152947552,-0.0040397670819330225,2.591788575059123e-05,0.40122237979649983,0.006424897439415919,-0.010259735918671341,0.000522719948430686,-4.3999854061797725
-0.4193631923464345,-0.03696338737968143,-0.01988698444860627,-0.009010555774117964,0.0068051870974407255,0.0024723857445536858,5.819742792138004e-05,0.0013096878003642047,0.0009073108825051464
0.006654265489069101,-0.010705342570395023,0.0135862575583518,0.0030137752715831273,-0.00017563216793942127,-3.87275043503439,-0.2251220262339566,-0.48074642795336175,-0.0023211275566157527
-0.011962954893169203,-0.004568662897006449,-0.006551971753363981,-0.00337240297557109,-1.7184298794815565,-0.0006307542603002439,0.0011488526856433094,0.8754290933626016,0.002724904809082473
-0.008535381134463518,-0.0035794975277960274,0.0008704781397992304,-0.0028651340988802006,0.008037958899421188,0.5965047618746739,-0.02499755288488545,0.00358703963074505,-0.0008146648491996751
0.0018689933676209547,0.003565034646374099,-0.012975197243828222,-0.0010753419101390237,0.0009993633561757214,0.00036643963383643774,-0.0005036946674179966,0.006403121564666287,-1.4502873380369345
0.0008585216400066181,-0.4701408018020272,-0.003975216920502456,-0.01031562061683143,4.6314441071260415,-0.0025018634664558115,-0.1342640393576247,-0.22396404881555565,-1.8192700638463102
0.003334973459160156,0.46786863660237105,0.00617515268401502,2.4266919958906147e-05,-0.0777174009720789,-0.004970780344324373,0.3917701974090555,0.01782328408996442,2.9819766209171616
0.004913560271388062,-4.519819694646734,-0.01770389210121373,0.38253989020175316,-0.006791576155628781,-0.0028775737823831214,0.008384134857585199,-0.0026356281682556326,5.55894015686448
-1.831874373849074e-05,0.056591603796669165,0.006446976549240987,0.0019389770341329757,-4.793351987050178,-0.00031215618297716907,0.8070104846750676,0.0020725465635425717,0.003550497971899935
0.006277501146269857,0.0019248920731537791,0.001980332720044646,3.328358183208438,-0.8538086287896708,-0.0070709777755776325,-0.0016820890979827945,-0.003470520453650438,-0.002455370827859394
-0.003728268364984468,-0.008774223361449014,0.00395233664787803,-0.001567558764790599,0.01499508393922851,0.004007991220473246,-1.065589323582952,-2.2689450336804088e-05,0.000709005781693541
1.2924337771596872,0.001540913914221436,-0.005076288608914937,0.0021005138353114706,0.0023426319773023306,-0.0008800326045453919,0.004697732787077623,-0.01618430242981098,-0.0022981115606047105
3.1995390370266406,0.024058302572315542,-0.0038949387455118212,0.0013256705336554997,0.014923534493723523,0.00984067867333736,-0.0077919608793642,3.727195904278123,-1.1186951577671302
0.0006898572548388691,-0.3396449524489292,-0.03765030722178066,0.011695948577477223,0.7399418730936221,0.0038282466036204978,-0.09451944301172985,-0.002422288749313085,-0.0042598043114469835
-0.011647367828022212,0.002236543427258375,3.430569340938118,0.010047152919335754,-0.045253709819755183,4.0079929637871885,0.001815398967440096,1.428068785850269,0.03046516843371133
-0.023087892281541844,-0.009075253013949722,0.004666874031214387,0.005110901039765048,0.007388166032360942,0.04511786604960216,-1.4654586172282427,3.6416204666722694,0.007357130560294418
0.003790302357045887,0.003446802090259048,0.21944328572471827,-0.013001597522482424,-0.00024427604547082066,-0.0012106521876420991,-0.0008785145692640967,-0.023718316791477706,-0.003733667190940147
-0.01429903854361843,-0.011808184444582266,-0.00844843895525874,-2.378287885048805,0.00823932921199075,0.0026014587119966223,1.1238407560070702,0.003294021115483591,0.005503938898347722
-3.28257663031384,-0.007154516632261694,-0.93335150690759,0.6132716096267445,-0.002804480701515663,0.0004532017507882704,0.004674331672570434,0.5582882858300338,0.01270746112144909
0.005111801966544281,0.006327186439111211,0.012714495457622014,-5.011114142057961,-0.006427354553082434,-0.0052170832476750376,-2.1377136425074186,-0.007795761619256462,-0.006661235054839926
-0.0007008879791427459,-0.003026303624841199,-0.013259481714963795,0.0038039599280691675,0.5009736386245583,0.01084876522290968,-0.07414260571918226,0.0028278555401299588,-1.79288465161982
-0.005445301336398543,0.011320175769659387,0.05048693795039261,1.413150645339278,-0.007091832295354261,1.9428424302423628,-0.0007684834508606964,3.506819879569588,0.021580478197269132
0.015773957874989916,4.070699779856028,-0.002848925122329829,0.0020465325439158848,-4.090142531343746,-0.017621619906457886,0.7600874345472075,-0.005620118584340077,-0.0020118784308223447
0.45215109562568334,0.011781485036353498,0.002648682473485575,0.0031178216118355226,-0.008245432695139273,-0.009651050623857236,0.007678473667680998,-0.005384693815613539,0.0001641336834767278
0.0029751563971199824,-0.020491071308032738,-0.032939709243974546,0.02153133570039928,-2.927493144044025,-2.334580946349096,0.0012410726396955424,-0.0018070526409894594,-0.0007446688050672841
-3.2159529218360747,-0.0158827273752607,-0.0086340273922036,0.005182130411075351,-1.2950584081704064,-0.006698901005635345,0.007508758918556742,0.004127701815559679,0.014002946693591728
1.5970448616477377,-0.0008142570372520058,-0.019525945346002164,0.013802811970269512,-0.007539002814491984,-0.0172401872636129,1.2966620518944034,-0.0019521638305180344,-0.001678050143313719
-0.004297288741357454,-2.4690615385517605,-0.004507976244583746,-0.010448824268062588,0.01335520504913526,0.0033745215201202647,-0.2932791981461558,-0.0019264349945310524,-2.410447084712286
-0.005536913020042909,-0.13251628652942565,-0.004146439732107279,-0.011062445771084242,0.2961477787965636,3.0028619638398415,-0.0008648134710364935,-0.00967613840687176,-0.0016324206285951333
0.2803376925068214,0.0028235380064245722,-0.006337434201425074,0.005696033412015182,0.17965587639908165,6.143432132384328,-0.004304505527799929,-3.6166857572570414,-0.009963130917451386
-2.39049227092111,-0.015675578277518042,-0.006385833432233449,1.9905548854127753,0.004866669154596326,0.0066598867310803415,0.0005366334320223015,0.000331226092108777,0.0054725081482481785
0.0024973393806901004,-0.0023208515025264593,-0.002593945687819184,0.004052030172300681,-0.025374317388998868,-0.741444126246481,0.0041480357513912595,-0.0010756354971233786,0.0008086130031143366
-0.004596863152283321,-3.0938327762879347,0.011694083027642303,2.4992525876639764,-0.000851802929647448,0.0009347583698367424,-0.0015236817534354172,-0.0009210408253765392,0.012462569979664863
0.0064644365103187825,0.0002446998587188132,-0.0013678968719362458,-0.005540889922108017,-0.000993738626566959,-1.222379926131098,0.00046078898639359545,-0.005315009718327048,-0.0031403787300320896
-1.5537715781094115,-0.0014340382220292274,0.004162838902827353,3.3621034320359637,-0.002594649033760995,0.0015155943664117426,-0.0027021458338537703,0.05038615216108933,0.009609739599798321
-3.017119209577128,0.0015611203543248271,-0.019347860062712323,-0.0033636371824303218,0.0030903450627930568,0.0045582557730711,0.0009365604532401289,0.18226699967659868,-0.0011678321388471427
-0.009475832046609076,-1.5883207224593692,-0.0029948869498044838,0.002801128761583076,0.04001254049675164,0.05334495199796109,-1.102173843561363,0.003202881721064251,0.0016182744921959865
-0.007906737481258377,-0.0248326455016602,-0.0011206962655839143,0.010173235432013726,-2.858231287945613,0.0024231092283601707,-0.0004818059289781988,0.005348923123805098,0.0075409302494584465
-1.7717695378252265,-0.029044140123552543,-0.0036595151696585887,0.7110853129093386,0.007920335034456306,0.06631913252581113,-0.005483520036878978,0.0005798971297953444,0.001883874605091429
-0.010725445875186396,-0.0038130475461977675,0.011522106292379751,0.0012472796908564246,-5.727756249809791,0.0013462186075361426,0.013663847388302279,0.0027496410121965464,0.8739468084989178
-0.00910374725371453,-0.00018147465728934366,-0.00411222699983172,-0.0052728287965503025,0.18907095851316247,0.3935214094885131,1.1329855410208839e-05,0.008214891283185068,0.000630151654372448
0.008195461400790534,0.018369917037063057,0.00371859184314835,-0.01507093750035293,-0.0054318314531871395,-0.007947103126260914,0.06737680623179691,-0.005639343450821108,-0.001512827926059774
0.0037912961849686845,1.0777042652009425,0.0074382949128777,-0.0005053930278145391,-0.004365440276235949,-0.00125183597517037,2.8449789043857865e-05,0.0008046760976523926,-0.0009193955373020528
-0.002457020303034463,0.04710992583985574,0.021924738179638085,0.0015240676985282045,8.937028656338459,0.012812624115196014,-0.013858405175450445,0.010433816816389115,0.0025130284512356327
0.0007136223614165396,0.009959276535047953,0.015460181034823361,0.001571129742528543,-0.002274564267611642,-0.0001531429401024813,-0.00025083830552407585,0.06303955888478063,6.614382781526427
-0.000862257377913575,1.8343649056157847,0.0005189208017575275,-0.02134644911749421,-0.005480647584869047,-1.9906926434241712,0.009383716836995765,0.003994874051613934,0.00013367005586620642
-1.828091349338515,-0.0077808790831854135,-0.004762597020057093,0.002227127455163787,0.0018701260606464355,0.0039904445332353934,-0.0029258091557674715,0.00541256151934395,-2.264021296709967e-05
-3.0607444676817166,-0.007776535086819143,-2.298632893546954,0.29606916396211014,-0.0007304609726010922,0.0027963643936576073,0.0011628322929745777,0.019416717565194516,0.009878121630563397
-0.009395046059632092,-0.0006869168466161809,0.026037948684743295,0.0020743930098467978,8.57822629401813e-05,0.0014965053008459397,-0.004140287017588827,1.5370994314348772,2.0484204393780976
1.1359408774097286,-0.0002369127118012765,-0.29276512124279663,0.002198975642087146,-0.0020538887413065476,-0.00556179347276411,0.019582023373483526,-0.08565522101105916,-4.687071584403629
-1.0936743843384922,-4.212220160579439,0.013471826570843747,-0.0019880656171171046,-0.002662542073779514,0.0019070165965072682,-0.7186501309035593,0.003929438224043306,0.004520984746111957
0.00206987135473139,-4.411557660387487,-0.0034595259745715257,-0.013077194075446136,7.7897728100183485,-0.0031379665866171913,-2.4987766973559413,-0.005567941179287383,-0.006472190475380467
0.008390778959462003,-0.0010495997837046422,-0.002803374761907229,-2.5562428459140105,0.004171106622079396,-1.5781432665728161,0.0001811499547293982,-0.01418620612520868,-0.006876309483485693
0.004575627438826196,0.011014907454496597,0.009569936453953865,0.011173131968711156,-0.9347881925945529,-1.6479686977814048,0.0027102579815075356,0.00030818351650259423,0.0035174503881797367
0.005118488908363847,0.003026488430146345,0.006308894740718638,-0.09268632746302538,-0.005842558647094975,-0.003975996275368154,0.0002578806491503625,-0.022276306347010083,-2.405674683929414
0.003650675715131819,0.0001710103520993038,0.00671814559092216,0.010819200875009146,-0.012324020635231747,-1.683651501073944,-9.801256304686756e-05,-0.002093574398831905,0.0018478833909291777
0.006027671424830201,0.002099575533738936,0.0018645172477616719,0.004936699150025602,0.01791424064424023,0.004637281509658687,-0.6936464498678293,-3.0077619474878885,-1.5893166584585208
0.011531313983166673,0.023190738350107643,1.7736645352486027,-0.0023907839765139006,-0.012925762971493483,-0.009903406156109195,0.007226651077733515,-6.183889729234353,0.003367928576040624
-2.1360267285453514,-0.0034273175784324122,-0.005229914803808217,0.007887506191550958,-2.967614958193643e-05,2.1309611002774407,1.8279286228882459,0.029957228552144,0.16823940618375577
0.002952105315053183,0.01645753958281832,0.0023985827808618606,0.0008734047915140803,-0.8680196794332153,-0.004053416168734,0.0039325539157263585,0.0006677006262777326,0.00022882043683981716
0.014070248546257961,0.005930950957984285,-0.011871737277438763,-0.006550888059973815,-0.0015861466948856005,-0.0041665476664722555,0.10949272113821588,-3.182785315724802,-0.006461290661916919
2.38728997327444,0.0027237689293788487,-0.0016234874052866478,-0.006600054079440104,-0.006571036383166862,-0.6885039746515655,0.00074387924052257,-0.004712485095856717,-0.01073200377172552
-0.004320096844041757,-0.010115148638525587,-1.8490913056660379,4.4837829904986574e-05,0.018484661588354517,0.9027698961494073,-0.0026733084395819534,0.002072551226268854,-0.0012420109510968673
0.3730866409263589,0.11721223464876693,0.0025293175907364386,-0.024292964020226182,-0.009686108686258622,-0.015300973935334212,0.021542245114926604,-0.005075220743619421,-3.983292618614391
0.01124786417098611,0.0067145591294138504,0.006272939889988813,-0.008031489137824178,-0.005787061196893284,-0.017863817594987442,0.01207225217160789,-0.8028424135064745,0.00014626708187809746
-0.5425796389584765,-1.5269234174112878,-0.0034236423364375317,0.7562610348812264,0.0008230107315698419,0.0036808363306250727,0.0020902722414900873,0.005245965842152027,0.01671532358315782
0.006359964429413632,0.017595497654587594,-0.07458629317843135,-2.453679773964269,0.0002558178440135155,-0.0019707895129837186,2.017850433941735,0.0027909653395140985,-0.5680459549618853
-0.016089308829673056,-0.0011975598375073531,0.0017976566072128095,-0.0017478540137726003,0.00638664873865552,1.6478109133279704,0.0010125478666921095,2.625099190383749,0.00468308534494459
0.006032221909615623,-0.005259443969520106,-0.0039617191316591045,0.019926379096077612,4.70611803696415,-0.00019832430833024994,-2.90405321715681,-0.006092095620010306,-0.00272299962982412
0.008755283591956077,-0.004996347253233044,-0.0156541651888785,0.0015866249873359058,0.3686650023892728,1.4544549611050717,-0.026313345134240412,-0.0035765474882061728,-0.015350660430832788
-0.04654477137555263,-1.763741905621112,-0.0019055184657907481,-2.7301964039408206,0.007793714589324985,2.0458313460006683,-0.006822490204741488,0.0017179656674636674,-0.000568113881980534
1.0105638967139954,2.6606234908713167,-0.00099559194008067,-0.024715250383958075,-0.001311644116394832,-0.003719637611770343,-0.00409732181780411,-0.0031003368114574923,-0.043126143255704595
0.0116458885673512,1.6349977660470443,-0.004574262877304083,-0.003092336946557618,0.009460983290371455,0.0021167680962330035,0.00037103848094107057,0.0026151859780297326,-2.236658076513297
-1.7997213170530681,-0.0019759216786826156,-0.0020685676215212584,-0.0031913524013879382,0.0009259025740311344,0.001747317785501308,0.003174979983831816,1.5202718409652203,4.117104400716013
-0.004369700293903562,0.0019215635593824235,0.0067290241730740726,0.0059065381171978185,-1.535970728320453,-0.0015378728652379672,0.007855347729042712,2.3535463875964417,0.46880079263259367
0.0984086675571027,0.015441103760199183,0.0066598058280542575,-0.003955026295594424,0.001294637309070798,-1.811542985815054,-3.63844588731427,-0.01948089335317757,-0.01802148140116558
-0.011377365289663322,-0.002794506214155723,0.002670777106188106,-1.5114851064290837,4.469101189640437,0.5935100076376401,-0.044513771000355445,0.009819610742597018,-0.0021315998183236984
0.0008001036551213508,0.015573394538359472,0.00884640367833224,-0.004939915373019604,-0.023382815856937578,-2.0663496117699145,-0.0031903646161644122,0.0034962184067478257,-0.00033276943322935876
-0.0005547537080955122,-0.5226310462177457,0.0001308863716608993,-0.006500804960175875,0.004222034288993286,0.0004990936852292455,-0.017783802707718496,-0.027509888358479454,-0.0049303282513405875
-0.008165374979808692,0.008173991284507772,-0.0002658501847461435,0.003704598548305037,0.008166328837250714,0.6645881840955908,0.019489356861159414,0.019934536268548277,0.00898743890814803
-0.0017065667496165568,0.003867385995254163,0.00728126690308914,0.004779640773663986,-0.002423891068542827,-0.0005557929129159579,0.0034392202447669972,2.7246541908517674,0.030210506254713332
-0.002183696704997712,0.004242206373591767,0.0027944302101645152,1.7312101095357106,-0.00056429522037335,0.003807935029482956,-2.0298865091128118,0.0247443034033442,0.003783184821104425
-0.003565638711273293,0.009016190966546045,0.0020680334666390663,0.03473850093115355,-2.376874217339205,0.0020137777542914848,0.7054408769285029,0.0474554847189802,0.6412653711361931
0.005397919477425664,4.614325281323655,0.0008873139993246931,-3.248107766287936,4.322396273130602,-0.0015038499954692364,-3.328378176694714,-0.0031858685389270095,-0.015655205246141196
0.0028977867672137997,0.017622891339103084,1.7926489481019925,-0.034655815215565426,-0.003218262842407008,-0.002238769521109359,0.0028908110862185484,-0.002463962585228895,-0.0022466438106723136
-2.3031620132430013,-2.5894242720255494,0.012911780465102968,4.221822843624695,0.00678790903149773,1.973231955082424,-0.0021854464940198604,-0.00519907795757205,0.04897381002086909
3.33439056184673,-0.002087303936773116,0.029772086921711002,4.796546753496649,-0.0004406282680606607,-0.0019108261984166035,-2.351499624842456,-0.586443273755187,-8.845999794750148e-05
-0.008825764305805681,-0.005537432411317082,0.0056327926428827516,-0.0011534635703546535,0.004007446979325978,0.002645130311364836,-0.0043793086041459955,0.0015939567018695483,0.0031635185173747448
0.0013990224634237275,0.0008956472150734868,0.0023604264483297432,-0.9166605652835735,0.01430257614863828,0.0005455708661500767,0.004292114126193295,-0.18502634060083567,-0.0019892741271178684
0.011456141937013553,0.005707664189448461,-0.0019102277602032825,-0.012751737102612036,-0.006535718789626631,-0.007466661287660059,0.010107259429149897,-0.011945543783193374,-3.2360946737764817
0.0012327646052239572,2.364023545279685,0.7272516548498029,-0.007399945029597833,-0.11915497648825318,-0.009603964059071449,0.011575701718285161,-0.0008295415116097084,0.0022456866801190693
-2.7109840829900542,-4.171383628914542,-0.02264614339348886,5.768326471799833,0.0034978283278460365,0.014320840242494734,-0.02106617584787468,0.02520796483290565,-0.004182633452003676
-0.002555024785112204,-0.538800594702919,-0.021392538005004492,0.0002503083119805745,0.0066340443810242265,0.0017949592227816864,-0.011008587944631805,-0.006915961349425431,-2.33701075767643
1.8796552887276174,0.003391319856948758,-0.03329009623326015,-4.834341333829993,-0.004509715204896403,-0.5408790965105039,0.035480390132853756,-0.010056134887555357,-0.10032889299132419
-0.014208917664933367,-0.00934259645104614,0.005971105131803935,0.0011394196104361227,1.5834861443777264,0.025155050988760322,-0.0033587153023814545,-5.327358230004777,0.006112980066479673
0.004142018868974341,-0.0029236385696601933,-0.01180777031407379,-0.02732418454847911,-0.004374849977719614,-1.164601599635084,0.002929831646574843,-0.007164840458718222,-2.788228416751239
-7.144889116576791e-05,-0.08515105826084157,-0.0009475752872305301,0.016824337418758384,0.005347991283864928,2.71132037794076,-1.3879459534863159,-0.006826191763236983,-7.138295235550873e-05
2.142853118619068,0.005580544093160045,-1.4260612957375502,0.00596763616649678,-0.010680140057641022,-0.012873420079355278,0.011639275097112437,0.002484967319925956,0.001098081523770278
0.0030180266879947792,-0.00035738565997692207,-0.0022789424936828623,-0.008537560468310156,3.099721630539237,0.00034496664889090145,-0.01637886998313228,-0.0040662694356562125,-1.4462893130542995
1.7505259326544216,0.005573309740513288,-0.0005780473336420792,3.6270100877887685,0.0004097182698474047,-0.0004043418349227077,-0.00025864213695941593,-4.746581496873676,-0.003159860709916598
-0.021730623739773823,-0.002078374904926825,0.0005193943575477564,0.0018238463695345584,0.0030974462401776523,0.7971104186266403,0.00042008027751610014,0.00952902335046454,0.004356679543997649
-0.0034128253025243853,-0.010572025290039621,-0.5534066675604961,0.003778152397342795,0.013733331631460927,0.8485686637390946,-0.013925450661948113,2.6630900676614466,-0.0067648616987173865
-0.016110859028740137,-0.02283018881864894,-0.19036050370045476,0.0019225951282973246,-0.0025159641097741436,2.3763365124478586,-0.004183997688159524,0.008647279098247052,-0.00040583019964387373
-0.005376258247626747,-4.723524055425525,0.00030380840660811786,-1.3296115307899221,-0.0012347100016983359,5.1775346942662206e-05,-0.3133971070478081,0.0011516171054652968,-2.8544343713504308
0.0023214290835166566,-0.0031322017675877436,-0.058747891849732115,-0.019576100483860125,0.03901303229483867,0.0006215812681930811,-0.0005431073494216751,-0.02717096625948439,-0.08559265329006764
-0.0028874883808086733,-0.013503285689448875,-1.266242363327498,-2.114490686655329,0.006628906344460512,0.0019389784342767362,-0.004766888347285348,0.00010088549300950653,-0.010644074754085346
-2.1160502734191264,-0.011284251845708249,-0.001859707692347732,0.0018995097934264276,-0.503993287356504,-0.004483215026243513,2.3397074421451425,0.009706437751160042,0.05469718732645934
-0.013456951965564463,-1.7321867318785102,-0.009465913238866475,-0.005997435495814683,3.6441533509467714,0.011206528150158213,-0.028117000548973592,0.003141643682948222,-4.838868764226942
0.009507671269977348,0.006669620856623296,0.006399763913982469,-0.2730859195944638,-0.0007870693797235873,-1.6635836470484544,-0.01753752866754124,-0.004498300350898255,-0.010342775417977443
0.6414714650001143,0.014155811201343793,-0.002468674549179875,0.0077689714208534055,1.142689165326124,0.002537677107076225,-2.0596333155894815,-0.004476630372215757,-0.012010343362595648
0.0031013586406313503,0.004325131351398932,-0.0031464637964079903,0.0010665359936770365,0.07738717385694138,1.0010403412475943,-0.0014545410338160508,-0.00011066039107313075,-0.002509710715296055
-0.006206930020923133,-1.8989956674520054,-0.00967181888109575,0.001283831463550193,0.019559932608453345,0.47736100657723546,-0.011501409145855027,0.0016711573976114823,-0.0010936058618367947
0.03767772130274117,0.005446007986356239,0.0028502610069598817,-0.009473639490433972,-0.00806941381592708,-0.08136830058970736,0.0017422047900993048,-0.05086025119369145,-0.007079036888263233
-0.0001579505727732633,0.007029300830482584,-0.0020340456828791273,0.03701590617986051,-0.003056276055288329,-0.0002396578892824271,0.8120147225447871,0.0387844505168006,1.9580740659870775
-0.010249221210819687,-0.011670587157701365,-0.004603685780561501,-0.04837470821873701,0.005852318903192155,2.848226733702981,-0.006634486088379937,0.00035673982644271116,-0.0031432876906996796
-0.022439496215027513,-0.010250341992428857,-5.091739244542379,-0.05806092683200162,2.735680914609232,0.010143582760582803,-0.009496317165782055,0.008272186138178553,-3.977359904047632
0.0049737003159113675,-0.004940040840694972,-0.0046222821619126475,1.9859441116728944,0.0008770674407397711,-0.00026099897591792126,-0.8335600206771876,-0.005401971921407765,-0.008508441527862906
0.0032368361196504943,0.286128824598113,0.16411697108173542,-0.01069627767158065,-0.00863942742617504,-0.0026578770747924998,0.00649914912311758,0.00468684920209779,4.714144994427538
0.01042786779831692,0.005006386512382044,0.0005335670598681792,-0.06142073594686333,-0.0007155403178778683,-0.00232779493976448,0.0017806001505558111,-1.4765641874917277,-0.008409574534929128
0.0046259551199398785,-0.002647610409318768,-0.024313962664481433,-0.01144973609258125,-5.217157144062749,-0.009698236030954932,-0.007608959720051036,-0.002210522623941988,-0.8107818272479762
0.0010805834294021315,0.01076307466271803,3.1108517437636425,0.00375328080078818,-1.1074100806789882,-0.002698588860349155,1.6380967514773315,-0.0001577452866137613,0.006070992561020304
0.006353742102089767,-3.3752602892197188,-0.009938550165153895,-0.00425168771354607,0.021410239731693176,-0.00011285859133201902,-0.005344858571142329,-0.03554312841536622,-0.010410510944408884
-0.010234774792599564,-0.026613758686920827,0.008368865873930867,-0.0033852234739243925,0.7402105111915276,1.2116558067962138,-0.0033236925552428825,-0.0061481945653386535,0.002025172578319325
0.0031399799798796897,-0.0007344897409713134,-1.1936909266804234,-0.004561961099643477,0.0025423620966479286,-0.0007234823702524176,0.0021193792607836766,-0.020212538291713465,-0.009441522289354987
-0.0006084456870710832,0.5767420179239593,0.002233546529612756,-0.00022190914606992846,-0.019196324863672752,-0.0015177389065795634,0.5443181171896381,0.0168051676806973,0.004653895406269842
-0.0010757982588538023,0.02395356231858231,0.9163043772782877,0.004224350730062975,-0.16917274603173385,-0.0011243177138847912,2.8267775154275374,0.004927886382637954,0.017257823002099305
-0.007453912730144521,-7.669853436431673e-05,0.08902919737943524,0.03427671199604841,5.965506382639703,0.03865702348842093,0.0014374137029635433,0.005358826346824587,0.04567790687475798
0.0042051600426692495,-3.1187477645921935,-1.4715606938120052,-0.021559079577023556,-0.004707381980646526,-0.009301957128251326,-0.0033314088420418504,-2.9622882172345304,-0.8341946598402927
0.0018754240407104572,-0.0019067645295058786,-0.0022581488362429605,-0.029235888752938845,-0.002746602818732034,-0.001758855934656455,-0.0023056071738419078,-0.0063423917200394146,-0.9796563588314332
0.0016816826922202571,0.5875503936482576,0.006806115805998641,0.003631741638723443,-0.4031254326704996,-1.3557562764345306,0.013756405249324422,0.004667647788377194,0.004459931584078031
0.14436860609587665,0.00222679234384689,-0.0007748165655031784,-0.0009040472269520537,-0.009762798870748662,-0.0864102702631166,0.0012380357092018003,-0.21232644361936714,-0.006939388967064287
0.0008407640309680163,-0.0019740251202172523,0.004781321879453546,-0.09616725598156259,-0.00047645783554195725,-0.0011023812711307042,-0.0011101661938095824,-0.013474743917725995,-0.002981167826548576
0.0006657419589016444,0.026241857229276754,0.008212114563184755,-0.0014199060843970745,-0.010658881622078342,-1.2353185984425674,0.09053827721033902,0.0013408077563832042,0.0040276823595171716
0.0048105631262881365,-0.0076991712892428565,-0.02022789628571328,-0.008096909369957023,-0.01516270165658469,-0.07491525231498053,3.256825595366343,-0.01890382502310506,-8.006707125362045
-4.214897616993017,-1.3134912515937032,-0.005100824876286287,-0.013610872328451429,0.09137541445348374,0.007848388927607197,-3.826324745088405,-0.0076700815329207445,-0.011559127178911957
-0.3290910609276595,-4.150508852913951,-0.036875093708795326,-0.0016660792810975606,0.02478396969331284,0.13363635551703099,-0.002009888233953136,0.010745561254850046,0.0012497830464127885
0.0038387992881894007,-0.0040985320472013195,-3.2822339000899765,-0.017065623874030524,0.014236484595024468,-1.7290909258022198,0.03821493800928494,-1.2032646764572095,-0.005938251098495467
3.7723041606802057,-0.005572697512371709,-0.5555185902249228,-0.007686976557945974,-0.0006552102510214708,-0.009232247754181298,0.006186085277160802,-0.01794408393558686,-0.00771547091142652
0.002209843373121991,-0.004691021833852407,0.00283703005798204,0.0053648757059177946,-1.7406981594055821,-0.7478005930045653,0.012093599444686812,-0.006470346093342634,0.006361189764468385
0.008461740821948697,1.7245297384592233,0.008808817843203646,0.004755199115784609,-0.016119422983018834,-0.002090414962420157,-0.0006338555640569236,2.6768425574935866,0.0018773058300977155
0.0016349872165756169,0.0019930445180590763,0.00039318530100829847,-0.01234138679774077,-0.0005151347292417459,-0.0002718225615130753,-0.004798266326838876,0.0001897160067829513,-0.9829356261657474
-3.643875903271009,0.0007014441434477492,-0.0029916992665393197,-0.009603082088477266,-0.002532911721397857,0.0008165546351225489,-1.8108306456809338,0.025600623551777724,-0.006958591459006194
0.005268106250587434,6.258835774439216,0.0075186295180201534,-6.384380140094835,-0.016299863276654836,-0.33332822942813434,1.6130383199175569,-0.005622287425664625,0.000642158479899485
-0.01211634105813715,-5.508689530139138e-05,0.009201267628007796,-0.04431813618886042,0.0035051057452034212,0.0002272238953458551,0.8710084354457973,-7.111568497277179,0.023344701203482587
0.00041247846539871,0.005226942455646075,-0.003096906568113404,-0.00549309354487408,1.914192216268947,0.0027016819892755756,-0.0076386094973948234,0.0014033699891457104,-0.004982801298164762
-0.022950437811330698,0.026818231996601417,0.058200848993374146,0.001022401717416897,-0.0015027523588328068,1.0896315069305074,0.0036280437314456723,0.20687927225513703,0.02112717052964641
-3.4952876661649244,-0.8994954772327026,-0.003003067256836217,3.229678389720259,0.002482008122170115,0.00024454217785640304,0.006173322909872686,-0.02472976746606539,0.014594997873242116
-0.004062101117482342,0.012548398740689679,-0.0020571169312622317,-0.02653379036143769,-0.0021513583336880693,-4.050459278892971,0.13111868510190572,0.0049694540565098436,0.0015688942538901948
-0.006119265311818649,-0.020383642754281752,-0.0013787196257234644,2.0121944723662835,0.007298015538492761,0.009433050413311782,-0.10303511241459593,0.001729757200111826,0.0005002933231916763
0.016361959343160995,-0.0012823413425235796,-0.017814691755317913,-0.0732056103160132,0.040524603135691395,-2.8125536617041664,-0.0008762613010576403,-0.018030250444190894,-0.02972194858275498
-0.005461634787326419,-0.0038609531752341122,0.000638128645282795,0.005463986383560952,-1.8410898461792589,-0.0012161356739645024,0.002541668870433143,2.968615206814717,0.012219597449935865
0.004202749296224483,-0.00013248014422321294,0.06401960330358997,-0.00783632085752969,-0.001361920002968059,-0.9519686039254317,0.0014080837213187036,-0.04335136801918743,-0.00016538757970974496
1.4708770156219992,0.00593788604061244,-0.004156390672826523,0.013929141320201208,-0.8841319170674138,-0.0071436819780497166,-0.0007406057523522778,0.0029583275905640857,-0.0026392801233561178
-1.3201824911420807,-0.005311038717313643,4.3962452839130215,0.015068237833660037,0.003831179449640218,0.05830520833378351,-0.006961299334850211,1.0283795535806237,0.06512363283700917
0.003348537579914275,-0.0026142215947556613,-0.018647642497084393,-0.001608051038017616,-0.0017335423263568663,-0.0022297885915732313,0.005424602548345439,-0.8398159193285588,-7.8199978022372765
-0.007907030000712632,-0.003860115726543719,0.0015748480731430472,0.022955560535370154,0.002764007682724397,0.0033365067880218274,-0.00048285231993056693,0.007217718307363183,0.019944998906526706
0.0016340657557646903,-3.645366843100914,-0.01911953266061553,5.3211445710238205,-0.0036163917589070727,-0.0022967830336614943,0.0021439954016980595,-0.0015041548497718193,-0.0014055991190799616
0.0032942800199623323,-0.0006478380247616786,0.003470889988281784,-2.685921701323972,-0.00318151081067633,-1.0174871751449304,0.00416836860490373,-0.9550781878626845,-0.0005563870059197631
-0.0022048271885204145,0.010783600047129173,0.000158233863328857,0.2031311631781717,0.0020408067810212954,1.207153239477138,0.009088143542137883,0.008115587260905206,0.006562845166989526
0.0026684422843491254,-0.0034375774361841503,-0.006387766038434098,-0.03446494414889543,-0.0010161452794692188,-0.0026240513105041034,0.0008589332954120107,-0.2802480575306557,-0.010158751612490958
0.003003103586596131,0.011238301400964804,0.0017355878739304066,0.03413265246913849,-0.0046845092101438935,-0.0011696566379612503,0.006286969489434424,0.010129120855441424,2.6029248293685194
0.025017798367746084,0.020694513150932098,0.0016853489097020356,-0.0022394512617243557,-0.0019557323826827067,-1.1710277958997595,0.005003051272486576,-0.002708704348700809,-0.0016481417744830563
0.0013407811282815027,0.011178540378046886,0.02441555570146948,-0.034606160192725596,-2.472798907295413,-0.017497698041032683,0.038605909983015135,-0.0037797055033000557,9.156361896846873e-05
0.0025740787809725024,0.0036091719702325414,-0.011050483149192524,-1.0567944336427004,2.832479439211426,-0.0010853489180891254,9.838784865480178e-05,-0.0019794739081931524,-0.015990823597263563
-5.992793341508696e-05,-0.056850352978284335,-0.02825967333971462,0.0015678159409961458,1.095283151668947,0.0028464906706904183,-0.005591665238129483,-0.020570349756015793,-2.7842785626886117
0.007210978635348253,0.0026913389751062056,-0.0030444882506714182,0.006092405773637753,7.12357736403528,-0.001036322670751294,-1.6477254006738682,-0.0038880897800850633,-0.005374102905277154
0.0013555946577767184,0.7415927719769089,0.009630625687686488,0.0644646147456782,-0.05290780790392342,-0.0018325188520767755,1.3411087279636937,0.009743948449686568,1.1319903326717928
-2.5372984345712517,0.0038592331473544803,0.01912870835678608,0.010897735752112482,0.0064659732066794096,0.20102778795332948,-0.0034873769732229817,1.654793206674426,0.14102367627897605
2.6652156597064485,-0.004464965152246744,-4.528558374697175,-0.008859852446437866,-0.0011421684414959082,-0.013946032331943126,0.0018344107336635655,-0.1439192845032697,-0.018817637107055446
-0.0002075663442500028,0.015239302131290627,0.00547140444570022,-0.002307648008584934,-0.3484566322471391,-0.0025732056364291614,2.5954914332553782,0.0025334530731437165,0.0020238128478998734
0.0024970084058384802,0.20016155406605182,0.014526488346909927,0.0014115683686029422,-0.00792529479703414,-0.00231568712316075,0.5066311109456394,0.00016032888519635833,0.003754441205508945
2.533235456586344,0.2330303751250673,0.012430023578292761,4.13211553180867,-0.0037367285092641603,-0.0037101038275384884,2.6391574794159673,-0.0010971237736667125,0.01362126901121552
0.04086753372030394,1.8398048559220757,0.018540279503875663,-0.003942454437278546,-0.009426228286916617,-0.0802481952564395,0.005270218167473872,-0.007184677450050995,-0.001980207625278489
-0.010527572319673311,-0.021115718632761397,-0.041518449923418035,0.0013599818743912475,0.007171062348083762,1.341342034825167,0.0018377202239788504,0.0019569471839048095,0.0009905468250900763
-0.001105595063148574,-0.018783698916384317,-0.001726172866237404,-0.0009243285939367187,0.003864779366395712,0.0010499295124060289,-1.1553104811652557,-0.0015046677206356452,-0.001726019370024881
-0.025565791967037267,-0.013883576531915125,0.004013031892270246,0.00865829136120593,-0.0004984687640265939,1.0217939292704148,-0.6680658845749172,0.0045542041378549385,0.004842798820089053
-0.09099746152698715,-5.959038101906892,-0.02911332890052843,0.00025618863481357103,-5.51988740604058,0.004413026004131626,-2.21475362667712,1.814783513557903,-0.000557659504982759
0.0035231252991661417,0.0038047428467648343,-0.005109986430639003,-0.006864593938566604,-0.003138697689564004,-0.0035035057794082346,0.13578332117066172,-0.0031220154451851528,-0.0017240582299786944
-0.016271638501459344,-3.214591468467013,-0.0013928640427493533,0.008775850479876706,0.0006642859748384536,0.006820498088881171,-1.3735214828981954,0.01035902586277984,0.0041786466422440716
0.02306007722062338,3.48587064531106,1.4046440176318624,-0.005863363137315898,-0.008771143458167346,-0.015318445290565197,4.952771664520224,-6.088232594091881,0.0044115794319642965
0.001275924709737646,-0.022427468445707206,-0.013306319435958206,0.00220546747266438,0.014822532905564435,0.0021952651904429367,-0.8557135343862916,-0.09794098673496038,-1.4314210360002186
-0.02157049032218155,-2.2282687307298206,0.0010327098226604273,-0.009865993966335118,0.0010930367940991288,-2.3478025442277985e-05,-0.00348371037938385,-2.508031486747094,-0.002209130866433401
-0.01633763633935577,-0.004768630294793339,-0.0014450441130780711,4.514207882219997,0.01139160162300273,0.060302570671008054,-0.002227258017310713,1.3883346719291758,0.005900051256877016
-0.003318295396085075,-0.0002021128645296119,0.06747231292220249,-0.7756424789874061,0.03953337573870652,1.9741885053555244,-0.005631266261484219,-0.005167030734700271,-0.00046028649969532057
-0.005760354130115067,-3.2219306586399057,0.0014690810786346861,2.881354466345467,0.011279316422762864,0.021015675264854455,-0.04128455592240449,0.0020302841928727844,0.001565076663551785
0.006995676365207704,2.6108078289708843,-0.002069395132240734,0.005037670832568994,-6.193817776220477,0.004683589514278497,-0.030455772339165077,0.015585940207411109,-3.223637926937899
-0.00041018506608540665,-0.00955883231950995,-0.02930439853657567,-0.005914631926290248,-1.5502990369631569,-0.003534185662332684,-0.0015024418778560138,0.0007279267883506055,-0.002972667618992098
-0.0006459406764427345,-0.0018504226045266017,-0.0006270940760812866,0.332691548829721,-0.0030704613294676173,-0.0005181888996362055,0.001863734449589827,0.0018183968519756358,1.6556912621120832
-0.00028953440406429,-0.021706454270130793,-0.002889642734404657,-0.46582630310979734,4.70581297116279,-0.0018576523796304256,-0.027338506016389243,-2.2494758064669895,-0.021277530077093126
0.0012833926997147095,-0.0009585518552081871,-0.0017374909150350152,0.001157040784691082,-0.011650972294738385,-0.002836494270954823,0.002364641435219932,-0.0012716443976742643,0.0006095497026513163
0.001641238032672538,0.005143183297542214,0.00042772389474914074,-0.7700190483909449,-0.0027414557697487962,-0.9829384730512994,0.01988522492953644,-0.0021876180379946314,-0.0002738387890568895
0.0030605224977201095,0.03623900330683765,0.004691162140292311,0.0016303797518060952,-0.016260011636557742,-1.4068896611869466,0.007059634226929429,0.0024710620274259036,0.0020833141580744053
0.046075249411926214,9.044871735458374,-0.0035544458388578754,-1.360993451096499,-0.003107783618837401,-0.008936578336056282,-1.6585300472632403e-05,-0.015622417993490241,-0.8111835391705714
-0.0040848700155625365,0.0020719803352482677,0.005406922620209737,0.00028532516423573787,-0.0032399298477108172,-0.0012610336745240468,0.004442007296190913,4.567741041534584,0.0178345688276548
0.002370836915921902,0.0022064146758281056,0.0031520736288068525,-0.006156895677847822,1.7354881557275517,-5.432497473548126e-06,-2.1184614581974612,-0.005227341021952724,-0.004693134532318462
-0.005316719638102235,-0.05028772855383323,-0.009811896017717337,0.048211786262464466,-3.5217755138791236,0.003501311666398693,-0.011532056261087713,4.633357280912706,0.002811842301552875
-0.0016015081374994937,0.006087351837769881,0.003999974732216767,-3.574580932648672,0.0026083866407811806,0.0014534284501502548,0.0012980177794060944,2.285284701672421,0.003228365686757219
-0.006912297500884195,-0.029319551610296157,-0.004909288052048734,0.002251032247489103,0.253438493062723,0.02510328049440947,-0.02371637737496778,0.0019237020187748114,-0.00023534167071456534
0.022167720070536932,0.0034653594660806492,0.00043153295523469764,0.0005756104296593724,-0.0014061890435622566,-0.0015828311590028606,-0.0009571758745128434,-2.7171247172393027,-0.008018140471574543
-1.9192794005631526,-0.0033502692231180773,0.0007827222915685918,0.0006809490021468111,0.005150802173558379,0.02146276638893158,-0.009007176567460279,0.007231368810446952,-0.0008516660990558408
0.0005883484867230341,-0.7787747820691693,-2.7284451654725728,2.9167238622889635,-0.0025329231110477984,-0.0033498194487180596,1.961808127879664,-0.017806556322605308,0.0026838060231370933
-3.8167868883393595e-05,-1.4280476944704197,-0.011185459103068993,0.009943920615771377,0.017404486349022003,0.760191662948797,-0.24097971333960122,-0.0008591811375674588,-0.0030924588562304717
2.6903607214361287,-0.0011572179363586131,-0.010442935971063359,0.0004654384525684438,0.0003490334567399951,-0.0002034604638310943,-0.003361857185511047,0.00014858940241974875,-0.0227959878860836
0.03834232705361773,0.015970149852229984,-0.002821826032605561,-1.8662141374513963,0.0006841097490684093,-0.0047362471283465615,1.4556262743548833,-0.01328370798752513,-1.1824879391012049
0.000687472009026747,0.010184534319200234,0.009947024365519043,-0.002371522262110873,-0.029909345972972533,-0.0038610474117075164,0.814202185507759,6.69908567494733e-05,0.0035068242707724496
3.436365196622096,0.047172227576404276,0.006644690445732425,1.0687782316478635e-05,-0.006790606466767098,-0.0021840492543276774,-2.418079850759761,0.005541704320345184,-0.006420004787297456
-0.004253759561603481,-0.008287076314588564,0.04298337476031447,1.8128990153934257,-0.014675191529999077,-2.8627269069909946,0.004323192049230595,-0.005631865598042763,0.07224672174283657
-2.1485722646380063,-0.08793707244677765,-3.0023560682891883,-0.011392066545137771,0.01952798221062904,0.003270999306260923,-0.0007188293663241696,-0.0049376675037335945,-0.002940244463139346
0.003861423817803803,-0.3245272702406741,-1.4603139868959485,0.0035843974264981133,-0.0023646793108794417,-1.3330842936037186,0.00159583526234882,-0.011497659270493087,-0.0017252106888817204
-0.008708418463502232,0.02303959005081027,0.5673418201532474,-0.01233904955112957,0.0052874206457498175,0.004810840152634666,3.9086966600371875,3.8717301766754124,2.4128592601978553
2.2288854299279124,-0.01081729476301899,-0.16807638885149084,-0.0034976004288329527,0.0018234862631822737,-0.002424686331945168,-0.0003552392570010006,-0.07118499590869042,-0.036112823444854614
0.0006479191620885037,0.019299792043817612,0.07333788687278056,0.0024236973821471107,-0.3898678309697047,-0.002676393440108312,0.009908763948846431,0.00505945790163953,0.9471241121396259
-2.331476932491577,0.000964427047422306,0.032124572249002656,-0.002711177531760308,-0.00012114797631119362,0.0035776919890645187,-1.958895860072491,0.0019400542437058022,0.005725614229537965
-0.009345571715134912,0.0020447532634931143,0.0007575145295419666,0.004653378940457437,-0.0012356992029151914,2.6177905875001177,0.016550183000244356,0.006235595072552481,0.008493850982170363
-0.001624482572893304,3.353495969262374,0.004940262345652771,0.01432501310077182,-0.00026047786528223676,0.0017488839122111032,1.2589392509728725,0.0039584940404423,0.008717205853928203
0.019221942883783344,0.018801479627461135,0.09263828848245931,0.0046793147882224564,-0.3517884859200979,-0.028467487899412655,0.004011424501716765,-5.760379137724793,0.004050611256132972
-0.009238908332689439,0.012050840778370462,0.008505455219526472,0.005815590418910924,-0.0008878117222126808,1.0062275883978877,0.0022901731467326256,0.03965552873749211,0.008890547254564767
-0.003459437486219577,0.00010950921581268352,-0.004067287940175594,0.0037563127416703397,0.010520111413997248,0.004846717145630446,0.0016182692046110333,3.4824576575504427,0.0035691778093972226
0.009725032348811734,-0.0014332781141481801,-0.027247263633256906,0.003060405304988632,1.2206772717667183,0.0015188585715997377,-0.003331948491195645,-2.000230536381384,-0.05076714250077674
-1.9841013662735563,-0.0010539903232136918,0.6769699737457585,-0.0048926270876935045,0.0011078365478733102,0.0021162668080544128,-0.003392076007247115,0.0006017631604194365,0.002610908275585109
-0.021327228003131853,-0.003744547062895633,0.0069337655093012,0.05803379266651919,-0.003645756979331616,1.2758525937756726,0.0004693075065302643,1.6930223346944238,0.06766101244563144
-6.941159290280518,-0.007395859355117119,-0.002134280737542904,1.7842738294717717,-0.00040664297589855514,0.00018270647734009067,0.0022831687373018883,-0.0011610042970924225,0.008961648398537608
-0.04795655768150425,-0.020962258408790735,0.0005837762925364284,0.0045988328787534664,0.004850324339659776,0.01420361564060732,-2.673810361929934,0.011063094510648758,0.008157978424387551
0.0035510488821944614,0.002229748644909024,0.8043711276269117,-0.016353305064566122,0.0009282255753250701,-1.4761304280887417,0.0010959716118752877,-0.019025681418516398,-0.00044748461990123944
1.500762526403821,0.0006764541419306455,-0.003116603130344486,-0.001987283964254385,-0.0010629874152462433,-0.0037561894202976895,0.0009116752106377093,-0.011152921458959407,-0.005556724022520394
0.007183830310809588,0.018014227231959327,-0.0002052247985814791,-0.0015086470126073521,-0.057295966324551,-0.45804316060314587,0.007146599280052821,0.0005875067403276968,-0.0005639972293021646
0.015545537857268013,2.3315644121908377,0.0027549600761859437,0.00019208800144200698,-0.06919311582129152,-0.024468850046380834,0.014246714489513914,5.892694317088003,0.006129812976772203
-0.9863798759567868,-0.009014987049038005,-0.001182119951310351,0.001174211577211271,-0.8897770568468519,-0.0019423103071436396,0.0063433061260578785,0.009091599736467403,0.05394303324858181
0.0038436823923910617,0.0034302869035379574,3.270244249544151,0.005369066443066282,-0.04627785346677998,-0.7486567037468096,0.009746838919998682,-0.0033969626569073617,0.004146729071290498
-3.9676319361906907,0.00885908702168963,0.013824270534078306,2.9416443097155023,-0.01033492378689066,-0.0023804072563740515,0.0029908048199972018,0.05861010116159603,0.09379806714613959
-0.004252058306740026,0.004339123683651889,0.004919662463050714,0.012581994840550814,0.005460819418135629,0.9586017771166697,0.005459492751489527,0.0033295012264023187,0.008591298942255625
-0.001195743945354391,0.005318393587630588,0.9642083616198639,-0.0049930487384651934,-2.419051450309592,-0.007618741388381561,0.007371107053320986,-0.0020428737308592,3.107592317985908
-0.011075164543802692,-0.05414264586226139,-0.0021257166377124386,-0.6499139763285964,0.8478417487340623,0.006049889911260684,-0.47170126396634493,-0.0028464855362485067,-3.1227355164635453
0.0008579582919352258,0.009968640562942287,0.0141482414306461,-0.0002958001224247619,-0.0025063442553174193,-0.0007294111993074811,0.0038564371536512704,0.004413598212667579,1.9611688217136076
2.89297451316183,0.008489364119693317,1.2789856259647552,3.388356152284188,-0.03371476426867247,-0.008701726671957032,-2.8574662812654466,-0.002992008181692235,0.0021932295311298255
5.029731721539407e-06,0.005321249151730367,0.0016492396815829978,-0.0001030335870961732,-0.00605622107941527,-0.0015447409158063378,0.21921816675880246,0.002270275500913937,0.005849787340192472
-0.0020533992069954703,1.378194026922807,0.2929324172067987,0.0126674786131839,-0.0009042896166815105,0.0015044699167257422,0.004022133518490945,0.008876887340842543,0.016508351200766144
0.007336649296105349,-0.1511279625124211,-1.7175167899503903,0.010773712784160734,0.004303843522796359,-0.0005892120304298587,-2.5867303115594753,-0.05171332600282762,-0.009173616255524132
0.007409508570811307,0.003924417172348725,-0.0013761463708406771,-0.006167800766349819,-0.007077554273188521,-0.004938756163264889,0.0008682124478365916,-0.003977344248430053,-0.0085478209047769
-0.013099190608012679,-0.08510360551502416,-0.007665062046554642,-0.0022950298968759763,0.005997505268057063,1.7525504778010565,-0.00353880005305951,-7.645683568649909e-05,-0.0005209848855455383
-0.8994708871941831,-0.005676799143314272,3.83810480576092e-05,-0.0011535907158246122,0.009625138875829331,0.020220579789963,-0.0036131609252570635,0.0038130210016424364,0.0011346963779373439
0.008080274024096919,0.022758527194613267,-0.003430703454512421,-2.938182316131171,0.01752267937558516,2.406885709484941,-0.011063372693205925,0.0050612379228641285,-0.9639370500678646
0.0031090758977096664,0.0024128836532933406,4.055754501616389,-0.0030540462184987967,-0.0003049952656521415,-2.395706252729383,0.001514251277276446,-0.004404932857286853,-8.936760209762515e-05
-0.000596447918408716,0.011541876748746457,0.014612411837320713,3.2150178895929025,-0.010215323765010793,-0.001207020494424717,0.0037365284515550874,0.06194767913724689,0.03481139418409979
2.1573530461444293e-06,-0.013663974139883125,-0.0054935319516156945,-0.007493011040379428,0.006248051005182491,0.001248278720928342,-0.5616493581812373,-1.948716776043696,-0.3145287032518451
-0.0019596246524549526,-0.005841423364598103,-0.8475887028035938,0.0027286784675821523,0.021622276638371084,0.0036810172090757367,-0.0030339963226526773,0.0016678376071200818,-0.0015063901902171335
0.005997563733824025,6.845535650902898,0.00983359106225297,-4.047010802610222,0.0004190463677231082,-0.001210471206650187,-0.017086313808241188,-0.004825765536913578,-0.009668922367494712
-0.006913040199187027,-0.017912406569953687,-2.1346498540017684,0.001506292241693961,0.01637651887124098,0.007987776849674527,-2.7580873924802782,0.006208874923783392,0.0024548606072256826
0.0012147421605684526,-0.005838879219450588,-0.005167737740662605,0.00026113928170042825,0.03621711030936743,0.0025686139300886007,-0.5755863263261756,-0.008369628728421034,-1.0310325367657078
-0.0012658170505945865,-0.006660592091389337,0.004599675502567153,0.053512854778711955,0.5574755040491803,0.0051315884460259725,-0.0014113572664528437,-0.016678482525401633,3.812408257903206
-0.0033287817535788172,-3.1815929140328087,-0.02338250183459893,4.155797808500348,0.012155773470469061,0.010846729077797365,-2.677538229288599,0.0038480994793371704,-0.000575233321269757
0.05532007119831664,0.007861096015770223,0.016907963211877777,0.005116615751378099,-0.0041331522120961195,-0.8773276316015788,0.0038798423513332556,-0.012039226055388774,0.0005446948697984703
0.010467794572471108,0.002488442428569833,-0.01525175064317548,-2.6542368580369455,-0.005319317575312267,-0.009876984273544227,0.00795260545827016,-2.3139999560195488,-2.275470415058723
-0.00041330697254992395,0.012886144892914588,-0.0046786304274502935,1.1410703813177314,0.0017382319166551474,1.5598033720187992,0.00768584355924036,0.010701510662134055,0.0031877071095546827
-1.315310841737436,-0.01808570918887842,0.00579025640998049,-4.827946086938239,-0.0693721808605045,-0.008856246895914244,-4.137092631582604,0.003909593220277206,0.012668105548933217
0.003698456032398606,-1.766842018027126,-0.013849912433457113,0.0024246081080052857,0.010163187976056358,0.0009026701361410463,-0.34754721386571685,-0.008739691937248696,-0.010215517264498706
0.002592415780360344,0.01144099635017743,2.6181087903145333,3.627589734257648,-0.09444205156984985,-0.003600756326402511,0.002723827345226263,0.0027288496823551474,0.005856979405880418
0.004194471775944841,0.24267874731464723,2.0098957808676525,-0.006346556703936468,-3.5256962440772917,-1.3787705727362827,1.0838904552038997,-0.002343266709540659,0.005207699234448238
0.0017875096477243523,-0.002392545507340926,0.0008675686711701355,-0.0021275892538730364,-0.00046048399018177986,-0.0006228555027663663,-0.0052788181608635415,-0.006976882073743295,-0.005717447544864106
-0.010291722810336027,-0.004472100937732593,0.0020894724554840075,0.0013432860207012306,-0.094642910645951,-0.002971107728407564,1.6504777143630132,1.840326580086018,0.09893498766180114
0.007549804303569254,-0.004712451683076777,7.97835928461818e-05,-2.879751698929949,-6.054944311614796e-05,-0.9915399681959074,-0.002129936112869435,-0.05436800014125322,-0.006522538863148894
0.0004827629703287391,0.005285581676279159,0.01834066214676318,7.053403092373243,-0.008884456262639936,-1.223795370162537,0.03559862076019496,-0.0026909697618580568,0.013372649938676179
-0.0031462075688812874,0.03095008510233696,0.0002926882375866909,-0.015912119817222348,-0.05585721570523905,-1.5257883451966805,1.4799897079943598,0.0216395004197929,0.0016427915232350796
-0.010505100466417935,-0.002233164538199682,3.7506036136061134,0.005134353917815582,0.0015957989930851083,0.0031257054213827034,-0.0053801814120463575,0.03192311574075221,3.0573178959544336
0.003533305107461887,0.0038582120060349223,-0.0016989253196698154,0.028070539576573517,-1.6976627163913456,-2.378914292828126,0.0074787897146741805,0.00299818059938714,0.004054354709461146
-0.007430984703048522,-0.00667508980189754,-0.16533613696398428,0.15671734559239117,0.0038545269909292176,0.8156392047119001,0.00283598432296351,0.010134564450738523,0.004015482899811436
-0.0014501500478614647,0.006292277950283268,0.004847268111753099,0.009351568537802024,-0.01009329085847931,-0.0007708727942638501,0.0058466305448120585,0.21750689278431068,0.03437093175629129
-0.41906473291386165,-0.0038756395769512925,0.001219291783580565,0.00451025835284971,0.0005967833927232376,0.0026255633855276806,-0.0006783416686930522,0.030345738584008627,0.013149970774795934
-0.7507477090673219,-0.007822705928933187,-0.0036583110329161768,-0.001986997467285176,1.0957212309011666,0.03372749193644098,0.003989367186466686,0.004527620133947232,0.005925723574199403
0.8878279331212968,-0.0062702782409246845,-0.25176262326836274,0.01984107002545538,0.000489997489889555,-0.0009687654005736808,-0.0008182694150743932,-3.3764119620156627,-0.01674843339702306
-0.00514646033263242,-0.00026509994732444586,0.0026312445592813856,-0.03507598949162842,-0.030841639687187117,-0.9737350756746723,1.7513514566805775,0.0014609721399425207,0.0027828527472166823
-0.002018491081686162,0.005682241294802742,-0.002556983444536179,-0.006806090402953217,-1.5481584274504125,-0.0017205595180448674,1.7652485367049398,0.005599874334292183,0.0009539457898635837
-0.005424234870487655,-0.017860585421467443,-0.010316923784166923,-0.006561663758611028,0.554547836975761,0.006163360701586514,-0.011614715236246657,0.001421251299796612,-0.002563365139916124
-0.010413224312082723,-0.009885575060487293,2.588277088986683,-0.003292736193812343,0.0016482944925037442,0.0007182351766508964,0.0005442446123695485,-3.5951529398044353,0.02449415776064795
0.00043815891998327556,-0.027436636535376556,-0.004310291121051319,-5.097994767174644,-0.0018479297058968946,-1.073522264021864,0.010259319261249178,-0.015004324594487103,-0.000254176607336086
0.0016648468065311984,-0.0023338723154389517,0.4424312555506161,0.0006833351273968155,-0.23435018987272427,-0.8469268634659501,-0.004897827601982006,-0.005031796496302147,0.0007617792843051009
-0.17767185522992013,-0.047233155325032736,-0.0016064073613285823,0.12795308739479805,0.0008082582816982264,1.1452065664316604,-0.010878900203839387,2.627576740835531,3.068741038272373
0.0035030220168781765,4.251762919894329,0.002418515553567799,0.09773987029073791,-0.02318075269225031,-0.0033802126848589418,0.3205337885084081,0.0005514565472476338,0.00633414046142673
3.405831266304042,-0.002594824904576687,-0.030834428849446902,-0.01631016693260093,-0.0027045030648339963,-0.07178025495502816,0.9998318389313585,-2.796148976577638,-0.018647948788907798
0.00043822004136556984,0.0037363367295835236,0.009674571191543602,0.003930805688041722,-0.004132362718990001,-0.00116038927520916,0.00698049897271696,7.440205298862293e-05,0.01038522715211491
-0.0005013622039515429,-0.004624376934447021,-0.00010578246844878764,-0.14013761333043348,-2.583657727262597e-05,-0.0003820532521230871,-0.005728245075665257,-2.177415588357976,-0.012260800759789074
0.002748272972248216,0.031002739920820012,0.013825082148777968,-0.07280350564194499,-0.008006539113930407,-0.5787162027556759,0.02012572525582909,-0.0015406068122686817,0.0006448878582476624
-0.009620509023586465,0.002990080346974254,0.01965068998266566,0.0015311861172454394,0.003828492835027099,0.010881607526838893,-1.4123405636648543,0.020594306960428133,6.880723369261699
0.0019236109160097725,0.0013226767305445156,-0.04458433849330222,0.0015667840425771483,0.009717146267885154,0.008485226368527617,-0.808164130554654,2.467711307631226,-0.07076855762304785
1.6343977200861373,0.05594267849105028,0.14744048754394184,-0.001689012613791072,-0.006857158712651103,-0.00829041863349334,0.0037400461646488123,-0.0017552035733378127,0.0023369394949757805
-0.9349194623317633,-0.0004168140645316801,0.002736347646536711,-0.007442927959182373,-0.03460517049321709,-0.0027038344622891397,1.9967345327019095,0.16929967049158876,0.017510126499353962
0.0009741489512274629,-0.0003234028232260908,0.002100399791398538,0.002088915030155313,0.004409977156695391,0.001312576499121762,-0.012254098146554818,-0.002085626490674762,-0.0040986151072782044
-0.026291450385481918,-0.6878896879360155,0.03554069180258486,0.006388256764609732,0.03873652891815302,0.04288772093497589,-1.1894515065427382,-0.009748722186891726,4.078959188275609
0.00609319473838181,2.3186266722660127,-0.00024865922426290515,0.015520339420036167,-0.0026200885101756374,-0.0007960899221991953,0.009165935031039914,0.006532315805508837,5.726996093055192
0.005859132868391155,0.5707531518637734,0.006746243360570449,-0.006124560914134202,-0.01392462733433691,-0.009741344654060704,1.2826717843997462,-0.002692877462076382,-0.0015239032269302425
-0.1193944683353159,-0.0242056136976588,-0.0017618794324608684,0.020878271027587443,0.009705779079642152,0.33951551353914616,-0.00456994244165183,2.8011500820496607,0.008624396356381778
0.00786841647350419,0.03622199272303536,0.0034808768337269156,-1.0485566604010705,1.7532033285533866,0.0007582006452290235,0.0034075257003911576,-0.0032046054402620205,-3.499668461199981
-0.0034221991831086557,-0.01983928714725938,-0.018672105140441347,-0.001101398279555458,0.00909467318948072,1.1548204240283417,-0.011375529024268333,0.0008791514866596051,-0.00331567580664936
-0.002771025306593927,-1.8364766716246526,-0.04708441778746779,-0.0022432628540381347,0.01647768724792051,0.0024490632604464877,-0.003907698555791601,-0.008898945523404977,-3.7840278575903072
-5.499821568606795,4.542841755406265,0.020800046890085536,-0.053495158593549835,-0.0028034722344019367,-0.002955693180369412,0.6292169723159171,-0.0011533893000410037,0.07856422169955835
0.007593752903605949,-2.880134329937924,0.0036879323358328386,0.01886163992699586,-0.001582287089503892,-0.0021695954209412505,-2.3448956149878475,-0.5938473061389988,-0.001078423433064888
-1.0911225085248122,-0.0017511399386715633,0.00281147903266926,0.015128044217595608,0.0013765596121763785,0.005259873684930563,0.0013895296063932217,0.012016606774999364,0.09447974613214676
0.001418079544140455,-0.0012688090160645343,-0.02139987907778887,-0.004544840828602753,1.1047149536615144,0.0023944714622251145,-0.004084926563110268,-0.0009420996185901809,-1.2316393602663909
-0.03411046245848823,-0.00410073623745827,-0.0014478949374020075,0.6548139030997152,0.006501325450594897,0.18135406444548058,0.00048627098471281174,0.29885677310403486,0.02913943138203294
-0.005934157094794287,-0.002910152925984291,-0.0473254173116152,-0.001540631653580155,-0.018933148632666874,-1.5934158038252377,0.08963237177156302,0.007271869529771087,0.0023663900021638953
-0.019913543311445403,-5.799446335316561,0.0120865083750408,0.011671869488420375,0.022872290839828002,0.5773080800699323,-0.00883905325251827,-6.814868493569548e-06,3.031876403818843
-0.05800855864517787,-1.198734691602044,0.00030383779441930416,0.020414624257968104,0.006471241534059202,0.015870787545586955,-0.002086886918782598,0.0037193314399057657,0.008683762815664482
0.00491341939684635,0.3798986800758645,0.0002443206887599971,0.014272576232249728,-0.007106317988411135,-0.0018013848321846646,0.47657535803673945,0.024610799379003817,3.4162508092337225
-0.0042081315965888655,-1.5505929985620384,-0.004120802174082477,-0.035582506370037625,0.07058166661154797,2.3650590257501998,-1.7218005811226664,-0.0058139779173762285,-0.007660845373131959
0.0065245298213292835,0.006907462898749439,0.005312282976910887,0.03223514607485756,-2.2108799356355036,-2.501622690111489,0.004142218298683935,-0.0009897597279132087,0.005444998509895965
0.0035075977138801645,-0.010795448932329643,0.0015639534802539966,0.05794746014241675,1.6763667332163834,0.010221347431598582,-3.788975848314858,-1.6374687080596657,0.0016337592435472365
-0.004503027114957859,0.0023972396109845084,9.252882440342105,0.006311948635863752,-0.01217434196225465,-0.001308380772725791,0.0038765246589748618,0.05996094562293527,0.03812053560406181
0.000750483859374958,0.01626115142120657,8.030155157867144,0.00472861521852644,-0.010652225326395969,-0.0022433411796267694,0.01799918644977832,0.02431203537757766,0.12215783421083082
0.6827432908841039,0.014329983085472134,0.0025962801245850743,-4.770727566814513,-0.009175182548034039,-0.4692242490581792,-0.0013312917018300022,-0.003952074235375885,-0.013332622662800747
-0.01364925532057007,-2.586102683843279,-0.0018429431373866816,-1.566799408300354,0.025768277670305803,0.006289099867457299,-0.046024892180571375,0.0009709734319764268,-3.554485787439293
5.292612370536475,0.0053056447719063565,2.2546175997439803,-0.1899715452515006,-0.0016111320368409343,-0.005507783746606397,-0.009392122774554243,-0.009624815351407776,-0.19549582616660444
-0.006169489651799286,0.0026404786272443957,-0.0013358265072155179,0.0016941098419154185,0.0035498321514129544,1.0695052350121788,0.002086288359012603,0.008357079141526594,0.002515725951566671
-0.0004927149696540945,0.005140916773904008,0.0005365378899159107,0.003991061895715395,0.0011073618162281426,0.0010394867850361603,0.0005577116786439876,0.007442245341219631,0.0016764909810736586
0.004721221242172421,-0.0050981806111533995,-0.0046701459552474425,-0.012959422830023805,-1.6989845083380066,-0.5613260575870416,-0.013507433893200364,-0.004424134799536003,-0.018585937007073297
0.0460952673174949,0.009773280192724602,3.1346580562763053,-1.573127157037796,-0.0016853854877532798,-0.6872934057370775,-0.0016753170960567138,-0.030875800717100357,-0.018755806475462843
-0.003306006786185525,0.0028672309709092715,0.0016609073923058177,-0.028095676777267875,-0.028074506066233768,-0.7868070227099229,0.6964599512213994,0.0019252695655373464,0.0026016398219888596
2.8323788564881007,0.0072796942039913964,0.0020721761979428602,0.06163610786692392,-0.004855984603079027,0.0013319653285490535,-3.281889778445003,0.003588172783286589,0.0034494044411708946
0.0025016545656233354,-0.006710460156285278,-0.026824818382689054,0.013629273186008529,-1.0508681722644275,-0.006238065860124941,0.0067835979427498545,-0.0015352526730787364,-8.233949929497305e-05
-1.2823448816904244,-0.02097827465882629,-0.005016667199791817,-0.008356576291590152,0.11630297157927849,0.013160966948757812,-0.0033263214156206387,-0.0015600714494944958,-0.002446422734639662
0.0025874415786896372,0.0027365899136750638,5.257105498769287,0.0006709178895452604,-0.011315872271640253,-0.008432082188189149,0.03335123096880317,-2.0643688744378488,0.011885407353207799
-0.0008041561083099715,0.0041534534825039375,0.0005426344421349332,0.00793575538058241,-0.0008618716157496153,7.444716784601514e-05,0.007587018683208847,0.017082959089279693,1.1394572514345194
0.003973151586011251,-1.0396542773637192,-0.4260610937352498,0.004914953007704087,0.010727961781809958,2.3085988200009826,-0.22593794805237843,-0.003311656011823722,-0.009142059699643101
0.005303854567216611,-2.074958602405073,-0.0025849572115482777,3.0682830530636322,0.9841458005318944,0.002154943595736994,-0.01984884222945192,-0.18305640408869056,-0.006499322890351312
-0.0011234634750195748,0.0032271674756515095,0.0190633026739027,0.1048696269176697,-0.004001823643082967,-0.000653994868485014,0.001002778485027304,3.415116519466656,0.05281626086114577
0.002574137753680804,0.017261630224845434,0.011236014406670035,-1.374387653580146,-0.005609080761652698,-0.005283535465271779,0.3559031274036111,-0.002339283921419133,0.0015968848394927702
0.004794714992374543,0.030666626156251764,0.012476584432410657,1.404639530378882,-0.7819279515954297,-0.0018321736612462915,-0.005577101626653441,0.0025259647283820976,-0.0006097211291343774
0.9983457781894755,1.4069661408723722,-0.0014784257972901525,-0.021700407583407053,-0.004480762053294771,-0.07808482138933442,1.8105154698730743,-0.005490452923234721,-0.01114133234119354
0.056710480274468344,0.0023649247329969314,-0.006041195216137607,0.004941712596893886,-8.684554800343705,-0.015447034997061682,-0.02015555527507264,-5.245052284932415,-0.0311941052186398
0.021216626887368577,2.1652154957033414,0.06091263767545488,-0.014870331227297952,-3.1634352117136775,-0.01638302708487771,-0.020623413362955312,-0.007574564665406529,-0.014311698005413289
0.019628091211632868,1.4430135803088753,0.06622701696534977,-0.012602160527876525,-0.002973745438291313,-0.0042974662588858075,0.0030410978012974793,-4.825723719764512,-0.0005263494789610468
-0.06344053514160386,-0.003399605277767559,0.0018405633951033146,0.003182035656348045,0.0011111386683045447,0.0073842365524541265,-6.504054624850187,2.0966768266942317,4.014323717448688
-0.01991975045130817,-0.0239924532262826,-0.03257072527095295,-0.010954293123319164,-2.6274395447389853e-05,2.561414718502725,-0.743722565132793,0.006681878865895607,-0.004779517145882744
-0.0009509867139847961,-0.005613386440502439,-0.0010142918563568436,0.018816611418015695,-0.0017115838868833576,-0.00041279111275986115,-0.00014511589700041266,-3.594476797088374,3.201979089707808
0.0022394308009840267,-5.928135490210076,-0.010548048870438614,-0.010637469907237638,0.0031430282760887412,-0.00025291748530545735,-0.048155550528985236,-0.0017315399062171127,-0.010721780230955845
-2.9429539818046706,-0.012230786029591333,-3.729906614571112,0.002768554409027346,-0.001736747110810441,-0.0006595861895059753,0.011607609160675297,0.002893937325342502,2.626781441608097
-2.3562474404787564e-05,-0.008613055893197857,-0.03080198609794607,0.009308612576305844,0.019585555165404146,0.0022975365788952752,-0.002199953726411614,-0.04119944115496829,-3.64892284500976
-0.03198469838720158,0.010089036327285639,0.016868764290806804,-0.043853939075266024,-6.408024798957529,0.003017022069560449,0.007917782834838917,1.489846867052627,0.014639823887232603
-0.0007086895802028475,-0.0011379205372861428,-0.027049394342342565,0.001436963856411151,0.0016127267338356434,0.0009770954266723896,-0.00012733583823610565,3.7950514925849226,-0.002758522255212857
0.0011113047935776036,0.001033151835244446,4.275471277708301,0.007881435667562064,-0.005057666349589907,-0.0019125559219789721,0.005845977664305402,-0.0029351213101358777,1.28505376253547
-0.009517048756129992,-0.0013892524345466908,0.004243131198926092,0.005679092104790631,-0.002302123845290327,3.0161843677756104,3.387104235240022,0.007114252347053138,0.03480344588559736
-0.0032631141434364946,-0.001040907504378864,-0.009678828119564713,0.5690757096408546,-0.0009483470311905852,0.0006916249618371986,0.003913298095909588,0.038389022353007375,0.010736673060328644
-0.004655212799306141,0.008899675490782612,0.05853730776333001,-0.011169718397048438,-1.1211984766280967,-0.002623793848797549,-1.2654880625005173e-05,0.34074972522746405,4.832124483592171
-0.006580206154700008,-0.0004586441380199924,-0.17442383375768267,-0.0059155234217962704,-2.0112910719864026,-2.201470713220102,0.01976971296644775,0.2072070832563213,7.223317311589456e-05
0.01316921714288205,0.019895707389022715,0.46005899223832825,-0.8717856726999955,-1.7768939780478856,-0.023725300232500857,-0.19193130608807135,-10.871452481767337,-0.0600271870063227
0.0045456062293291934,0.0032109493755134158,0.007435040555721329,-0.008046278452401807,0.0020792306139648274,-2.377047959328422e-05,-0.0012196361515950781,-0.5580091902025668,-2.6190077836700967
0.02502022503427223,0.005633756045680921,0.0007263716633762879,-0.006664440386967757,0.00047049409180405233,-1.3578198775015475,0.009050328214023656,-0.10103889457944726,-5.6547740806376865
-0.013510534638224839,-0.006801953900933229,-0.022196510077739734,-5.392359580738844,-0.01853911217709714,-2.695510172492016,0.005750892562880111,0.007526815762793659,0.0008758078973644251
0.004833362074123496,-0.001763125914969181,-0.013710950962037324,-0.0038405246952057945,-1.2215343238178562,-0.39674197154761415,0.00030984320054360664,-0.0021046989257102414,-0.005882575302216122
0.01711648779669568,0.02159176174563565,0.008576922882074275,0.005022273766528919,-0.014765287754011591,-1.429807521336746,-0.0011606459234569586,-0.00020981217647123409,-0.0004195240675728181
0.03779526226699083,0.6452176058351143,1.711283405909759,-0.00515542286955822,-0.009759671431543125,-0.044892419878389246,0.06862968389142024,-0.010504587420422403,-0.0015923402479990178
-0.014167076685930797,0.0007260264804682208,0.007205445219254215,0.010949973170586828,3.255594399349804e-05,0.8492307568024547,-0.0031175947135605384,0.8184980727712118,0.008807195836868037
-0.0054486881226294415,-0.0027267088330135136,-2.4634934849888275,4.203276032635049,-0.006564687548535508,2.0552286947844394,-2.6769316302162594,0.07978970576985289,3.15017317500943e-05
2.329531970060869,0.005128595485259423,0.011217365303749172,-0.04838755523223284,0.007610319271450838,-2.15126733059748,-0.01272169022839903,-0.37109003793756545,-0.706385407071024
0.003726098152249747,0.0073228244426186,-0.002369365524629047,-0.0018322924389862598,-0.0059304721051360865,-0.9881904045798009,0.03340371242476886,-0.00024746886873786337,0.0004916389748366445
0.006099964243460085,0.0032058048017240826,-0.004373717535320295,0.0028934155756089198,2.6674555438165286,0.0045215627883022635,-0.3469682062497989,0.00011252949820766554,-1.751911145266067
0.006572499631581977,0.0013801095097944207,-0.126998979423533,0.0027202695615568522,0.0021038191081038634,0.00015411099754382207,-0.0010869138081281645,-0.001316619715219658,-0.34285352025272037
0.017023448197828667,-0.0010764083671461356,-3.848642738936539,-0.014361660856737228,-0.00015733288269995788,-0.7580907040137173,0.00045476711008674356,-0.22222314832583195,-0.05924939678103813
-2.109769544825936,0.011061946368084764,0.026592355421714876,-0.0038486315684494324,0.0008509929982151235,0.004887717401847582,-0.0012134823231872496,1.1111938595334279,0.006683734297493839
-0.00543613329148368,-2.8313395367568317,-0.019153299345694888,1.3565895417163087,0.0021206532591210095,0.001014975779843736,0.006167018085851031,0.00024041051844461703,3.1739452069335345
-0.008419197220724204,-0.9069243748842688,-0.011809611238327897,0.09152144823561878,-0.0011130366661919189,1.5501962223110881,-0.0017809365790574239,0.0036675597512309723,0.002676904796131186
-1.4376186105636088,-6.697022668489231,-0.0016995842092271951,6.850554586158054,0.001261366922580831,0.004579414639524948,0.0015622399000755904,0.01416551741284576,0.014039555902125828
0.013655030086145298,0.009167837182090962,0.08340102396624713,0.00560166163794322,-0.02769864092939356,-1.100732341389635,0.000858815231771573,-2.333703428192717,0.002544259509917761
-0.9557878580971362,0.00522616723525663,0.03345762531709727,-0.008798329376367521,0.002032025861758241,1.0563111334407131,-0.006406921139068447,0.0112196689514409,0.002218317263746685
-0.006446104237318374,-0.0024987300410925727,0.008256224715473761,0.0072936895595024365,0.003035454001684052,0.0031586353511789526,-0.007842940722026933,0.008097915487868215,2.889016622385852
0.0003325740451242189,0.0031980937157299015,0.010983032749306938,-0.01128929848684354,-0.00034182599378938024,-0.00024430321643573443,-0.001012940564258332,-0.0007354013114916985,-0.0007783336867606796
-7.825548624403045e-05,0.015309202436886937,-0.8492318841644209,2.1350879287261835,5.3170737441643094,0.013496547093701405,1.2058695869525298,0.9422371149723873,0.002285204923736909
2.883305654442496,-0.00687984571092759,-0.017328932627549462,-0.014114143521929804,0.0016143794211910395,-0.00479969398690268,0.0004877787411315601,-0.7762776202154966,-0.8258933137229847
0.005976585793471359,0.0032605511390274688,-0.04216498088392387,0.010426452371927946,-0.006400197837104771,-2.9277946156800825,0.003987306743739788,0.0031004443595292804,-0.0009845962061294788
0.005662047674710171,0.0034005425105687733,0.0030163536316836926,-3.713984921289174,-0.005633789998058872,-0.01747210357890211,0.26298462583131665,-0.22061556764654577,0.000869618728011487
0.011609585128948413,0.02289039717993613,0.04181141912564793,2.941757210217788,0.5614453629821099,0.02057248946313095,-3.4200483374880752,-3.5446887402910066,-0.001111279139597382
3.4124747554964827,-0.0016926273911691296,-0.0051718403373618785,-0.022904076738515806,0.005695478116788624,0.0011737524541711748,-0.004778487133356865,-3.034819991713611,-0.0709643198866835
-0.00029450591687679023,0.0006577586004717394,-0.005562146922767264,1.4384286856073427,-0.0015370652649530168,-0.0002945905056724737,0.002744744460963502,1.8801506474597234,0.0056556902499932185
-0.00458821739421268,-0.010157965134277948,-0.004834413873396523,-2.5365168339831827,1.151465098712183,0.0027214985256108805,0.003718661527801121,-0.0005434698344610152,0.0013461393179309607
-0.8735180612912942,-0.010348662819287919,-0.0066486479157059335,0.07513500971582582,-0.0010929442504993055,0.0016111170347697492,-0.0005788036588048944,0.6484665800228351,0.008346945044739335
0.006396615012343572,-0.0006010074904317757,-2.9053207985830736,0.0007706146013121408,-0.004972380801642237,-0.0045459168570333875,0.0029493018447373466,-0.011690876835866162,-0.00392307835957174
0.0009050139033314197,-0.0017577882774925668,0.00016121709699007392,7.581651864785321e-05,1.5016322295777158,2.2273784351889283,-4.411089173081203,-0.004375823234178067,-0.002961327096444052
-1.9249597462380519,-0.0638071284417144,-1.183102716521434,-0.009802809263341077,0.007140565032704986,0.0050718562408146204,-0.010692744170619429,0.0003931913110227568,-0.010241878222068852
-0.008038665481964401,0.0004408915804183238,0.002104505792420896,-0.04859628947823001,0.007211752749502323,0.004930105250404658,-0.006097573762647517,2.1383294030781643,-0.0037034729151567414
0.008394965371875465,0.16517661200694447,0.007934537294624872,0.09595182851339024,0.019814593436508376,2.1218477133240725,0.12727890813751408,0.0008445912593143326,2.7156706472758505
-0.001233994547765488,-0.0016688113440675723,-0.0056394799971586414,-1.341316656765402,0.05985624710294546,1.6395026180946681,-2.02911541357215,0.0005077370207606652,-0.018985070659033543
-0.0004209147370873778,0.014704431297749503,0.00472976090248734,-0.0021695823995182915,-0.49138271262880057,-0.0024961131491193604,0.011752229268611138,0.006041671292469117,0.004256059703941146
1.6835268881347656,0.004296473854749189,-0.004941144455292094,-0.005970963765045968,0.0023157901080777497,0.00016357631504902785,-0.00209722825063508,-0.0014857659690846459,-0.05452025583246321
-0.0024730918090965647,-2.3524851916776557,-0.015216707244511768,-0.001442851346680258,0.0077856087671641094,1.8429699923370575,-0.007023221328416873,0.00010434294017524961,-0.0028472554653769695
-0.009572257888004143,-4.164399982582042,3.4814127519829423,-0.002179823902527884,2.2597619421949418,0.00199685717402652,0.007185955727626203,-0.003656794286158763,0.01493441922059234
-0.023898951887458553,-0.00236202595304591,1.9952717418654975,0.0029284774773196912,-3.453088251978931,0.00577862905123569,-0.0012648833469652253,1.3958384084218411,0.07072488584443931
-0.0013182442743420745,0.001658849675041973,0.003083076220979943,-0.004888319590560523,-0.001416015685566382,-0.00025570377645739266,0.001113568521917269,0.002364909562519163,0.0021792331014949245
-0.05849998327964456,-0.01760854756792163,0.010294719880613146,-0.001645894105578083,3.769715142180228,1.0431304014088791,-0.0017344454663174719,0.0012086045565342374,0.010379170616510152
-0.038868151805007974,-0.015293294827920852,-0.0012920064658009309,-1.3614206500657655,0.09852238058758167,1.4400457168877105,-0.0013773155115344438,-0.00027776639753681644,-2.3131420905184857e-06
-0.02052060018760939,0.0022156502088042547,0.0027248301979662455,-0.002009579087287816,0.0029617716062836875,0.0032625685394525703,0.6523142807110363,0.557448845027786,0.19488490344870463
-1.3101616281013557,0.0015965817064079527,0.008552093901997362,0.00012711818370408565,0.002871235966283546,0.006353759943703982,-0.0026355187028127905,0.4565009031522116,2.605130918100439
0.014658898115333953,-0.004737817020024942,-0.012125977435830977,-0.006335304674925881,-0.0019325206300571177,-0.6214884717162041,-0.0011232002944064866,-0.020684305279172602,-0.014595859971947456
-0.011587129192050516,0.0002785097536076031,0.009421283185184393,0.0020091437125098442,-6.2640097761640945,0.005407606459548631,0.004355648572797069,3.1313669523769603,0.02354527388482236
0.00024500163946324094,-0.00436994679431707,0.0036763758163930976,0.01031020583210502,4.145216949941743,0.0029345771100530854,-0.007396347378353356,-0.0011461419451408422,0.000849259368768231
1.1226980323711766,0.003731328361362307,0.0009402694865758982,0.005050865562232406,-4.235786397000625,-0.005379528921537036,-0.17228480876574093,-0.005371779027477888,-0.016391113249051025
0.00411789714164329,0.0007470555329226747,0.0019622210714541405,-0.0056785063658902485,-3.249497232254271,-0.05390456119075249,0.06627842912323044,-0.00999980256036607,-0.001069810568882096
0.06357720003973832,0.007881425867932734,-0.001410512628568423,-0.000994095215713676,-0.007519619356190332,-0.16015255703686065,0.09728808871764758,-0.009494892406357763,-0.0017568132288027618
-0.005790420853382466,-0.005514754360304519,-0.010600216733839984,0.0029110905543840715,5.78859255570649,0.9500048160261372,-0.009377004465085069,0.013400589194316082,-0.001144872499813484
-0.05633608760581515,-0.04534797268134447,0.0024056138607837893,2.8325107953326314,0.0027949612433466357,0.0032516388552879644,-0.0015586418856837628,0.0018423704173298862,0.18758546994885322
0.0025746642509152586,0.01778981751733758,-0.0019966790005821445,3.310878380902673,0.0003219504184605211,9.2581467664534e-05,0.009922608982740447,0.005128396658313753,0.003234006977853301
0.017322741665578588,0.01644128130169012,-8.803499474754119,-0.006393664863046676,0.010661189318840303,-2.0257776060504638,0.03944988005300687,-3.443225416092476,-0.006747464787168089
0.0007937136499600577,-0.0010498363674454544,-0.004498188134263411,0.02385052493668672,-0.0017038386910635268,-0.00032010920941303103,1.7915160621747062,0.00034990477101837615,0.0019039899717421442
-0.011028910979596816,-0.017690724170598027,-0.006265630758481101,-0.00402798516213591,1.7682934691437566,0.024859518597392133,-0.48997174635665114,0.006491379387609936,0.00018970774755357276
-6.467816875867184e-05,0.0075093398225225625,0.08712434862456944,-0.0006617148030188989,-0.004477498055355484,-0.0014435033743263573,0.46501614256346546,-0.00036284621971500173,0.011432504097281592
-0.011863096007721303,-7.500706737796056,-0.024003737794793062,0.009741700363391436,-0.0021431317373761527,0.0035208869522855945,-0.008688569237383065,0.4658727590479844,0.00020448691028202015
0.005297767291388596,0.0034198692939917535,0.0039050428336664085,-0.6346818320029974,-0.0025259583841581727,-0.005778931586110703,-2.980956622588828,-1.3538959081438802,-0.016047229362280063
0.056473442724691424,0.0236021004897028,0.001435597277998607,-0.012185077688660974,0.005084596523505819,-2.21771317600202,0.0009683421610028331,-0.0050992542601846005,-0.005597774216495072
-0.026367726642630082,-3.1396332966599894,-0.9132617447119395,0.0016559382504619932,0.00326886432142226,1.070613179614824,-0.0017743965950525603,0.00872388649691701,0.00044182203944995516
-0.5205159647710138,0.0021405600056351505,0.007619312134694642,-2.42811539220594,0.0008052749131594625,0.0019241057922738823,0.0007582295824961943,0.3537750622820503,0.014547522147137101
-0.007323713598170279,-0.0010668138757500049,0.0007201636378965534,-1.0667317430791716,-0.001124537112049597,-0.00020051687899486206,0.015412042531113496,0.003884488366548037,0.008580103228445024
-0.12125863422002874,-0.03541776956399082,0.0018450614697673798,0.0026611711931022737,0.004727214436899843,0.656270943211669,-0.011625411376329914,0.0017479702043938102,0.0026188042054531247
0.38072342435712214,0.014959037933960459,0.08578146405975023,-0.029278509851090397,-0.005578570324647795,-0.030194966583220677,0.0024017276688603206,-0.16263712464751648,-0.003652895441580344
0.0015582837988602702,0.003202594677675419,0.2945450702324124,0.006712911855363282,-0.005000139612700932,-1.823741121881692,0.6314077198237529,-0.005399077450305705,0.016590471983051705
-2.656708623038693,-0.021592915516368813,7.575021789423305,0.008207707846709267,0.0037013372704502445,2.2944664534565433,-0.002655973645346671,-0.0027027190030984045,0.016062864465615945
-0.004701903986397549,-0.0039712536468743875,-0.004408342093922678,-0.003437032876954556,-0.0013792613397119857,-0.00019740577020673183,-0.0025582136576210064,3.420057913199079,-0.0018201134031843244
-0.007815080264954609,0.029819128889625873,2.0069463648848673,-0.000615811157021322,0.004644296593231741,0.8971215333144749,0.0016756758853344912,0.017904974548462183,0.007060186017221439
-0.022400011606715578,-1.542352039209281,-0.12106547968241896,0.10355056079790928,-0.00037517507583955355,0.0015539613342602343,0.0033379137632731613,0.006398217443845285,0.015817130600908603
-0.0036460714378959425,-0.0004153640372376588,0.0018913572154748287,-0.04254163029952318,2.376019946426066,1.981395349492292,-0.851303059120966,0.001014911112556971,-0.009366922205370037
0.009006212091010844,0.0028624869211473698,0.0033445158583750093,-0.01086256342399836,-0.0044431833456885644,-0.6561419818802584,-0.0008143395533578707,-0.008974115165132145,-0.003917992423179989
4.1936374994754315,0.0017814288790871935,-0.10659457327027283,0.01504038028032724,-0.10920562525646593,-0.5115745807452292,2.6634307263791026,0.009782367845004927,-0.001882871885464571
-0.016699299940086905,-0.008768594949590862,-0.007232393917527128,-0.0016841184791050352,1.00890230482384,0.6811558542279226,0.003959384467631628,0.003975780633154204,0.003291582289564693
0.02770085393539714,0.0011132946546478692,0.0033470958051244754,-0.011762056774449713,-0.0066257520193168384,-0.7370823013834024,-0.018174678444583578,-0.23138082647452862,-0.847795359623781
0.002270969862019818,0.016283905994716373,0.21742233683603707,0.02231720461451394,-0.009442606667967812,-2.2576316857738483,0.04457419435358417,-0.0006724774447753367,0.016870760074361665
0.01292775496703856,0.02376247375686613,0.0013843303100715375,-0.003616834031527273,-4.021931844864484,-0.2686548709618255,0.02292771564769392,-0.008147778634541865,-0.0032474543935053085
0.000511646528483021,9.028749319913549e-05,0.0034634061655027804,-0.0038859831288232307,-0.0035900979124058874,-2.105822308029444,-0.00012351414268166327,-0.001619270529240378,-9.799773857109562e-05
-0.0054093243849371205,0.005229529894232476,0.004899644682828861,-0.004416440009142732,-1.5504848223702143,-0.0003589668482309946,1.3647886125897584,0.008513382949972394,0.005988660226407738
0.0009602127907725458,-0.012425775659367165,-2.0025294557707976,-0.007719120463976063,-0.0003865929840002973,-0.0010069052903243817,-0.002541964335225999,-0.008253494896310741,-0.016939558225122307
0.003476401228289806,0.0026405341202756344,0.002073113021395563,-0.004021040687991863,0.0019068375874622173,0.0001634201142828866,-0.002198367312876823,-0.006527999608129557,-1.5092500331973808
-0.0023263349052704352,0.0017188335359611747,0.004612424326766979,0.007873490844419372,-0.00232325428472903,-0.00040640458639837286,0.0021154929697890174,2.652770241395663,0.017433858639190364
0.0005610485655215301,0.0009819363554890944,9.177416026643443e-06,-2.919650338792178,-0.0016360467614044039,-0.0006088730911924812,-0.00207221865152696,0.001199834170241499,-0.004780836178480342
-0.014098101022822654,-8.342444989256926,-0.027331003698097073,0.011238226373656665,0.010901772262591397,0.010512102718185423,0.013912451112889579,0.009560679960774268,0.0073034135125638715
-0.005480470448126072,-0.018100011550997053,-0.007824803749205383,0.008757581913971033,1.4378927032771196,0.14478162345081347,-1.7565649085188537,0.005586498929195288,0.00255201170553447
0.0022674153615672987,0.740817742473892,-0.0009878824784441843,0.005752187175660398,-2.433200615552452,-0.0019746103630034345,0.01849031374319528,1.5137821149397435,0.003871411529664838
-2.6810191807102104,-0.013358440110566028,-0.01389639526504178,0.0024385128204474013,-3.2805307021495254,-0.0019091496983514311,1.2262130018859323,0.012485405698249005,0.012596093637640193
0.002089869504349893,0.00017556149427133683,-8.47337542230009e-05,-0.007225097722946949,-0.0031869589511121974,-0.0036934237443044943,2.688793147708735,-0.004496670707574837,-0.002191891582046122
-1.4405982805452413,-0.001523372126984529,-0.0011902387993112662,-0.01807954707247382,0.005679831955255199,0.006502617550453917,-0.023624557540239163,0.02593529178464292,-5.772112852627719
-0.0010902725453175808,-0.0018147411409321287,0.006292034612310473,5.211911287530722,0.0008305629656907166,0.0017781929109878386,-1.5289273545030417,0.000664003057823965,0.0017160012114453178
-0.006253681320067756,-0.0491945086592805,-0.0006383857863336679,-0.0005277047388899179,0.00448264099116779,0.002745721833080802,-0.8814735595764449,0.0010723538732348018,0.0006396722763510761
0.003657401210998402,-0.0034261777173027613,-0.0036206792720445344,-2.3963485110913183,0.07786522754605332,0.00022674646707784157,-2.339840409084377,-0.0228563596631352,-0.039868907113849716
-0.0005191476724132439,-0.01054209958598969,-0.0039496341524930395,-0.009461676945821819,0.0033724734135913976,0.00075497544554561,-0.1543324233237479,-0.002626022177315352,-0.013423083619418378
-0.014334475968388348,-0.08867122321145882,-0.042125825808431584,1.6449614670062078,-0.7361018208938338,0.0005951309773642999,2.420923269295293,0.01295897023256129,0.02505755368944572
-0.005541882931615068,-0.00848589777989528,0.5815972163671742,-1.5071140602139226,-0.0010927870017297444,-0.002474479926726919,2.4553306489340505,-1.612421500845859,0.012223323112909197
0.0028149795349302243,-0.00022162467124068545,0.0008414172155212363,-0.004809913403663512,0.0011036894514855648,0.00019013174157610352,-0.0031705087993047242,-3.4770556173988205,-0.009611622180472734
0.001965439793206258,-2.2365469106392586e-05,-0.03587703884563066,0.001870318646154669,-0.00015298206896080936,-0.00019054508343597422,-0.0007930458513725618,0.0008218738323540355,-0.006681176004393279
-0.029833359340737803,-0.0073393383643358765,-0.012265203655076946,-0.000692574041106642,-0.04401857385639396,-1.8150246242462642,0.1770122741740201,0.00904369133248873,0.005828109327652771
0.015437324341988731,0.004002580978303812,-0.004334184844795535,-0.008548082732675719,-0.009553772750398225,-0.3131337090723651,0.0010397244028961892,-0.004272965454733376,-0.010184806480524881
-2.7472793901206667e-05,0.011676304804762163,4.266724875912398,0.019987763686318882,0.011236209257303443,0.01426389597708215,-1.385911742187927,0.0042553334452709365,0.0014679996000130854
0.00924565764500214,0.0038295514297600024,-3.502469119956148,1.315614718699825,-0.00458080580187311,-0.0032959697717213077,0.29239864377160657,-0.004095994090124677,6.888830843661528
-0.000799771753906834,-0.0011258482962095097,0.0004046197288033239,-0.012899893870023774,-0.004813596937108161,-0.0025429144960092886,0.011105771005685106,-0.0038445747368714006,3.0907153240765233
-0.0022952400228661053,1.3068780044649397,-0.010049402338841919,5.349909667878866,0.018156176236123478,0.021866881811925865,4.209288974967126,0.03252884446779889,0.001454337442825429
-0.004357809846660602,-0.02192175330303138,-0.0006554748549745316,0.003480099818175297,0.6970817580106705,0.013780970352956293,-0.019328984032236374,0.0009088222756564717,0.0005524811197936286
1.8395718948851814,0.009100337188035407,0.009690846259457035,-0.004176351853242673,-0.005221478352283926,-2.0018433199768704,-0.56497120240999,-0.005720323035696397,-0.01360028629050164
0.0005838311903378656,-0.005189116460328256,-0.005201481845491403,0.004561904952114997,0.009754078185158945,0.0011206791351582159,-0.0005855516811015197,-0.009142290737419487,-0.001799751461391206
-0.025216069465718846,-0.041114911295099844,-0.003767093827629325,0.08857071254732729,0.0017744947113622913,0.0036494075636024676,-0.0061244697183479675,0.009244257166879629,0.006340659737050579
0.003971225384912781,0.004301684732933991,-0.011458223389530656,-3.02777484009881,-0.008998375636170407,-0.004692029198519056,-2.8373364382854835,0.00048674953760683044,-0.048399855645398976
1.8636857302349616,0.008911135096005583,0.0010118384182229451,-0.10240217305432348,0.0002558484147397143,-0.00231754576533863,0.001025178100157469,-0.004759871259285353,-0.007278548221703263
-0.01598931313904446,-0.0054773236134405805,0.08685324622015922,0.015087851910087657,-0.00758679277894414,2.367060202951663,-0.008347435868211406,0.002263747634373134,1.6921465853578828
0.0024775541864585308,-0.0019193638574796325,-0.001825233155407117,-0.0012721185546781964,-0.0014362312964431064,-0.0017672278788853578,0.0020292754253048093,-0.014360221160791675,-0.0016109163656430174
0.004840920343578654,2.2101444423336,-1.8733160259169885,-0.00992435189039884,-0.02910054806160156,-2.7548163041143807,0.00025284284325405304,1.9058512020567102,-0.009974200504816434
0.014733411585749595,0.001832676046010176,-2.2123164896819705,-0.007367516287642692,-0.007414872831658648,-0.9360678650309193,0.0003408784377012114,-3.694397186982062,-0.05305189923294984
0.059477208812864335,0.008998898908038289,-0.00022033775085897393,-0.0029650992286906286,0.00036435369419610553,-0.0010915909915580006,0.0014907220846132451,-2.4923232583364014,-0.007851130090516308
-0.005559036142915023,-0.007686973636974889,-1.8844409240383655,-0.0201710336232422,-2.7626232434417353,-0.0033274015575827237,-0.007544247285693289,2.510217130214921,-0.009229174208803724
0.013405938384081294,0.0042804207277795095,0.005469894441453449,0.001559931618284559,-0.008817780310962867,-0.31603937342906235,0.01588175225092742,-0.014976601588315664,0.0008088762433791994
0.0033507378546374852,-0.024898233302125317,-0.007338344603112838,0.011416988985801811,1.136236037580491,0.0011110919076345455,-3.680939341727583,-0.010079258409981869,-0.0025901744454731243
-3.1988825128192726,0.0025550870598357867,1.7369857934276964,-2.883620057481365,-0.0009255276947445629,0.0010590159924879494,-4.3496975793508525,0.0016773401848440145,0.006578788194090822
-0.0032898005542332555,-0.016230555304491672,-0.005379306450043586,0.03939565485724436,0.018181431086619626,1.3421499068095937,0.006103397460653637,-0.001613046136359775,0.004158345928849654
-2.405445569735733,-0.00695014089106673,0.0008831612697639477,-0.0009098649835109821,0.009267106158912963,0.6654073198368505,-0.007453025691736351,0.00016099342797904566,-0.000908752668595525
-0.039719896876896144,-0.00784490995124312,0.0033533618186785408,-0.0016155134384592514,0.002144735930446645,1.722029916405758,0.00042706003663396663,0.0015723804172566693,0.004292837544909511
-0.010662768352897214,-0.002099251705196019,0.009173344856628851,0.013602931435079627,-0.0067185104160769615,3.80598718754915,0.002863251585275284,0.0038053249829056992,0.012640390185512496
-0.0009745993101471537,-0.008608554834213121,0.0055582114037451905,-0.0016448499762265274,-0.02587899796204962,-1.0409206733010985,0.0009676920017422305,-2.495373733646206,0.0027868967116666393
-1.5111509729065462,-0.035370847492999305,0.0020347453862190577,0.03181416213659616,0.002513082329055935,0.011238509462120502,-0.004941224873326065,4.950769984642876,0.009411740066031488
0.00677720378720994,0.016983210968511686,0.001686141201118156,-0.006537346683183846,0.002481187668229196,0.00020944949136505065,-0.9417337962091888,-0.0007299639397328295,-0.5294601205540356
0.00015697350546408327,0.03597252827759424,4.519852989567722,0.009540161467813566,-0.00525564964068225,-0.0006550742938499282,0.012706806526754776,0.03463405892107301,0.056623619821045024
0.4558722587870244,4.120879729247536,-0.00181467251819388,-0.0033673507369741426,-0.001161729706725817,-0.0036315496664064153,-0.0009242180565272179,-7.140896217259091,-0.00821031929102048
0.029092891206100396,0.5988540228213353,1.732352174527045,0.009469548435615496,-0.0233719891211005,-1.0608242879107066,2.581556573280583,-0.0033176639707019895,0.0027077665042543
2.278143477282583,0.007344343808812943,1.3274033070028652,-0.0006842372849798252,-0.0034197644859785548,-0.006697319616737673,0.002348469444481017,-0.01434170016708564,0.0016882466692011641
-0.0026414913637970855,-0.0036110860587995897,-0.22467198194932192,-0.006269091837792257,3.6443164075454915,0.009631099183311509,0.00026280686848222014,4.555417262664582,-0.007775264233271184
1.103419942382947,3.3190014904364395,0.005465132564582309,-1.136044897539631,-0.0038348362132682307,-0.015801168075763157,-5.512327081015622e-05,-0.00925579465196822,-0.009926387837235498
0.004321842089891129,0.0008472386193905113,0.0026830128089388536,-0.01455803499529128,-3.9185632091005593,-0.09170138481835033,0.009632941597385763,-0.011493493098736667,-0.0032028454745680803
-0.004836387219523959,-0.011917177662059408,0.0030932535208102025,1.0919821308155204,0.005373210828996944,0.7766618370293847,-1.9965396216168623,0.0012961588713050962,0.005945495755040099
-0.003066739103029247,-0.0030891951653989336,0.0024275793923221696,-1.1397985712777474,1.9011385986170695,0.0029388033929678425,-0.004388321162067676,0.00011355290445750656,-0.001209825111690193
-0.0006659769232258712,0.0021355676459690323,0.00521084481401971,-0.0006111556183046145,-0.0004274485235690197,-5.709556853661412e-05,0.0017633115621278183,0.0013264809491655982,2.562184751871195
-0.005523321287772265,-0.006591126656504798,0.0009040694125359198,0.00761618017554865,0.0010180895942575954,0.0012409089033621845,-0.0004046970912387567,0.0021004874673294844,0.009321939775393992
0.013535763031484233,0.0013313498526644498,0.0006341214052034026,-0.6278250135979164,-0.005492459182067231,-0.30989199024537706,-0.00136886696087438,-0.07512913497481971,-0.014948837731374585
-3.979553209336378,0.021202126000062712,0.008305517411877933,-0.006437439221636405,0.022050424794360812,0.6685300081735759,0.003932754370791089,0.006897400151411195,0.005850228694767645
0.016843237916068718,-0.005556401157658677,-0.0637763048255946,-0.001974235370823644,-0.0020078205879068556,-1.200153357878996,0.0017181986553765627,-0.023767630102529982,-1.916335876421571
-2.5179508199600757,-0.007575595450220095,3.677185641078946,0.009020710350143079,-0.006638457024535083,4.6659961302181197e-05,-0.002464993356223577,3.1817687552429117,0.8045640605862197
0.005240259355619559,0.00425963388959949,0.0060874356216505665,0.005609052856950958,-2.3068345479559937,-5.123930926811788,-0.013286165784315268,0.001218885687760407,-0.0016708067837657437
0.010310733330377908,0.0002621619731139381,-0.016647745297891037,-0.01619670679034571,0.03961833059483455,-3.038590580775179,0.002428983039380217,-3.4032340156138883,-0.01779794847561697
-0.053199603121117656,-0.002215898548170836,0.005741594914652735,-0.010419502467491838,3.08703555833349,0.011433402412631521,0.6131699745360886,6.442480547138696,0.023453724889695993
-0.02432742547008885,0.001973062433158839,0.006503099635158792,0.00159030300001762,-0.0069617077875408495,1.6845334326786368,-0.0038017517387454597,0.03428541277399624,0.004370276454159289
-0.9585454667372186,-0.0036043990361463232,-0.00014544244641187185,0.3562308225440534,-0.0005566258844795363,0.0022567763757994105,0.0017903156537705366,0.03800961178099496,0.1427013527202983
1.564872998852596,0.004799741413786092,0.00193299776056605,0.007523690238269707,-0.02665786439894624,-0.8023001772869209,0.0002464517165902888,-0.0001469646180684667,0.00012822597377817532
0.0023481297211795623,0.004780792998030187,1.816361427012716,-3.9151883161318417,0.0005722532429571839,-0.0003781638659255829,-1.608522161082774,-3.875429470446254,-0.008039466214041585
-0.005973248122521133,6.717790100119412,0.0021318813009808812,0.9068744843724192,0.0034760626351071355,1.0732936117276632,2.1530821449978355,0.018023480404177616,0.031344614427187306
-0.004222721379016912,-3.14735372530869,0.01164602126704933,0.10046697155863783,0.003449449695260856,0.004316101028349349,-0.005526185258160295,-0.00010926036613507829,0.007462320637901016
-0.006932997329468241,0.020850428041183255,0.006479286022536829,-0.1308814212932627,-0.9596454435023771,-1.145391437836662,0.45552410241488595,0.009872350668896107,0.003990698687070133
-4.113926212046606,0.008882851866300263,0.0015605483560823686,-0.0010080550688027397,-0.00889385724098228,-0.002633442475755543,1.685938674188843,0.7448951257283316,0.02365920088550061
-3.629329301642637,-0.02364974426816519,-1.7786516773135905,-0.0004063932249705974,-0.03926309151577338,-0.009404648055079188,2.070534493245294,1.8165634317900896,0.009235978645454612
0.0018534239509093338,0.007054752773769944,0.002151324357995511,-0.01759741133149441,0.0029872081198306357,0.0005379638950811995,0.00023510582527904708,0.00010353877587301191,-3.2893015074172904
-0.00027009728566426607,1.3156823838770215,-0.0006105904865634018,0.001505316212979496,-0.8782348439347596,-0.0017962653739033753,0.021742723519028652,0.007657069098316134,0.002930165231101927
1.6779331673185551,-0.00411878697253,-2.4492046052441583,0.004115070482940217,0.0036626396069829627,4.614050704152299e-05,-0.0012988212084213014,-0.04159952974058152,-0.02007096045793473
0.002400974051768423,0.04484033081913656,0.021754819265725773,-0.011777150312000662,-0.0016681544197404302,-0.0009207521272379853,0.005648057728230364,0.004251398032780795,5.87102689848672
0.04433080921012589,-0.0005006283555115398,-0.20812181744017288,0.23686805092297383,-3.3721941547229903,-1.6749581784539984,0.006147594208605223,-0.0016754961684155578,-6.994541719773682
0.0005728911636391988,-0.0026199915005438853,-0.005674856323789208,-0.007046711045000282,0.0017242658184461468,0.0004402000282497197,-0.01895386916005124,-0.0007421535358755789,-0.039867315183217546
0.00551506168126769,-0.03266148882217035,-0.02355230633981746,-4.514154539933272,0.006468802590076343,-0.0024452913463652304,-5.536156418656544,-0.03564766461218664,-0.10431777430967948
-0.0007056972248066957,1.2286277821636826,0.006870510806775018,0.04105754714413081,-1.2329569707516137,-0.0008999235337272746,0.5800028832074346,1.251631755025263,0.37654745991071126
0.0039797209529281365,-0.004215699855106732,0.007965515996668865,0.0014760291974326867,0.00879585219406287,2.9296584886693346,-0.03660668358371122,-0.007798851926390004,-0.00239085314277189
-0.005066232595002963,0.0015893555077498853,-0.009644927547909186,-4.874960206373572,0.010937641058921563,0.4486978914269577,-0.006503202311064141,0.15513396199956195,-0.005142167776253644
0.038738054299074204,0.014916563608603411,4.657362020938294,-0.005093889171555274,-0.015845971694779772,-0.012134588539654378,0.004724370431164979,-0.016016993216295683,-4.691956118874464
1.3978014679176118,0.01114084992154743,0.018059748652010245,-0.018640407100743803,-0.001177045337237172,-0.00341934796305959,0.00030523865371576836,-0.010663981892051118,-0.0034360827727430293
-0.0046097951753835235,-0.003732770243270799,0.0013873445089118638,0.019353751672962625,0.2282231146514581,0.01056328738793547,-0.0015717080427827446,0.0009522646999676025,2.6013203412536634
-0.00945979308654521,-0.003705802261784741,-0.005239736431876016,-0.006571601755775619,3.5559548510822125,0.9608579250707621,-1.7179804075342675,0.014510286542595618,-0.0028823702713496706
-0.1495701183147764,-0.010707117050874793,-0.00017908835240045863,-7.618555163731839,-2.6625696699349746,-0.0011864959440411882,1.894737543508987,1.9777812367624832,0.020443486183654165
0.02874748800132937,0.02247567095766336,-0.0008553460546940964,-0.010000153997463866,-0.005303053859561091,-1.2777049191498833,0.0006368614544896151,-4.818662007460151,-0.010608001674892259
0.003255278850130837,2.9234074857553494,0.0031339221325243326,0.00022515029358700955,-0.0012318207349249072,-0.000796017057909465,0.0017993534310851884,-0.00024280093703896136,-0.0003126486102564309
0.0031590422431941427,-0.0037322759122207783,-0.0005344271383527959,-0.0024243807691834342,0.0015630833944916462,-0.0007802928957385685,-2.2301007832641075,-1.8603481129090305,-0.008558854646068356
1.5420279583186547,5.0399377727581305,0.003058626965825567,-2.8196403076444407,-0.005342348365412308,-0.012313188997554939,-0.0007289977251844493,-0.008763626352592915,-0.013677696469202638
-0.00039112836022370256,-0.01650594498718974,-0.0019290945798686211,-0.001422498593093513,0.03437931435514707,1.6628155797730186,-1.3138198495548998,-0.005195431804932052,-0.003818208340552012
0.005637608534625041,0.012091659594347362,0.0042867931902297735,-0.7977388939326954,-0.0036093790779414686,-1.018986414086731,0.0009452146624462088,-0.002473616043953487,-0.002961661902454482
0.00039074152227664555,-0.094996471563076,-0.00530277779438162,0.07008722775576808,-3.7416988796366986,-0.003063057961598503,1.9503169284445199,-0.004736124276188691,0.003866457852689742
-0.0012269716134663891,0.0016112274489434482,0.011401396960452658,0.002701463325098054,-0.0033637836687099368,-0.001015439936542603,0.849649466267418,-0.00043739839524411074,0.8642961683780155
0.0059112161849655676,3.0234438844836333,0.0058005614516842136,-0.00801967951411893,-0.014122155573703277,-0.6253251157398654,4.275589963798144,-0.003281523085656282,-0.002043054501232277
-0.05914313061257486,-0.019301748387958492,4.15895593762975,-0.0010102651402477333,1.855863107662647,0.4909835029739984,0.0007617416584145605,0.002503088473576793,0.010655840275894106
-0.004517616184106555,0.00046470618950222864,0.004288525232877901,1.6545339214051764,-1.9572847052242768,0.0029023125364070826,-0.005834813615507653,0.5758801214492376,0.007026051020534427
0.0012394180264975543,-0.017189865734387695,-0.0026379411776280615,-0.0059105629608294874,0.01786914951996674,0.0009482464620351211,-0.2854866247051789,-0.13798588263665185,-0.019379846589880213
0.008319535386405317,0.003937764631250508,-0.0033506818630153765,-2.7382283999475625,-0.011679605611200572,-0.3673524875225627,0.001791261939613542,-0.0033856980098533936,-0.007514514824189054
0.0017250675550227572,0.001801703138459114,0.0011704362034955546,-0.40313123768473824,-0.0036020150924228993,-0.005528460493854789,1.45124149969981,-0.005488823187681555,-0.0020642140735321925
-0.0024169992438786165,-0.003725128373080304,-0.0007026585650088789,-0.0010688698522353293,1.1746093063249707,0.008656733648186657,-0.28896378888396373,0.00198978001910966,-0.001492604198677723
0.001279197188669992,1.7615484461917355,0.00523574870861717,0.003169032584428728,-2.5876017870953705,-0.004226264686476189,1.9374810885113365,3.268690851378575,0.007079854315225467
0.0026588661015392078,1.7997663355132083,0.0013744678949408513,0.003959266736269778,-0.0014348131400441846,0.0006231576710288055,-0.006771977156895176,0.004331113965957084,-0.0020555167910101067
0.006075982417820101,0.023393001745876232,4.892990594060833,0.016605603372232065,-0.006533605050076969,-0.003046000319635163,0.016117058921812782,-0.003086645621048166,0.0028165012197044134
0.007755624189945438,-0.004291779991064102,-0.0034561172185745524,-0.030312734175652636,0.004538219110445232,-1.256408308151082,-0.0004977280765394929,-0.044471191500522186,-0.007238346100553185
0.0019973487952620744,-0.026168825157075554,-0.006853476339598513,-0.004153583337937861,-0.003664750293760677,-2.820131397998777,-0.013197880058508082,-0.013064805025133797,-3.352542440092814
-0.011497065457981468,-0.29162724229596093,-0.0017776503231898139,-0.004475106229421082,0.644258580631119,0.9263174587567584,-0.005069316949015731,-0.0017354660837005272,-0.000246336588054126
0.7764666884170781,0.006423897997271592,-0.0009634737110309842,0.0011990012126786866,0.00692455454723878,0.000961378928927183,-0.0002217672590806496,-1.5802933671185284,-0.008017705193904448
-0.025551052448848366,-0.0030849563448744344,0.007964827098360043,-0.0020123266672530523,0.016735236380272432,0.19624531176414695,-1.8718679307417654,0.006513591328383718,0.005095237686906125
-0.006914309777079977,-0.6428536715514618,-0.0010336136312640164,-0.08483889969807881,0.012848210171001805,0.00262407844312902,-0.04476924902687862,-0.016043253796222526,-2.8142710722556488
-0.06438528305789311,-3.1938017258741214,0.015091509143927151,0.0016551668840246417,0.0013418656727108291,1.3099871828683798,-0.08164620904443676,0.0005778107590615035,0.004969653386774232
-0.015082417849939524,-0.009360133687903177,-0.011315408375521866,0.026270059129761884,0.009231538462956095,0.2776514574615073,-0.002834364094549879,1.2593853095329697,0.002427914643972247
-0.6235452704835267,-0.032311745621473334,-0.0003392277489776179,0.0030148300050199506,0.009626168513299008,0.1365443772930193,-0.028813986786333484,0.0020969432864752415,0.000719886104886539
0.004287476787028844,0.011173640383974727,0.006246034441654064,0.0040709279346158,0.0008977512543658361,0.0007064115027246445,0.0015556539435427012,5.732137588966153,0.003075052839689313
0.03360174165105379,0.002300546857376352,-4.405246930384997,-0.0018925499417790036,0.0001987923979640538,-2.041979391712025,-0.004313874466118681,-0.005592434754234419,-0.027807168465873056
-0.0003539001904309582,-0.0006267304255542644,-0.0007190143804917143,-1.841867871617535,-0.013597873817950055,-0.0066026711101734165,1.926649056648678,-0.0002672026434119997,0.0002883228623859239
-0.0033022528917001502,-0.008682869446082868,-1.8843115550066185,0.003931134946985649,0.005242824354208017,0.0036387310958278926,-0.04357704377536822,0.0050477126977982656,-0.0019241631938999738
0.0031741512339489575,0.007205619420052326,0.10950976269109075,-0.010303636855295261,-0.0009681454726297011,-0.001082069284254232,-7.261414470656857e-05,-0.004628727099187586,-0.002110508241348968
0.015829229158668613,3.900121778960994,2.280670361655603,0.008091008432398742,-0.32117418071144255,-0.006279037823012713,-0.0007003606913475735,-0.0028469229671084758,-0.0003525339469576611
0.009351566958456155,0.0026911272554963933,-0.002922084642896408,-0.018015186014788246,-0.0028920733994564733,-0.005289414967495768,0.0024695530296732346,-0.01902206670628776,-0.011690013120230271
0.0031659119087446798,4.115727182713901,0.00543196377566673,-2.5843450217965516,-0.002093915540920546,-0.004233819408929172,0.0263410715333611,-0.004536417105720786,0.0005132648329134598
-0.00721459134453778,-7.276499381322431,0.004324009977067469,-0.004654029909437585,3.2573898563095938,1.1960762228812083,-0.025739804919352016,0.002294298486568369,-0.0014778918965836045
-0.0029656984025193886,0.005041645215578663,0.05251614545530067,0.012714390282458136,-1.3543343073955452,0.0003330046701484936,0.004348715718900112,0.005589966938910757,0.038957778615564854
0.6964615272054501,0.01603282686840443,-0.11763467095941402,0.00458968831756826,-1.0953875125168218,-0.012260608806454354,0.003487269549338889,0.002622200474680412,-0.007556587290786661
1.2154773974369746,0.04410479097840399,0.061325612795819016,0.0064585075230264985,-0.0007346517074143504,0.0005241750618728593,-0.018118328407397605,0.00047174354941068985,-0.002993710721548807
-1.9460919103434027,-0.005917793512282761,0.0005266734942666121,0.010765250194422073,-0.10980501471619908,-3.3148088985034434,0.01746858927961814,0.004445552953381497,0.04911353681764501
-0.0035023289355627703,2.792588585253359,-0.004160129632834743,-0.13540910982125465,0.7703007594949107,0.0220884266163916,-3.3402722205419315,0.014761682962776149,-0.007677540023345489
0.0022896794260149483,-0.011307666581761633,-0.008230163152983682,-1.2220954699253639,2.1476326922615443,-0.00022152452918072774,-2.458902701352183,-2.965219633493902,-0.06862229957526333
-0.5179897234292762,-0.04026307950653309,-0.0034469023484530806,1.1887588510730254,0.0010474714143054592,0.6943494645788277,-0.01733932297280781,0.00792613967566079,0.0030282761371199438
0.5725670249444075,-0.003859972522609575,-0.02172125201584457,2.17641317878073,0.00037683716644120856,-0.0010098747069018422,-0.0017429600782273703,-1.1243668130384132,-0.04033307376392297
-0.06225578204151497,-1.6502530900205807,-0.0028954219466101466,0.006584058221025971,-0.0027801123841468267,2.0029537242229334,0.0006931893498360042,0.005054922975843933,0.0048246981107124345
-0.04817897674358203,-0.008315748723695369,-0.00036064173453899916,0.16897581889107702,0.004562951405397732,0.6167143465980753,0.005242520614237051,0.00632465934225994,0.06637582453325955
-2.9364536401459724,-0.006957311234978933,0.007270823279690836,0.014428720671533085,0.006873761029980163,0.016273705784449824,-0.0016253431488336134,1.348638154442805e-05,1.8441896642940625
-0.0035870967276438043,-1.582694990018238,-0.5149266996854518,0.5658279862499861,-0.0031656678468326305,0.0004289530717113063,2.4424369453702353,0.0029456667328303593,0.0075658717340148125
0.49526339549454645,0.005524282294686045,0.0121080335324735,2.6785328956613954,-4.304086221673307,-0.006239704644429411,-0.016610377240796777,-0.014314939098885118,-0.004988304154943019
10.561598688597556,-0.0044483560175693215,0.05037534155703005,-0.0048660856223681215,-0.020780152823278053,-0.08367194192627103,3.1954307033848224,-2.4247418215503793,6.631285461149744
0.0033973424644067607,-0.0063789177442863665,-2.8666827907258217,1.5609146984126867,3.7793911548516896,0.003517989565870072,0.00620886399881144,-4.552362594660784,0.002342425104923912
-0.0005837540698065231,-0.018256941820453815,-0.004195180651808778,-0.033769854738951804,0.003843084673304742,0.0004486699462119756,-0.7179511077999452,-0.005997572617322403,-1.0492951374622534
0.001001851834942731,0.0017883196022334402,-0.0407888008308918,-0.015576063997825518,-0.0017850202585566743,-1.8040948539554966,1.7629088209272634,0.0018114014524227978,-0.005975349920972525
-0.038678713493917855,-5.556851984363409,0.004173927006241793,0.029121298518325858,0.03371592969861531,0.08084011525625197,-0.0023439622725993092,0.003363831821912404,2.0357297270626504
-0.0041508731941991,-3.2180782246330466,-0.0017666406240661597,-1.445252208366142,0.003965428229116552,0.0011956564690879772,-0.006145644134975252,-0.00045020407102878154,-0.00268462587376836
0.0024843533392719386,0.002684146414555915,-0.006782596501765933,0.16321995637837106,0.0029342755643733693,0.0013997198858141627,-0.0006815024461951536,0.006095672573825858,-6.433259414872566
-0.017424694383852822,-0.0031976207915325934,-0.0020124648400271167,0.0028914329456648006,0.003598580146771715,0.004707838895343891,-0.0008071697068153948,0.762017819290833,0.005528185323400691
2.471638665949932,0.011216342254315163,2.044489849832348,0.008287520280608945,-0.00019477105110025233,0.0011099479371324524,-0.005738440213543316,0.0001446060154162345,-0.0007920158654288294
0.004341308274320291,0.0008690853804141107,-0.0068442469905652835,-0.006238487863510757,-0.002761670454683495,-0.0026519583373564425,0.005402495043382769,-0.012653365852071899,-3.9857789012417593
0.02054299226930594,0.030749208932978084,-8.124654797169286e-05,-7.943743494675687,-0.010518259701652825,-0.0333311868723494,1.5499308879846694,-0.005915104017764693,-0.010093861222952215
-0.004282896707928242,0.004304390840325897,0.004368581197556215,0.2569619672603336,-0.0042067252795277,0.002103360964167772,2.574838304825149,0.03571523481847191,0.3401546093538829
2.570848851776869,4.351810744323021,0.03292508781348691,-0.007750559254989591,-0.00559724168782727,-0.0036717113887747483,-0.01808872750263188,-0.0034817646306626515,-0.012354460653720714
-0.01501372768430232,-0.0038493389423038954,0.0018230697782901219,-0.009018292474658534,1.6770457910324685,0.007374653726371153,0.0003299189280621573,0.004191464806395284,0.0028782284355892045
-0.002327472992179499,-0.019474947886557625,-0.06754983695400202,6.388366626203911,0.0769088069772309,0.5142452025303332,-2.4570186840283856,0.002408623818307129,-0.003983771061112994
-1.998293497343921,-0.6210773364836042,0.005716550356511925,0.003064079424880399,-5.3530103084159535,-0.002565581303900888,0.0015368472998780304,-0.00705178107764199,0.045297956370598524
-0.32735791961272165,-0.0050534310553630776,0.006765325623425633,0.007112523449550434,0.0016960410227225796,0.004932450974458948,-0.004982828878258683,0.010729938117829702,0.013985877386062634
-0.0004974739401754046,-0.001768994708341548,0.007537601917500401,0.17766408156947378,-0.0013872002306049226,0.0003446946967262006,2.3701711435445336,-0.0005562150356995489,0.012587919371198728
0.0014570114490999528,0.0064781751761800194,0.15431048437106676,0.004031813359676617,-0.03378990137148041,-1.5751073955201105,0.01887737431019887,-4.642406073532795,1.1117022456651
-0.0016878813016242104,-0.05203501397250848,-1.053801093373111,0.007143701816416808,2.093499449688105,0.007058898861750901,-0.3033366145101748,0.0016886600810748819,-0.001412719638525321
0.0010812079006709153,0.0026534535356012093,-0.0006563577154578026,-0.003708323916824972,-1.1115754080173328,-0.0036784820504712733,-0.0003616503767440557,0.0005426564751587174,-0.001615763021247305
0.03725186918242243,0.02970168275867463,-0.00426177791966504,5.953781902240138,-0.005921317547695919,-0.0023763928180954713,-2.915244266814206,2.9887492960087565,-0.038169561770263594
0.03538584879252654,9.21558418585655,0.01563769512096,0.0016238260218161098,-0.004413154764291022,-0.009292463979594804,0.01661647239935693,-0.14989707532753715,0.0012010764162581474
-0.021922561822710553,-8.441052398643807,0.006511933190468597,0.016743340416540037,0.010760276165911686,0.8938393999506496,0.010103881602892328,0.0034189349033694554,0.10205479604387815
0.0010509899454573717,-3.5186515684261774,-0.002169298964091515,-7.822446246397597e-05,0.09854849723281434,0.9050837326423926,-0.020474185003059975,-0.004627409464232795,-0.0037954624018588607
-4.8287773173211255,0.0035494808331054096,0.0062774305369509426,-0.002571915913310069,0.0044526794949605875,0.9542281276624309,-0.01731187537761067,0.011914015978337586,-0.0024222479065045127
0.007813116600020351,0.02213382910567871,0.0009626118196670291,0.0030403664004550746,-0.009369171424660566,-1.146324142562418,0.7012196054915001,-6.284077380754732e-05,0.0013153013710991788
-0.0012929625198162195,6.336907397633862,-2.410254910502653,0.012082621900425326,-0.006163125778487766,0.0010032969131583067,2.128138267291785,0.00840808854493166,0.003976157511396199
0.004920918755475734,0.0020875252144575258,0.01626580291653684,0.0015591944324759254,-0.020757747255732196,-0.00760396181574811,0.0026669328052911436,-0.01163275373321009,0.0008305319564999327
0.010401450853847805,-0.007199030897182546,-0.004059669340634037,0.03398553705256502,4.36162669671004,1.8360814198666056,-1.3571663605732134,-0.006663404947234053,-0.00446117831807008
-0.00044449693197740753,-0.0033528003360296377,0.0016981801176860776,-3.0670050269609863,-0.011022679777677617,-0.007465603419910628,1.5151012302139975,-0.0023571035887225574,0.0022896876124281207
0.0015921910541543964,-0.006053143088059299,-0.004747201100799276,-0.0010867671476681908,0.011656990429496684,0.000982251387488967,-0.005465244250026376,-0.03922009494961022,-0.012150420842840449
0.0063805028925567105,2.1431200821409777,0.009572692987155445,-0.0012650615200173413,-0.10710253259188274,-0.027540224953237696,0.010242594971181601,-0.002196489214298018,0.0005602547515692463
-0.005718122614760979,-0.0017042344258203497,-0.22713540616757494,0.005395746544856395,0.0042144439382660465,0.8225525694905492,-0.00036072250296276254,0.30372831482191237,0.00011320062217484196
0.012710478031632434,-0.0021345339870458002,-0.004836448378242321,-0.0012346435128476815,-0.000443016531565855,-0.00419991517625766,-2.639954858765488,-0.15628733399027817,-0.023802089473138152
-0.00038443656706718145,-0.0016934011621590117,-0.2375783675514849,-0.0026665786178771715,0.007981689248348738,0.003578490804700377,-0.005536322803241319,3.348140018968805,-0.053768528473607025
-0.015064925443067041,-0.006565063303496705,-0.0020303692038692047,0.021042532331116602,0.004603951397879991,0.009339403898767421,-0.003480008299040575,1.5437958828503118,0.004486780049423742
-0.0012869085940817454,-0.00988189706674561,-0.007839103761907343,-0.11114634994823552,0.29078260891218743,1.8936881355931061,-0.7313467040652499,-0.0020585463189066178,-0.030593923439000165
-0.009938229090526902,-0.02069971923427344,-0.006118449210587671,1.8734668490160087,0.0037292361624824497,0.010050235281693173,-1.0562312100143876,2.6153021024529686,0.0012996732505387992
0.03726471957078751,3.0827957534339103,1.218526602985773,-0.005191141869614382,-0.0181796001296797,-0.39562445411489594,-0.0034517438392763153,-0.005675291039248854,-0.005622411536203981
-0.015147482740762427,-0.006480341241844684,-0.015081718422050182,0.0008353508309067309,4.752133409173915,0.046237365530327534,-0.0024130191868229206,0.03024748972907674,0.003560265679552449
1.2832287481084586,0.0032363908677436534,-0.00678326365962089,-0.001617219537830783,-0.01754180881258116,-0.06217725433470339,0.0058563041962815116,-0.006887957602143419,-3.5525331570893868
-0.0023811233211789,-0.0045972316712858015,0.000747242990573984,0.0004085129089155676,0.02508417119776469,0.003915578963845703,-0.016492291728327897,-0.004139880786095583,-3.3089567632967345
0.005691302154579558,0.013435130253949781,0.024676800830164825,-2.9783303679676467,-0.0032977271771600924,-0.8270973005560608,0.02061034470761211,-0.007940952255739752,0.0012360541217885726
0.003378120069713964,0.0011937331229274692,-0.010732903774007823,-0.008786207096658354,0.012954308659000477,0.0002989405434411681,-1.7004954579271137,-0.003170672499240367,-0.10850010399980511
-0.00261339151517166,0.007289770225571179,0.00046915778199128205,-0.006335145763528775,0.023010734445976372,0.6378793974295289,-0.01717077618587151,1.8745360443524595,-3.411042381369425
-0.006894010901257223,-0.005933999679346151,-0.012821486412752893,-0.0009957174360747385,-0.0046086246666186045,-0.0005676780041074452,0.004862121075776371,0.007207259205706839,0.006321159367395459
-0.0015217806633039954,0.0011753624855996708,-0.007662929113751748,-1.5471446565552411,7.679239920986396e-05,0.00032970555756968445,-2.5104224861794044,3.4465691453894487,-0.0283920759815071
-0.00018713079583699242,-0.0317383557210463,-0.008609800882439808,0.004953065910062482,1.0680800610201058,0.0025636683284999857,-0.0033697265856332736,-0.003016906293752357,-0.0012037374422239349
0.004284800632503863,-0.38519022702987815,-0.008347664282327603,-0.004283246937762622,-0.0040472774832285285,-2.747801836519834,-0.04627568615912658,-2.8320594901022815,-0.015212890161609371
0.0013389642503243721,0.003592617454976396,-0.0020617869887072328,0.0008625026339875823,-0.4123171876199647,-0.9486625500573345,0.004825878176138172,0.002181798722155695,0.0008674115120525707
0.05121321953552031,2.4141436534354757,-0.013173969296392632,0.0060091970410814256,-2.2683273465770726,-0.003924003986425534,-5.063850514888179,0.0013737227262503341,-0.014535043791802933
-1.3716249542258272,-0.01283603813053599,-0.0045149655491424035,0.6505148890815615,0.005536917606398996,0.03709791028144555,-0.0030003504099759583,0.006009170881932199,0.0037218576489698035
3.0771061226597984,0.014397013942591158,0.006445754507670992,-3.6213111050362,-0.005426805495909438,-0.008811560419419273,0.00196652953862822,4.408386335720554e-05,-0.000396176594880282
-0.007136915144383735,0.19551916633791855,0.016541254188105026,0.0008470223546495591,-3.9315982711005377,0.0036880910656946764,1.0687580482153947,0.6066313053562595,0.022615460994439965
-2.0165319778367254,0.0024463529304146587,4.1820752161003324e-05,0.0007908792597985936,-0.0013666111764597463,0.00024176570019220837,0.008198833436995089,1.3325240096537165,0.0170584280221059
0.001022837663362591,-0.015378877906354047,2.6538153570232432,0.0072477825588229405,0.012721714745096105,0.001438231335966978,-1.9053767627734504,-0.006301322584544357,0.0004405223267316939
0.00037286236869700355,0.0004730994828154485,0.004433254227473213,-1.8042291758714974,-0.00012084850671707911,-3.076808999414671e-05,-0.4332835176322377,-0.0009581752959997944,-0.006976208037382376
-0.019874801800849974,-0.005367899354287404,0.0012488799081685781,0.006465626670439821,0.011714370973294922,0.015474629436643834,-0.0009815570015360934,3.8752719885125106,0.011600036083469503
0.0006720561636285351,0.0025178263384290703,1.1801090557468086,0.006960091625237398,1.5921316219490305,0.005870676204921023,0.00202600147703872,-2.643953706059364,0.008692597306440827
0.004941148003040408,0.010596541954748212,-0.004777094106491765,0.00020053065146055302,3.6896240907827424,-0.0003149106225965037,0.00015683868872633526,-0.0012349428320905399,-0.004158475538590507
-0.002825225495308968,0.05462320179599972,0.006192247273859025,0.006888828435010054,-2.609720951223556,0.0010909035886790402,0.041034568473785275,0.8242881669954232,0.021281022981467237
2.063645524819971,0.013407980110864528,-0.001404401108254536,-2.4070469051892323,-0.003342415822637626,-0.006665355992858728,0.0011579024765770683,0.0004509313455355796,-0.012005424839357098
-7.9390613352513055,-0.016778919541108703,-0.007288563350098087,0.008761071117621946,0.0381516209533701,0.4794715435264145,-0.04063295917522436,0.0007423462125108072,-8.567646415712305
-0.07323418404320425,-0.0007942707083395171,0.007861799845269036,-0.004446080778354315,0.0014096028654343486,0.0025089472648797254,-0.0019184148390963625,1.4559389457342469,0.008579024442522953
0.7136194220133731,0.0025377800927351294,-0.002825356420100059,-0.009393149541733535,-0.004712464360189652,-0.05999472297691075,0.001724741572671512,-0.020612501783984057,-0.015316306409675427
0.026327478192270215,0.48300867550869697,-0.001414940357332868,0.0009666376293005162,-0.002143068611986959,-2.4601954831843282,0.00408043562028973,0.0009278001691773274,-0.001793634456298182
0.006186141406209174,0.0025213467233701006,-0.0002467292246650897,-0.10177448849007736,-0.004549623198468741,-0.004631035203672142,0.0010405109888077212,-2.5107707264653314,-2.106472219164562
-0.0021066666715999563,0.02807330268375277,0.0055632393005881926,0.0008661985232991127,-2.031703960739203,-5.539892063922969e-05,0.013255108550296275,0.007924153496950272,0.005451265379911985
0.0016454429173097473,-0.0035591412051059037,-0.0004335188017177402,-0.003924649620208691,0.005153831096253179,0.00039876474417611035,-0.0038782016385212723,-0.07512780810050199,-0.007641738945937982
-5.002684016885121,-0.007568932811156184,-0.004245914596511018,0.005154644144930431,-3.1153733246102107,0.0026626172268905957,-1.8569881644683661,0.031798695252677756,0.00029457283207919016
0.09955353010371937,0.01658434015063545,0.0009010604418164207,-0.019377930669321655,-0.0014521158930974956,-0.786819873319118,0.0007589938900266803,-0.0058629781436408,-0.007475870321953206
0.016833284361432804,0.014936088772405612,3.3312143373977143,0.002049251632775229,-0.011537456087417085,-0.007056270291663374,0.0036992652327977483,-4.0362711762268075,9.588161882985446e-05
-0.011871074350320643,0.00806611158050255,0.0029074754174169617,-0.0043375301787459825,4.318639028430061,0.5367488581223032,0.0004891896605170292,0.0712456729011417,0.004500343874710048
0.00033967019483954666,-0.004299403252744638,-0.004781294172556057,-0.0013464352500302482,0.6545425315412307,0.0034689193528539422,-0.01506119331346173,-0.0034433435454872888,-1.5061980026028574
0.0004559063827565945,-0.0015018179471885454,-0.0009593728704517527,0.004082105418571702,1.6178282039880947,0.003303475979793684,-0.004015688810059893,-0.0006230125606342457,-0.0007897848471230735
1.9451611455545272,0.031005089764218497,0.057652737167308954,-0.022936700252852348,-0.011342848746150394,-0.029787491297297766,-0.0002437373097528804,-2.005831946751806,-0.0033126697521280724
-0.0008092953086484629,0.0057569318539806204,0.0020876400463753523,0.005234281684784462,0.34552612333000665,0.0731132968577097,-0.014919467667417204,0.004505863337804093,-0.0010202136872247188
0.003456150615810411,0.007545642223996515,-0.0009198234367777235,0.0004060833182938096,-0.019499163739326864,-0.882228814480456,0.0062489326715657115,0.0011345307529195886,0.0004924586406867834
0.005609186631920988,0.0006779377858426375,-0.010811844465597832,-0.0010897737638050024,0.9425598352712328,0.0014856112008204171,-0.00044199597355339007,-2.52314073032968,-0.020234780182337153
-0.007792388801894201,-0.003261973380531704,-0.014806400776885914,0.05980319866717346,-0.00015400554149661017,1.5450629315722977,0.006445818840931136,0.7306650092606604,0.005361142929726177
-0.00629562830342223,-3.525336463238673,0.0016407402546738219,2.907184382442896,0.0023191056229725643,0.0020152260582814744,0.004935288227471864,0.000667049250551501,0.01614286054658917
-0.011303848043514385,-0.0072305938744861575,-0.012635890743865168,-0.001262354391284512,-0.0024760083688236123,1.8880264631367818,-0.7519576062935842,0.01897167150457066,-0.0021899897141529224
0.005063194928689979,0.5818889002662588,-0.00027711188522007955,-0.02187917062912024,-0.05845411014574951,-0.11653850775058866,0.6566079687048119,-0.0005287054219976168,-0.0025142047067427207
-0.006465732285909697,-0.010805423652368452,-4.46114257887825,3.1269038353543546,-0.038853357566939195,-3.873748949596219,0.006087502452195193,0.005544003540988197,0.009457810042153236
0.0035866211783545515,0.00605983065344412,-0.08733463028557373,0.002205047541693754,-3.0809403196900735,-0.00013693161759356642,-0.01564515181442227,0.01792504501752449,-1.4061639362621183
0.01173415837558417,0.024750269495375288,-0.013747241240236324,4.239191191948895,6.328399910519259,0.009697364127625896,2.3787791391384268,3.488220904369619,-0.002346744724067318
0.009738054654557543,7.560673697509192,-0.001453255559047878,-0.37823758875090197,-0.003449834546026792,-0.004825703226683013,0.005435812475964363,-0.0045220131056317725,-4.678920988603892
0.0016027533374647213,2.6630780758540862e-05,-0.007920363070295831,0.0008677273582782617,2.212509546955075,0.001993785022552895,-0.006934389607288102,-0.0002294015713500963,-0.004191430837093825
-0.0009164759985049245,0.0006211383648514132,0.0025230828621394196,-0.003372467690270493,-1.2413162821889172,-0.00400882367001118,0.014228316956031013,0.00017334634085280735,0.0028468462219670997
0.02294748267391844,0.0027374296843046264,-0.002086073102787797,-0.0004688653233547741,2.5652211163362266,-0.001828393960789737,-0.004316791428441444,-0.7151878916375551,-0.01420443456423542
-0.003150918117881779,5.612049412995304,0.004678584110287799,1.2360349175971554e-05,-0.02484552318348432,-0.0029721920683758378,0.0012879273462012147,1.6661556362168266,0.0038365681077910142
0.9768919321859924,0.0019119903512828072,-0.002915895448894368,0.00029871817451553734,-0.0016455051876438712,-0.002654424516704069,-0.0006278797440897391,-1.6149371923411109,-1.6624414275977726
0.00045368425383727844,0.005321284263047519,0.0075797721882532275,0.024976333014139786,-0.002071166738819679,0.00032597544276654147,-0.002107153492873286,0.0061032115440233245,0.0023638845154009885
0.005254745530594015,-0.02001961468798308,-0.02321389717955966,0.3597215971644412,0.009098629073558961,0.0033135991853461243,-1.1450946996833324,-0.03546730980597945,-3.362851675068232
-0.005040010252921199,-0.0178481497626238,0.0012319130629811336,-0.0016780203876485007,0.09682751625798547,0.9427391609541135,-0.0036717502459731044,-0.003638834660727447,4.136161478817454e-05
0.006589307054918053,0.00932931367065401,1.7260412405644434,-0.0009375480396274184,-0.009239816232712361,-0.912974680047949,0.010320181485564656,-1.9752466565108557,0.004052814939878108
0.0025491146752616434,-0.010369479197756978,-0.014983764973018154,-0.0015823847392015585,1.561561399613243,0.00011328551491054592,-0.003925768861208528,-0.006481788271309034,-0.006754380087780298
-1.544964419952564,-0.0031951259617361387,0.0015928262109845904,2.0273923931724993,0.003858248079989371,0.06671924118787059,-0.004259276575737384,0.192661515392169,0.013895470324168158
-3.7256509858912255,-0.0006060999757785471,0.005007015908636558,0.12722935164145405,-0.004589433373868926,0.0003372861005662333,0.0015237756501835717,0.011256997640078772,0.8109373546939591
0.0006342360767072133,0.010093526204185785,0.0045368174230023504,0.001967663222883015,-0.006300838482076898,-0.0015152254639425374,0.24026127398429964,0.0017336553917873874,0.007257545268797353
-0.0024489489994057277,0.060121764911027054,0.07910636823780158,4.173103239488263,-2.9803643154710713,0.0005031543730386195,0.017909462844948307,0.0059002553635092835,0.15867049277271794
-7.091676766004162e-05,-0.004795949964927958,-0.00788605249825912,0.002281013401604043,-0.0020536106282152463,-0.0011707871675643196,0.006728588582641939,-0.0020016294410253386,0.002147754058641402
-0.0008493793730251593,0.001953380295705378,0.0017426017560039984,-0.0029110781458019513,-0.0008187117234290848,-0.00015122824791236752,0.0016779058051731197,0.0020448076338643846,0.0019046980334296662
1.1089723640642168,0.003859627208635641,-0.3760691563458616,0.015208212844855712,0.0015147279967687236,-0.0002674654707217278,0.002399552379130275,-0.002239973592139191,-2.9007660806500244
0.004199430001311669,0.018730310300341328,0.0045483896833411665,0.007164268994121752,-0.22469635419803807,-0.004171211461668668,0.015385416585633832,0.0035106467303616454,2.2105115536571827
0.661140362103952,0.007451766600585608,-0.07598679014939953,-0.016863296260371776,-0.0031064489145992153,-0.01710309948422986,0.12838693321411185,-0.00500500375649088,-0.03616150813451827
-0.02021921431714624,0.0009018530513190681,-0.0009242845002204042,-0.01067320317507059,-1.7200159424852899,-3.0766426329134795,2.3506519229557163,0.037305838576764394,0.005581871604160786
-0.00705193114091249,-0.0016625997912114191,0.0020750924764197324,0.0060404436484962215,0.009380027908228708,0.03853260768060329,-0.011971849852566021,0.016665445169224382,0.0024857468507130964
-0.0045013220871846765,-0.015783599161444343,-0.02035870232346843,0.006136484677895084,0.0032785594666417135,0.0013752858641815319,0.0010072268041535527,-5.870143366014622,-0.0005259526316658547
0.015491253605736898,0.0027180044118111876,0.0019723855959769892,-0.00027103862679446163,-0.0027888246223016873,-0.0036538482487000873,0.0017018001925502692,-0.3244158665982475,-0.003114449337864533
-1.7763200621525246,0.007676946848416535,3.9694187400928387,-0.006292097332855434,0.0037022253167711718,0.005163625529287747,0.0008367701066598933,0.017648600317238316,0.007389087723854576
-0.002863306069207062,-0.001792639154406549,0.00017435834710145603,-0.9315691800935445,0.018755972104537617,0.0033458939917459163,-0.003918949223125344,0.00044106088653802545,-0.0030256266571703117
-0.0024855731448459872,3.5084193868453384,1.1676662307480936,-0.004829665537452621,-0.00573366741586627,-0.0006124033480671941,-0.0022192550770401692,0.03179465196449083,9.147062173707942
-0.000968351001581139,-0.0008066816169034342,-0.007689139348740388,0.018335032741855172,0.005946849676909782,0.9406098879424154,-0.005854296950073376,1.6360504582740334,-0.0013030885541619047
0.011153319134598938,1.6827286152626382,0.001558372930830526,0.010399267166089798,-1.6854276210858679,-2.2623512852922794,0.002948998408446729,0.004133983074891323,0.0009293218813508225
-0.05424624514321841,-0.005872052149235531,-0.04327351221317845,-0.00308539950105386,0.00433082811679264,1.106624276995396,0.0030162061590783412,0.013658871058830745,0.001735842765780581
-0.3950202439174411,-0.004007642096745438,0.007088549246778132,-0.0023778416594957778,0.004871592455588875,0.0043847808785771715,-0.0030106771607919212,0.007767327331598996,1.9691035398729924
0.013324302117643277,2.044926621967881,-1.941643293752255,-0.005289519070450164,-0.0017932168590750188,-0.0021290096926874515,0.006286380222537805,3.7686605943006577,-0.009490347410586297
-0.004693978627344952,3.6554857011950848,2.4085909232621834,-0.004122611803190224,0.01616685504305758,0.5677605171919412,-0.005302237428952888,0.005444531232221814,0.0008679009646070032
4.2760432060234,-0.010362904667910039,-5.061033921139504,-0.008452412411122184,0.004376129393823092,-0.0019887669037015887,-0.0007748562419592903,-0.4362993443056977,-1.6892666954122522
-0.027753920026929595,-0.058224295467520434,-0.004601681602216967,0.06907410357255987,0.00549406783198441,0.37565869773125976,-0.004352426461929024,0.004739587630098373,0.004258553411260196
-0.016708016282860283,-0.029208553575941654,0.002865171164399924,0.22954504281321242,6.938777014168988,0.5022505385419258,0.0014627175997973703,0.005408713056720943,0.037217409195521356
0.006338259243944869,0.002016389972277057,-0.00033466850006876953,-0.015520293660964314,-0.0003173808021645181,-0.0017117012057728167,0.000995910621054833,-0.8339450276326605,-0.007857708378215575
-0.0035710878774726923,-0.0008165710141272153,0.005705589038940762,0.0030029066493386363,2.2852288377605,0.009996712236312641,-0.002076632114016674,0.0026915545562747603,0.0033434176981059077
0.002482989250683792,-0.003885253188244873,-0.0006855091539238716,-0.0023787071047209622,0.6608421162226048,0.001988513089567384,-0.015148363063699124,-0.8327851252839823,-0.013864344393277835
0.25074104197946523,-0.0010190780424481588,-0.0903721238609912,-0.0006337518875587198,0.0018292318091890358,-1.3931309755816816,0.0010769333664445574,-2.302588584356796,-0.0349669908335668
0.0037093133573268557,-0.001741786155000308,0.0010640470078755206,-0.0006515882381608742,-0.008493059417103892,-0.009127544490586632,0.005675004337420674,-0.07641945475745303,0.0003459451335723988
0.0008199521487711366,-0.0111911294394045,-0.010439765747246409,3.374560386075137,0.0043297369908039274,0.0017816363646775378,-0.8386010380619406,-0.0016356373285127826,-0.007666619443224932
-0.0058707697678086835,-0.00591714296721565,0.008408046283858828,0.049984048236999444,-0.035288736756422745,-2.1662170782240744,0.01678255325088132,-0.00015940052459710585,0.2016351785988567
-0.003994067075765836,-6.133044091638486,0.0071346293880447074,4.340191023455105,-4.6842102391232645,0.001885635330981482,-0.0039443822159393425,0.0016141332044361007,0.0065624528569042315
0.00460893070465079,0.001631647784149301,-0.0023718292038560733,-3.603271411809642,-0.010924421415890628,-0.03237674586640635,2.2330590125725487,-0.006120068183809377,-0.00494785800027992
0.009511498194347573,0.0048670037496958835,0.010349900489569125,-0.0046386652545251875,2.8222963817463147,-0.0015809635424959,-0.011442644120221704,-0.6061923488731417,-0.009174787998741524
-0.0034895723678101953,0.0034789701238175535,-0.0013170063163521904,0.0026241318519601054,0.04605111388360696,0.13073003238278383,-0.0018158458892757866,0.01992493431057067,0.001020693303629195
-0.7102672939949367,-0.009273928541674623,0.001825090266012009,0.018072161335816878,0.0035681947158167047,0.007885922799511435,-0.004739765621942952,0.011264559808778368,1.6176605413667007
-0.011313502974833717,-0.0017311804313868164,0.010529336297747622,-0.0012654356821743193,-0.00011753641624642872,0.0011505126315158685,-0.0038379856046708055,0.047379869891998966,2.498740446525448
-2.238908543487944,-0.03956254786386845,-0.03620765355526784,1.005995107542609,-0.012223462560844278,-0.0009013519531125211,0.0017476307907382804,1.1178671755453387,3.7651491983942904
0.00030877485501247884,0.0024506753414711233,0.0020351462452954756,2.788102320912011,-0.0007981932897777812,3.8322974569247016e-05,0.0009093431413221748,0.0022462000512332,0.00324256311879138
0.05774750616218666,5.649030857830382,-0.002985102631048689,-2.2863767013964704,-0.016466652731564724,-0.09558775733600264,0.0007581325896371671,-0.006836479538706482,-1.3190463632128016
-1.1216090532453729,-0.00979724840245387,0.014402512271427298,0.01688309346369359,0.002525501273146987,0.03291334026056353,-1.4594935718936097,0.004446995927832747,0.04950139292286018
-0.016368102486050716,-0.0256275531789647,-0.002021237944772533,4.384308897307166,0.005712229620421968,0.003741040629818884,-0.0034931959655492132,-5.217335466554533,0.02356973902029144
0.0030508517691562164,0.0013257735530168985,-0.00723944328777452,-0.007689183377355735,0.050698182290868254,0.0007610847709653597,-2.144445307058033,-0.003774843467470438,-0.02833711149983989
0.0051855685798747955,0.060914348660283,0.011241287612668726,-0.0022302763106686347,-0.9540443596257191,-0.00830385666147622,3.2363120976230917,-0.0026598833381932044,-0.001470209558314001
-1.4701875248167187,-0.05258032756997789,-1.2434738763451985,0.0002717620476490415,0.0025011503538365995,0.0049188683943181405,-0.04671067646722667,1.4961189402663324,-0.007541822389297882
0.00265826315551336,0.054232749245582135,0.007041353703589798,0.15629858025640098,-0.006961791009355123,2.6952322972867138,0.003945186760239805,0.6192452426139279,3.606765145788313
-0.025146075828963162,-0.004916268222251527,0.0009589171011252211,-0.0045879470950704335,0.012880826288633046,0.6897504767488156,-0.007244585302915697,2.4412718433617986,0.0003298153649652427
-0.006751365661860688,-0.006105827272373243,1.5672933007196201,-0.0037153861652754402,0.002669187829360535,0.0012919896549262282,-0.0026830798034735734,-3.9219450031757512,6.0125761825542865
0.005036860860346502,-0.004488598372291907,0.0036221918524455762,-3.038237144699228,0.008594687942705237,-2.188339222281044,0.00011267196123290746,-0.13389223856228946,-0.0027514789532146824
-0.04162584642944543,-0.00796596070610114,-0.12602036396093058,-0.005767494283143099,0.01963209725737336,1.2901632325759465,0.008441841603172878,1.5933544173589402,0.001588244452218758
-0.0038738663219006365,-0.024617974666885964,-0.01516233869799232,7.462198437161462,0.011047446405200055,0.004746686793037146,-0.4712541588771512,-1.4391214842749325,-3.398228553462951
-0.23050761595790292,-3.7395446777190786,-0.0037583631338856255,0.011116186576479435,-3.6976782641743426,0.00501720399492115,0.008176327812572916,0.015314425032815812,0.0290577366005395
-0.03428240597402066,-0.0008888127485854077,0.0026674360703143885,-0.0007954720545838513,-0.004122084202069776,2.0892931160027577,-0.00043272040652493626,0.013865698656439733,0.0038595477869681934
-0.008172875041969903,-0.003438846289403094,1.3787957644044853,0.01250383589460492,2.426010896211082,0.46737495270450546,0.003671013117935159,0.0021793761739378817,0.037475667821452265
0.002565913796516764,0.004123806431683381,0.006353468756591053,0.011393853810889623,-0.008011522462068448,-0.002589822260806264,0.015733651063144866,-0.0024706867890906554,1.090400029554567
2.109659751191858,0.021528727678720994,-0.007991837728370643,-3.8071026205020297,0.005353408481610089,-0.00011920765160451652,0.010062248855948003,-0.0014703985052494442,-2.7099519837538004
4.631728410444423,-0.010523437416001365,-0.006671641210745245,-0.003652548467789808,0.00033569519911411105,-0.0017276237659643917,-0.004742833405460931,-5.675100140623758,-0.01602189929408021
0.5446925600953635,1.4124459461182164,-0.00010308226730252647,-0.018523065595083554,-0.0008928036717035445,-0.00392199989036953,-0.00012025058907283101,-0.004066295641050426,-0.009838123889579076
-0.0004647348460319056,0.010948100273630301,-0.0008816608363837533,4.2520907560460355,-0.0010284122218669478,1.6976757759341012,-2.905510500430161,0.0259660696952847,-0.0003250207342923861
-0.7942394094221659,-0.03542413636382626,-0.005190145591478557,1.0601143793025447,0.0028438563428022767,0.004724283875574286,-0.0007699675058274805,0.00359199942469734,0.008375440288539777
-0.011101539271295969,-0.005988075390373633,-7.618521442213607e-05,0.017693759025985387,0.011429467245641589,0.016578207877330227,-0.0019732340871624465,4.084075799239798,0.0071161679306412096
-3.1758836919882327,-0.02282332208485488,0.005198408422171197,3.3778927359480515,-0.0033085859058924957,0.000363497373237133,-0.041574068068710446,-0.0018657452814247577,0.0010557947974910303
-0.0007925150602242281,0.0009051175899288146,-0.0015860089368740144,0.0025036086705463936,-0.9723806773517818,-0.0022545726779934095,0.017350890838257117,0.002411966960355774,0.0042030006715815214
0.030121509488425485,0.013365753751387795,0.007074437596448306,-0.02113387196844063,-0.0029427860465095377,-0.005171360241519185,0.0035114924599207974,-1.6274743013827342,-0.0034642536398462424
-0.003386842810139833,-0.017184329351880967,0.005896688572942927,0.021214890755604888,1.3830033686517211,0.00917934246290053,-0.002167185612858998,-0.0007006122281710651,0.006259489753507404
0.0033587088569187106,0.002168894405300674,-0.005054140511811603,-0.0014618797274713908,-0.0020866081488133837,-0.000893502333111488,-0.004699248760531911,4.792494362748074,-0.051531368176396086
-1.1072604306155154,-0.010476529111896504,0.005587944789257351,-0.0010249364291198323,3.0553816180469306,0.08355288083093737,-0.00010703619898202359,0.002029643945810615,0.0076026125974925736
-0.006112004448235422,-0.009072282960959403,-0.12972128656339352,0.006314703168960104,0.9769088021090381,0.07812349119806483,-0.0006462869656818,0.005915707821437313,0.0021125929595158374
-1.2387754051169453,-0.007335216660821713,-0.001834632337997199,0.0061607904819623105,-0.0036774322436418476,-0.0005072630246396076,0.005370119021182847,0.006928733513729551,0.538651207459298
0.0005738620712458023,0.2397887945812811,0.296944772256929,0.9156634168774426,-0.004140898884835535,0.0005514562913922078,3.861892968375906,0.0020834292952326304,0.023443874342286092
-0.0007915645184615582,0.006573208089971999,0.023808224792066287,0.0022519696412338867,-1.7162445353898939,-0.002131330731612348,0.001608024404183895,0.002586660668357745,2.564008678140122
0.002207746933569385,-0.00826323519133687,0.0018996058659290435,-0.0005027738644147184,5.249432774615649,-0.0007191346474424432,-0.627068603766505,-0.005610434990551635,-0.003376751069287757
0.01056395516387179,0.0007786825106014017,-0.004643110023091882,-2.861725698658288,-0.002921056694756715,-0.007125185337019855,0.0018078648005674177,-0.07627454588046624,-0.019146373287698235
0.014329448244234655,0.002506427566482379,-3.3772649443822047,0.00031212459830616546,-0.09858035142397747,-0.11152338836043851,0.005942817613708309,-4.3750125359421865,-5.447680705313992
0.0016438051978736555,0.42084856130254,0.020545984883141168,-0.008218660733909568,-0.004522055601506498,-0.0017264229975545492,0.004945504277435524,0.000889488322667538,0.0013186439607848455
-1.6840407478922828,-0.026134772456042885,-1.5040645751789756,-0.0030419770664746075,0.04205949491823703,0.054271494051179994,-0.003878999036166335,0.0011295920594027002,-0.002964401152748916
0.0013248095573525284,-0.007737462276464116,2.219166619175029,0.06649823332545216,0.0021555114487769034,2.0179668245978055,-0.7794053603636524,-0.003077761140683692,0.0030837495790855818
-0.003634218873345282,0.00012657933268379884,0.0017100642918962483,-0.001975467359522658,-0.8603078811367321,-0.001596520590007578,0.007082089759817074,0.005565169395975891,0.005519812202017827
-0.059096837832267886,-1.5403448762556713,0.0019260234520785732,0.828663985378818,0.019820438667462734,0.05513208814704098,0.0015919577202072946,0.002739980889272868,0.07267762606094519
0.0031284619981533923,-0.00611895422620741,0.0010470344192868297,-1.6568203031902042,-0.006568984299651526,-1.1965026996822714,-0.0005114882034340795,-0.4941277172620189,-5.003593135136405
-0.009610261956807135,3.6986655813572855e-05,-0.0014531394798422623,-0.010696752914565122,2.287333947327353,0.6179179063204829,-0.005111125074130446,0.01063870420253503,-0.0003212508767035026
0.0010624148566712038,0.00011437687186411499,-0.04224583431906731,-0.009349836575958309,1.4222657163090366,0.0013969382399598267,-0.005740162456103311,-0.00012483814872931223,-0.013414315295584737
0.014633972726837377,0.0014725293812733742,-0.00950328302827147,0.0008835453463080199,1.8596172998438503,-5.972262315512289e-05,-1.2630478988512968,-0.007327360937944459,-0.6397231634124353
-0.0017812961581814574,-0.0018484340653831324,-2.4220222239192553,-0.00730635908011815,0.9348390111783961,0.0027608340878943587,-0.0021100307489168454,0.0017395310119352075,-0.003100123635553561
0.0010752314770217932,0.0025420657950152937,0.01371682624469484,-0.022190804085462153,-0.0014844180072354505,-0.0014275604252746955,0.0022904721205329742,-0.004857213427973566,0.0002681668710671004
-1.0246222863094563,-0.015754400010929648,-0.0010907804679901668,-2.5725139157251604,0.003018261114541088,0.0015251246132944145,2.0353512768321904,0.0007767460326290367,0.007096341128946495
0.006989833102868068,0.3653076268442958,0.0024122348999425,0.0017597936545065175,-0.026984489472759273,-0.0026033717748846366,0.0009010705714042079,0.002722124078647884,-0.0016674273678881513
-0.00010476875320695155,0.004764345853523359,0.023884711689890745,0.0018238479766400075,-1.4549501290347553,-0.002256356778255208,0.004358517700042439,0.00012313123160317008,0.004234973303963071
0.128526131683819,0.012139554385451397,0.0032021896632472603,0.001329909632338222,-0.0022731558302365173,-1.247599378303025,0.001265331173473154,-0.004866399284462825,-0.0019256121506824892
-0.0001740390683113883,0.8308295851517805,0.001172258971974322,0.00473309056793498,-0.009638629731368345,-0.0008852444814484787,0.010248097352682102,0.18210456082710266,0.005727610725279367
0.003417891313184448,-0.00026178230208176326,-0.002173353420063969,0.004937968074221536,1.3830633575630106e-05,-0.00015762396237908156,-0.002618373812330531,-0.003965876012901184,-1.9407736842644936
0.0019482113681673803,-0.03085090622629011,-0.025528810048289937,-0.06276794338777858,0.04437433675227825,-0.0001996921256640534,-2.399488340565238,-0.010556163448886439,-0.1302208863774802
0.008799163590431385,0.03989731503084072,-3.560268641047717,-0.001367502975741057,-1.048921717815685,-0.9639962894123895,0.0026279155608569978,0.0052460878813168285,-0.004233496906954064
0.005122556300770034,0.0008316986271331914,-0.00259466914805787,-0.006420281255094071,0.8287504814090294,1.9798406826759845,-0.021633313353038475,-0.0027478394195555728,-0.01610172733808862
1.54527305694497,0.04255963942437823,0.009056256544733486,-0.008148421941773454,-0.008307571139186162,-0.008202038731255456,0.0006441858931524984,0.0007180193446254437,-0.0022842415336583946
-0.012389784990401836,-0.0034016492363240615,0.002992865414147977,0.00048080452377299783,0.005029269669488558,0.794991315948689,-0.0029660780670710887,0.003264904790492444,0.002319826755822693
-1.5957340154837316,-0.014631769553295405,-2.9105649329017678,0.002185369140740754,0.007999328519750784,0.20253481416444552,-0.01096077767033947,0.786425286815153,-0.0025037960756796353
-2.8469355655868114,-0.00982436994143619,-0.0005588004298824212,1.683273962747182,-0.002769978335444581,-0.0013654513489937243,0.0035213930505617295,-0.0005182155231145164,0.020521629526734128
-0.0022210182644514086,-0.02770276324142976,-0.02854755708903019,-0.004634736333869754,0.05831320632062454,0.0028936949115723263,-0.008037369711563339,-0.0016758888141983675,-0.007330452037072897
0.002835684070539253,0.03038306105566202,5.176863450092511,-0.007019531615354676,-3.5090460986964507,-0.003891503013346856,0.0038044554326860792,-0.0015921797184206103,-0.0020635171748898395
-0.033516496022890176,-0.014929084304916941,0.1035038505924874,0.00018523880512509605,0.009304809946699993,1.4229391031826386,0.0010605905645852606,-0.003461248641649143,0.012711147213424853
-2.2204866964268746,-0.0008055394154711827,0.013837044538984173,-0.0059025428594185626,-0.0038893612559281476,-0.0024709777515855924,0.00815979008792684,-0.0013071294445345417,0.9521710807262109
-0.006348038324094197,-0.5637716152251657,-0.028633044043421096,-0.022364774669092674,0.008113268638667903,2.5940692832395227,-0.029183028321718985,-0.0002430056273759985,-0.007822377242735708
0.0027750240070699888,-0.007476906525072143,-1.0493690489184326,-1.9677578616819131,-0.0020831975852497464,-1.8906430800207308,-0.004055467734588522,-0.0010832413992658083,-0.018368814847540188
0.0014032911297570637,-0.003520266001429663,0.011668949246911578,-0.007226643617931631,-1.0756830352049482,-0.0190932768593485,0.0010150802544590823,-0.006915118915418025,-0.0003803865712430504
-2.6158348103822897,-0.015747536030577967,-0.013449066733124113,0.4336813931147426,-0.0011370506043021505,0.0007562120392359116,0.00046630235225793987,0.004779308411423931,0.0037228621952578866
0.005345109790431929,0.006956719617876864,0.000855961417498826,0.004623532951022942,0.0026631319225050723,-0.00027315426886648404,0.28670958086837356,-3.1923359641589952,4.292603699372166
-0.008086380749634772,-0.007789101224877932,-0.01922237033761156,2.2277537476638605,8.20491825074543e-05,1.0162059298844195,-0.005240907617128601,0.016188986469622604,0.0010877446779270113
-0.006549457596928895,0.0026413426592373866,-0.009564896855234359,-0.5214500699604634,0.009608625745751886,1.0996458095203125,-0.003137568014659191,0.008939340546882925,-0.003664596222218261
-0.006674168180722939,-0.0033397522496982843,0.0038843373097706205,0.003149592598543231,0.0016760803201129604,1.7626685370995732,-0.00031451872116705637,0.0014360650685183182,0.003303067331660265
-0.001166721730304127,-0.007201233077861373,-9.382849630402285e-05,-0.029920736137526424,0.0024456725384606054,0.0003708908914688343,-0.00548150457688114,-0.8501550144590895,-2.557136401915457
-0.006253107475328427,0.007334948172595029,0.166174948191637,0.0033697683530772397,-2.697304371987308,0.0021930130470514883,0.004637145620602065,0.008642858361157038,0.02382366535066991
0.009607758005735996,0.035338624739930435,0.039728307078729715,-0.003442064178937698,-2.2378497303902534,-0.20589254069152885,0.009014277295554712,-0.0072923506448947465,-0.001492834115369929
-0.00882680925743126,0.0028722105993470547,6.681728354100453e-05,-0.021543031358177037,-0.00012617972211506666,0.0002354928015414334,0.7652754369528864,1.3217639555378013,0.00702302780554994
0.044918063844337414,3.5830261389513325,0.0016994868206891972,0.02294190354348579,-0.008072404642470984,-0.0025139395999840856,-0.0010280461171562547,-0.002141192355300624,-0.0014905893200395381
-0.0058625512794238804,-0.0009760876103718386,0.002400508200600643,0.0020513352196690968,-0.0015198435234123828,8.765728662663182e-06,0.0006447046420101701,2.8334375248656976,1.8189035991607172
0.004533821324623951,0.025661320490136183,0.004032138595975199,-0.024908295524926793,0.0005839882081024114,-6.206398182759254e-06,-2.1261319649966093,0.002029642039885834,-2.04315980063331
0.0147918984283786,3.8477547348211307,-0.015175452257908902,-0.15771730301771986,-0.010485292531014656,-0.11763900674077729,0.0034790305885867567,-0.0021897930661881797,-0.0207451863089965
-0.004054748524927773,-0.0019439402292999672,-0.017523409442222155,0.000490595626675301,-0.0074952894669603745,-0.0004865434471129063,0.0017263969349212472,0.09536930103820898,0.003378007626592407
-0.0063495296509499255,-0.07723315541754272,-0.11252286304975266,-0.10738571779341954,0.007462660453223156,-0.0007567305327708385,2.7805444615623225,-0.017304906289341115,-5.186702250230225
-0.0020491332578054695,-0.012621786958645735,0.004475164925106633,0.0020549003063078672,-0.00785269915201945,-0.004749026852824658,1.37106611903605,-0.010424491177718717,1.4445319220281374
0.0010198056504558805,-0.02480665652080454,-0.022368942327206147,0.0036046416452422325,0.01346037231903128,0.0032602036559533296,-0.8156705141051777,-2.893477977992714,-0.029095854262374543
-0.005159912222843201,-0.0031516108723223107,-0.002374274794617367,3.288098054437229,0.0013755847804780008,0.0057951419999734965,-0.9824212264602011,0.14088294710433744,0.0017120192338015913
0.0014312341845535894,-0.0027985040145861754,0.015805692344734397,0.004003100322024921,-0.02867029964480819,-0.8515615083264235,0.015603999218481449,-0.009944512419731287,2.1123498516610075
0.5487417084179333,0.10563406050403557,-0.0044950745632829255,-0.0010474547830616274,-4.492605656657374,-0.008570551229306667,-0.002067261451694408,-0.0006501025728290651,-0.02090768769838153
-0.007673865790446057,-3.851990396396709,-0.0020269053832757955,0.0002278456311157086,0.034044119811627666,0.008538647016897766,-0.0009384153827228722,0.0010259075577790176,0.0016207721031886997
0.17553930778558113,0.006269085996452917,-0.003807444361855358,-0.0022349510230645145,-0.004194802245572355,-0.00540628458302134,0.007452317088874486,-0.021793702940059542,-2.304014849631298
-0.006439289134172105,-0.010595205189517107,0.00566760354602641,0.0003318566170904258,1.00125452699365,1.524641052661181,0.0022855616573015727,-0.005820032628435015,0.005157305356045243
-0.004446096855532861,-0.00017460999948742533,-0.011833847972204464,-2.4618091194230862,0.0007903454702717265,7.876993183619754e-05,0.004541396367329359,3.8453278028666604,0.003329548193861699
-0.006921222577999306,-0.012904982945039278,-4.932282474789416,0.01675951421537116,4.187458801930223,0.017035825079737665,-0.0029038359073935275,0.008355813623350593,0.006205537240815042
0.01090621636350925,0.002771074419171823,0.0012208651283054333,-0.006272864329457803,-0.005976648224948387,-0.18123412715917694,0.00860739509334139,-0.04804087250313684,-0.0021445825897235798
-1.9254037320876771,0.009319984520808856,0.1811392230231908,0.001108764436208567,-0.003199231426355066,0.0004221222972637254,0.0021695746734871554,4.085908208354302,0.09691818961600629
0.0013391795988025451,-5.186272335657446,-0.47188707303769517,-0.00035632124796877024,-0.015023914097527041,-0.0042777772688066505,-0.0018414604435844223,0.002357479897633706,-4.270298275839394
-0.008070573815256487,-0.024324387367302348,-0.013413603008701045,-0.002474739818401494,0.34212152379244953,0.009139306471845954,-0.006925247476285817,0.0021384935967277176,-0.0009374350760687298
0.004045306000301983,0.016562502839065085,2.3727095186444807,0.5559425844719517,0.004997670086883316,0.8931197146883524,-0.03150903974722756,0.002142157762722416,-0.000346891894694442
-0.009057931065757585,-0.0026749663833057534,0.0037596165917041513,0.0065597694946321755,0.005552127770525694,0.006315563776593269,-0.014038370134589657,0.20426521855036217,7.181258977226131
-0.004313683960579434,-0.007560208113662661,0.001901559513444482,0.002225210335688052,-0.006742137809911446,-0.004808747476825366,1.261323138117053,-4.85465387287247,0.7346887328339577
0.09581963053375225,0.020719238958137622,-0.009130266197861996,-0.026316975466669924,-0.0004032841735255033,-1.1663453352626754,0.014245945436489882,-0.0026143118647405893,-1.7653325608180943
0.006195537560239793,-0.010018428575315035,-0.031311571186158564,-0.017721162836091355,-0.003834571357534511,-1.2204104092564754,-0.0005645102976634397,-4.99325240490078,-0.020852751423206195
-0.03083797409753744,-0.004840624892671598,-0.0002271454063647823,-0.009824032770029554,-1.629554407820322,-0.003538239404594301,0.40637380116546884,1.8993085686369788,0.013405101814937308
0.010707434159586514,0.013308776212796223,0.015872404679274293,0.025055431830600158,-0.05427630553056489,-0.004900562345430514,0.0040287497981660175,-0.0022557273102623014,0.0020525611149003705
0.0015597755709680118,0.0044930809135447156,0.00043936294817402215,2.87631606985505,0.0008791107159342205,0.0008270132473595826,0.0019281044636101355,3.615106934164034,0.0035164463029061926
-0.0028698739421981964,0.002736385148972148,0.0027330814699175615,-2.762270469733381,-0.03815033403655664,-0.0037228390597969854,0.0029297839516121797,0.661799740991126,5.511373458470724
0.005054180217836005,-0.017861875258967347,-0.006128126963237264,-0.020680152035408114,2.6131639414656402,-0.0032807800757804345,-0.03299902457555308,-0.08920198312299679,-0.06210789406321822
0.01983298593330658,0.00276770789273507,-0.0037274704053654674,-0.009712870139745278,0.0003921687181442145,-0.001575340790531406,0.0007727438621167823,-0.4766915705998601,-0.06501453855786639
-0.0006457963403484757,0.03225929761741905,1.9317680159109034,-0.005658659392987657,-1.0503239774817077,-0.0021855575181235452,0.006001736598465526,0.004071887440309418,0.003161913870308234
0.005124753095467088,-0.006147776533339477,-1.4238567575048877,-4.187089707881809,3.574136452688846,-0.005419358618274639,0.0001239301003118018,-0.015945835595492834,-0.0591551888264541
-3.2762976081335027,-0.0008223131517955413,2.6167925107194105,-0.00617908529445573,0.013814238862440334,0.006854509321325979,0.00031167507496992347,-0.004003161596283055,0.0047307632049856385
-0.0016296940827317107,0.003736334230307111,0.032813383709403704,-0.0006682603006370655,-0.3963113357391291,-0.0024773217584420945,0.005982498279509519,0.0034578671129789178,0.7360118276314089
0.005225209927270326,-0.000798313813973757,-0.007491796757087954,-2.8771357163434823,-0.0020442710896224087,-0.004113260731455135,0.002032656508875963,-1.7659201829913953,-0.0103686666438942
1.9576733463057625,-0.00034291292611779087,-1.9292346251446209,-0.002645518422084791,-0.0010620855001666658,-0.0041548999108604705,0.0015014908353143171,-0.009486591526991203,-0.023301156251553073
0.010046347144627692,0.013328100665740677,-0.0013571719798028672,-0.14065452328120998,0.00021438647534471889,-2.215114842206399,-4.89609310348056,-0.001799270936566219,-0.07704579862520211
-0.011888721833620332,-0.010413806783500843,-0.00565456347416725,0.0014932466867854472,0.008586438264489855,0.5368465920748939,-0.004462729400688967,0.004023545997245598,0.0005347797323652726
0.0072490811724553305,-3.5521554224999043,-0.017393154550847743,-0.011449533931331834,1.2152922809064277,-0.0018241566883541796,-0.006997115912368859,-0.018635417389358554,-0.02430864907440146
0.0026595600710214128,-0.001953707430173493,0.00814339980987376,-0.005190335562794163,2.2833370997038975,0.0019988575083177695,-0.01361962625059737,-0.5659871191558339,-4.733450454594376
0.010819671019254887,-4.7407718661629517e-05,-0.0015889727775508932,0.0007205462883860536,0.7008327596361319,0.0006815622069827991,-0.49331787764372925,-0.29809785619985185,-0.023286754016005336
-0.007592913894757613,0.0021423471487716783,0.0235834604252136,-0.0009145726714553069,2.3252808482768117,0.4572967748093264,-0.006726790287259123,0.00394959441867293,0.004203729900568417
0.0006764353833893268,-0.020992998406718588,-0.0018304988768379224,0.0061437197970421915,1.7841319324884835,0.002294922429753786,-0.01310267575526397,-0.0035534385552157773,-0.0013975058673529692
-0.00035089703546524085,1.1106822098235865,0.001536339587732168,-0.2767145242683322,0.0017053859084740766,0.001116811505337812,-0.002968431093270228,0.01148783072597442,-0.0048728818106359454
-0.8420207598944097,-1.712758039076728,0.007385633095921799,1.3592572364502689,0.0005590154084281623,0.005688468185410803,-0.011560821764549117,0.0023587899057480907,0.011489792603515132
-0.001414758740863463,0.08508485210543038,0.031403301651128354,2.4948304089696824,0.00556884586266966,0.004479527277666595,2.854324138643128,0.002732553439396971,0.023416344616547097
0.023634105247004888,0.002945374716483546,-0.005325614312448747,-0.0038347630680900416,-0.0013682431475490176,-0.0023750610248502485,0.00030047744285050947,-0.012075429664172639,-0.09908692519190972
-0.0018912911747244326,0.0007178364683148707,-0.008433218547281988,0.0007101142216730909,-0.009552368470873825,-0.0021316569772518307,0.6513217967901925,0.04511942010741252,2.978468852982854
-2.5657947121471705,-0.041909790562583926,0.010062095752198491,4.001669432146654,-0.0002751865527337305,0.014564635569494777,-0.009753327915415888,-0.0005165197485126477,1.7521207798642324
-0.0036873886738861446,0.015202733560705152,0.02518230636531258,-0.7995009619000079,-0.008839826309254789,-0.003153332794427595,1.1407647996242853,3.096252096724505,0.017606219975913134
3.1595659336791355,-0.0031734888273489553,-0.07899984287168282,-0.003992067238051088,0.0005895909569468699,-0.0027836100613310606,0.0011864715258270153,-0.0029681120111557935,-1.4081354081293815
-0.43410756200021794,-0.019712783147866692,-0.0017081708979134044,0.0166023633768688,0.006457379399448062,0.1066799530885385,-0.005569376559830013,0.0060935555513325825,0.00448735995075368
-0.0036857620016565174,0.0041437551344553625,0.008375010985150054,0.006424193393587838,8.45362658138868,0.020067186963331762,-0.26647053644613006,0.008418387136840545,0.002888411766125209
-0.001018397981892906,0.003195558783552626,-0.0013145833037519344,0.016401817896128948,0.0013048891151519193,2.608745288196287,0.0023838291995474936,3.229085625053373,0.003664837973420182
-0.03366740426595164,-2.9769156922498667,-0.0004183912178051495,0.004811801610554711,0.005200050116753216,0.016910367906275887,-0.009241375471663163,0.006924346274372616,0.003153273686179405
0.005249058715575683,0.009967568195225762,0.0014052000937528541,0.010348699955117148,-4.019917851442262,-0.0043363270434209344,0.3286848164507291,-0.0026888573712553,0.0017266544907384006
-0.0002548005325318991,0.006454867892889293,2.1075797788582147,-0.008582630336258435,-0.014071365135094962,-0.0030502058820553292,0.25614375343412166,7.464690430923567e-05,0.008448260622481297
0.0007916423032313501,0.0021002806134562753,0.0030258642702062633,-0.00824106143881282,0.0018007943384582372,0.0005241957790069773,-0.0027051991805431145,-0.0008954403350802907,-2.7401788241623066
0.006557547826418015,0.0014965132046220757,0.0014652723116358054,-0.00497016830177852,-0.001852216083414577,-0.002526683220177721,0.0005030417495818862,-0.6812994546256916,-0.004711238862662743
0.011406273637029814,0.005827214690469183,0.003052976838665681,0.002509721574508245,-0.008828362865783299,-0.6017700906227073,0.006725253203300766,-0.004275006286491014,0.0004955674696566974
-0.00586440932589058,-0.021905158930204092,0.006764394158981134,0.04139270968265105,0.011143826826805384,0.9770742542636687,-0.00017285082224846593,-0.003504458041740758,0.008884004724125694
0.01810126939305215,-0.0038070074386453746,-0.013418555811866226,-0.0021163410509193945,0.0006239260910022582,-1.4651403243885497,0.002866683579965862,-0.0659385478730054,-2.842390348069432
-0.007108055513617032,-0.0018809618648131605,0.5495530111535056,0.0029846882930336053,0.0024313842968308424,0.00212274821563472,-0.00143915866101456,0.0031707741849018476,0.5692588976423827
0.002087161665994943,0.00707285590140013,-0.010184163480261505,-3.018199487422821,0.6343822858088382,0.0024316852292444596,0.0008165987302927416,0.0003639302422011829,-0.012108805483928071
0.0010467880602275893,-0.0016619324445955371,-0.0035193080346542704,-0.005050327700397251,0.42385923043276097,0.002489707895603836,-0.013529654074839803,-0.004000055551322875,-0.7327409172841463
-0.04702422780881696,-0.019137224782209028,3.290037049353019,-0.0032552839980869884,2.9786996637679954,0.1375757023515476,-0.01346037550050707,0.00490876604241465,0.005229964624345116
0.010633875948456661,0.08685154853083854,-0.0011469702923886105,-0.003146843791151488,-4.474492791850068,-2.0701782089479295,0.004492812169456573,0.00821294775867032,-0.003973395979801977
-0.013526793725161489,-0.0005154979410905217,0.003847329263174443,-0.0030907386107342587,-0.008961586295033068,-0.0010143471270213627,1.0553617142005105,1.1764252169639247,0.12116551312863932
0.059738533154046716,0.011119890911438553,0.002441083247429622,-0.0014504279506165857,-0.005085226217995991,-0.41969565178626594,0.012034623493872014,-0.009199194575306047,-0.0011665870598697664
1.889290440362291,0.0013822121816058116,-0.001226129016247514,-0.024918327153445604,-0.00032563347013258095,-0.006541934362208915,0.0014746438412585848,-0.07121306160513392,-0.00823506954253083
1.3421737598857721,-0.005769871487610906,-8.569001889139125,0.009573897676458058,0.003006486476432906,-0.0004873333949493644,-0.001940398402396266,-0.07593511244034967,-0.008618660046362123
3.9090229616620196,0.01654656499914977,-0.0009322020706421415,-0.02213183075293621,-0.00046133077768707037,-0.0008451649747494309,0.0006264487913643334,0.004886532768280988,-0.006600808114776327
-0.0026846429557222592,0.007466920719869735,0.02756231816630183,0.0011267161294038572,2.819618906580725,0.01519085671484896,-0.07689612570686649,0.003792314182831505,0.001764578514508697
-0.04934685337714954,-0.007061710115881206,1.226939848342524,0.0038903376514756284,0.005419348313403474,0.41045944030132975,-1.5010719866496807,0.004386578721608171,0.01695783637401548
0.004770281432379647,0.029792970247930664,2.5581788882286123,0.0712999279802809,0.005281622329828872,2.2051737053396643,0.0030888604862367997,0.00308077849980401,3.3482062274220254
0.0003612065189910062,-0.09863858242443546,-2.500510650802996,0.0005198859532051456,0.007101861910811078,0.0015139988688149756,-0.013315313906902878,-1.07751067838338,-0.025988811464185774
-0.0011344562893036494,0.004293267532710768,0.7690940038752868,0.010416397197125815,-1.0537346213582,-0.00125516513695385,0.009143159821476655,0.0019494706481868198,0.03514914584921451
-0.07741327824174579,-0.013019572458228781,-0.005925323769885672,1.3025132443927627,0.005967552262406195,0.9316316642708268,0.0017533640195166594,0.0077285271506083095,1.8546335121011213
0.014707366291503238,0.0015239799964253521,-0.02941352501750238,-0.0017988398221687803,-0.00034401225794365633,-0.001790536639028097,0.0022488469558494483,-0.009582497260380641,-0.01914654166593452
-0.6535884990880741,-0.005809996787408414,0.000899636453159886,3.720306902939221,0.0006427169400114469,0.0031318572348188636,-0.000466172195521513,0.011543466656899684,0.014517552719875787
-0.007309074376114971,-0.6650764474460802,-0.2771145025057623,-0.008774002434009803,0.013118322642836355,1.6906548821115814,-1.5772857495859167,0.001887174198936012,-0.00894417080292087
0.009731891319059015,-0.014334483544003782,-0.007788005989514351,0.11877216958179532,0.0069181115568319315,0.0027402889073347182,-2.0333259548014615,-0.049673716317905514,-5.074930326059032
-0.0026713257082219876,0.012424027344686854,0.010540681094647652,0.018810517399344112,-0.0020028375995963243,0.9131922851276296,-0.043707144294457156,0.36481633992845686,0.003614857370102191
-0.004945689278948881,-0.0022548186383161382,-0.009284413639020498,0.0005220436706570138,0.012398392107032974,0.8188458275642367,-0.0038397603611396783,1.8188619403581023,-0.0020090712895278265
-0.004887225035922267,-0.015270147856309743,-0.0026477612879466372,0.0016506099895919751,0.001580408486027557,0.001394076245421011,-0.04391711138432797,-5.99419936157472,-3.439951252346358
0.0014524772410801695,-0.0031829019322204936,-0.0031470643499324873,0.008940364549445209,-0.009270312032200682,-0.00439343916180285,0.005880949825297535,-4.084830992084966,3.2932485717409894
-0.008031957927125868,-0.0018565159378147093,0.026855620498418074,1.650428657456375,-0.0018940856491491548,1.1513071958757441,-0.017271552865563006,0.004857024204826624,0.00841064833390872
0.7141926463742231,0.006037979941891807,-0.0014388884066516665,-0.03015187738685258,-0.005422207551963196,-0.12480887519351266,0.004188271978226077,-0.036397715794192154,-1.3722034068941893
-0.005484141956034729,-0.004325943567112984,0.02334350932959131,-0.003795310367008698,-0.0045722075136838125,-3.0196220335624053,-0.0010414432896221903,-0.002746357276479809,0.0026533919132855598
-0.010031930086666753,-1.5792024887073364,0.0015887532651210606,0.037930818326914945,0.014922884991712147,0.015225596601127201,-0.0016635413596470371,0.0011194697948015077,0.007938615163636377
0.0005799676046740849,0.003381185804735754,0.0006319883266477644,-0.01291289200509307,-0.004493178489377067,-1.4314876927723144,0.0024504102139666223,-0.00038831242949542233,-0.0006761445018862063
-0.004007703083364334,0.0029619718406770634,0.012699865567283575,0.013602236090376009,-1.8178012944130848,0.0012434903522115792,1.3013129497828444,0.006040937863425955,0.07341574692504088
-1.6856868241848575,-0.00989417399384922,0.08811720128720862,-0.0004042243116451176,-0.027423962712445904,-0.0026721200269698257,-0.0027749943938806393,-0.00017121909156558868,1.6808287521775829
-0.004811458149294801,-0.004429451653328342,0.010033748618732213,0.0029273542365832574,-0.01548567147559865,-3.0196918461295086,-0.0012776986457202766,5.9811320324157716e-05,0.0035646659457331566
0.001950884133269118,0.005558625272092027,-0.0012135903122964453,-0.16325579992265404,-3.522656113483035,-0.024037453060619607,0.7958264436823193,-0.003618384112276673,-0.0031863837818307122
0.019774903785844733,-0.0038488374367623007,-0.008009864843890834,0.016709527153792342,1.246991962325671,2.100972496617464,-0.003192657331447135,-0.006996368292586458,-0.004126867235082061
0.0004053843547171688,-0.0007108232827556997,-0.001100224367285505,-0.0032754049363163187,0.0003209274391795157,3.806906101740115e-05,-0.0019074745965522984,-0.0013570973736383996,-3.209429829342808
0.03293132972561012,-0.0004094601911223319,-3.359558124541816,-0.0037734879358115,0.005853564157428048,-1.966065295504216,-0.0019489345679130216,-1.2694315645788146,-0.6990169340710972
-0.0031934403296540875,0.006474024250206822,0.0013196170172206094,0.003724271184038265,-4.0215617739646445,0.0011772879177132378,0.008133827535641997,1.77279879112856,0.008058646154904966
-0.01002641993729711,-0.0018606464123372413,0.0017301680930069448,0.0005919126757063728,5.587092379912756,0.07265554200860613,-0.0941595563111785,0.018919838355030607,0.002526944358111561
0.000260415653344768,-0.012459383032844377,-4.174078848031057,-0.011738386589553819,0.002991221141774004,-0.0013468708240324135,0.014691451918320048,-0.32288259255758883,-0.001284879756847556
-0.0038639661944937648,-2.4988758702292058e-05,0.005747379535843894,0.010655518234151187,0.007701111233415658,2.3714041271215596,0.005308518400400863,0.00026904711638277984,2.6773732043332314
7.767712392127424e-05,0.011867575181322483,0.6317238198938075,0.023018628825084195,0.014342235452040636,0.9022076346438834,-0.004307040080156824,0.0032150334403580755,4.28604696027088
-0.006355670060800293,0.0020515381849628977,0.008586780392527998,0.08285443949404275,-2.5979910459556237,0.004480206176482579,0.0035891603885897716,0.02606143076332198,0.18165918792840774
0.008665820200986857,0.007870424877777726,-0.0052236262782654275,-0.27364832435827213,0.0034545620304143945,-0.004016805459464173,3.8683926828136963,-2.9637615118177596,-0.04980063422669875
-0.027206865448728676,-0.012308272978441233,3.7766092275960004,0.0017750750473554087,-0.012840347708193978,2.914939042008802,-0.006780054285358106,4.751185504413183,0.01109302126893813
-0.0006828028268423486,-0.34377727038516026,-0.014918752196769552,0.0016855309693555448,0.004526894462463724,0.001258903476735164,-0.1534692632410761,-0.012437813791737678,-1.3326863350644365
0.00038171841173716484,-0.011645400135314107,-0.05289256219153889,0.0008932384019591198,1.136529035112909,0.0022054854079876403,-0.0038161600175370056,-0.0014089599422254739,-0.003749980884664531
-0.016366489320871577,-6.311020209108193,0.0011825847909433806,-4.943243504042673,1.7074618623052533,0.12800441095350257,-2.6021806836799986,0.005506849131606109,0.002432205703111187
0.0021173477515898254,-0.0025269965953980335,-0.006128551268768106,-0.0034314836152715303,0.000691264643309444,-0.0003856961827154869,-0.00301099918827781,-0.0051449660032614085,-0.015580278658142314
0.0024212357358766035,0.0022116033766877534,-0.012229697346993394,0.019930376431113533,-0.8500347052007771,-0.00383805928527321,0.01029070911997817,0.036903304427818084,8.982153290918593
-0.03095316100962206,0.00011932417588050338,0.046943604332461364,-6.215914452423199e-05,0.01151827051800619,0.8364236342533417,-0.003399721492939989,3.7363883875034585,1.9497359806377652
0.29599585085176083,0.12376501134701698,0.023161845946277224,0.007984904466788822,-0.0005145384396862654,-0.0008319612767139044,-1.255197898456542,-0.0036438738230100457,-0.005226926887028648
-1.108553889569595,-0.059855837999912134,-0.006793821409885551,1.7940293498907436,0.004883334976445164,0.8363024858957365,-0.0027811799100884715,0.0024353053347236373,0.003958024949214843
3.2489746749786423,0.004067595067125229,-0.0774578217197304,0.017953346225628636,-0.03826123750286736,-1.0084299428092791,2.284517155674834,0.008546579889120581,-0.001830808305579551
-3.423504608999692e-05,-0.008404872152738774,-0.0011242009680869718,-0.009814039137448424,0.15593729429878034,0.001448848398502206,-2.2764338234557258,-0.004773163235666257,-0.004054792017708472
-1.2178892875342269,-3.552309103730421,0.0013954058941422348,0.5976385251112619,-0.0012900016148772453,0.004309833881378715,-0.001237716097770604,0.008748846526369454,0.013887981665076148
0.004676686378419272,0.02248061079870127,0.0069075896753657065,0.0018319116336339733,-0.010079444691024536,-1.5396207444462222,0.003746602829208759,0.0006735235782038868,0.0014244273259204562
1.9365102257091973,0.03560791829605536,-0.0038543519422433482,-0.011735442269104703,0.013417123703528808,-0.0002876150777863795,7.819098113889405,-0.004273754387702361,-0.02930793629687175
0.009557918257542819,1.177327014522421,0.0003004943708538521,0.015884178405884575,-0.844950138313644,-1.3345773079102985,0.010910707188453286,0.0026979200477494775,0.00235641690583375
-6.87552493552844e-05,0.0033674902978248966,-0.0039000485193504725,-0.008450291986385493,0.0006148643908096946,0.0008547733755601636,-0.005424093179539538,0.37037293589340853,-0.2310577481427949
-0.005770666822331849,-0.048489040109256365,-0.003689675766963052,0.0025282075498477274,8.479811164849849,2.7814758998430733,-0.026817826559777158,-0.0035972754448221345,-0.0029775558215882347
0.004440556170255211,3.596322288153611e-05,-2.5827987810753497,0.03766414333116821,-0.004471235955770484,-0.003130037890280546,0.017783643149669445,-8.130053158141877,0.007670233942493332
-0.00601716795072918,-0.0016525614604600142,0.0021795379042801725,-0.011310211695400139,-0.0029193456637608226,0.0008398392884080216,-3.2803590116658348,0.005469032647396217,0.001588120730025686
-1.092551320408233,-0.005298764800220164,0.0006404635862036993,0.0061308986822971355,0.0028827248697739245,0.004254689141018456,0.001137496718140312,0.00345668503337901,0.016366141484030327
0.0004906732557067189,0.001969484193676388,0.011977765286161714,0.002890063521685026,-0.002708152900144714,-0.0018760449113453628,0.017154594362378886,-5.080419084441804,0.7557755610996613
-0.0006805486188268418,-0.015481901644671656,-0.0007608189836982425,0.006697178380000708,0.02560208131825902,0.0034284589222158303,-1.9875445885917353,-0.002191745046518104,0.0003709969947706306
-1.6347281742940547,0.00252359549636693,0.014019123433512021,0.012456854257474559,-0.0005431501242677342,0.0049792738644673625,-0.0003241752832760132,0.02816241492542363,0.37704569009901034
0.014264156677856382,0.016193805394139615,-0.0019383880922777194,1.2361887393735715,-0.017093066083471276,-1.9718517188754117,2.8371005508225284,0.0012289119067536575,0.0006513414454633326
-0.0043140661561189425,0.0002162278428405926,0.006244086123319949,0.0059714319336566755,-0.0030329017595826556,-0.0005160067409036498,0.0003493139351905591,3.1312907974241972,0.012884989563839065
-1.86595424008949,-0.5786873987989326,-0.03447265166134337,3.178059359322355,0.007254761864537877,0.023863140892344228,-0.005272208400014855,0.0032092002162310554,-0.0015350206193368368
-2.7007591856278,-0.003432842541757415,4.6267276915198945,0.010710598183700425,0.004017379710882785,0.018797735955966614,-0.0037944364153319823,3.311407129300799,0.04671059202298722
3.2340541140063346,0.003652416421134816,0.0024934634619270465,0.002695472685605554,-0.019799248278923168,-0.139905261899517,0.003887080376453779,-0.0010274924980731403,0.0031526747019558
0.0038978055859353045,-4.5729007487772,-0.001712896378017248,0.16845399410464673,0.17085099999251963,2.1105441447891904,0.005165844416623017,-0.020580294277333558,0.0022727768738087933
-0.0006090971883111369,-0.016055324033842827,-2.4177683010169684,-0.002452163617753355,-0.0034060250023018753,-0.0007397918045780293,-2.0407723679821324,0.0005555192653523781,-0.004333963776610401
-0.02011584506104134,-0.0075296806566792175,-0.0026525695491564426,0.0014007950363117334,0.0055916201338263374,0.005169122884400568,-0.0024171944373289215,0.008651278912323614,0.0036155591109702056
8.634909337951885e-05,0.0016885549293389202,0.004897668870017106,0.0019491496805638733,1.7637934438706044,0.0030547961603906992,-2.3942633465171608,-0.0004636494471809034,-4.3610458647152725e-05
0.02218480985380794,0.01863656484970916,0.28280685681039486,-0.03908149446240988,-0.005807709369672906,-0.006024470705416769,0.005223038210480235,-0.06960393640797913,-6.879908352693807
-0.009682063972155734,-0.022488640054328643,-1.3112760669005548,0.0023368089224558627,0.008715051739778771,0.005328222407760662,-0.004872734752907873,0.005326478551483148,0.0015489283635773308
-0.007760143056286445,-0.00379060537473061,-0.0034954397278322002,0.0003500825326467616,3.768171230101096,1.4325659639883472,0.0015975681478280108,0.006414960241139134,0.0031074777543476807
-0.011382006282642854,-0.0057193254102759225,-0.003215842538350793,0.019777137624676033,0.02035608504265752,0.021273874565915812,-0.003729811298455954,0.01866914303964548,3.0840473932204695
-0.00037194921921216567,0.01059367868563648,2.9337152239065163,-0.008004303502347217,-0.0036983838522104597,-0.001174402939394785,0.004095603498921487,0.008670894292050563,3.2740636159657135
-0.002957546333240326,-0.009324137027232948,-0.0017747036650572574,3.307285545971132,-0.005240550057690251,-0.0015813178385150617,2.50509830313076,-9.644305126399813e-05,2.263148675022629
-0.06492674027504505,-0.003939601755362167,0.004840509068166346,-0.0002925091916034106,0.00028540281884105283,0.0016318504991868492,-0.0017600138913902112,3.0329867065337357,0.009611882131570763
-0.007372996012941224,-0.0005411909329787468,-0.9784581915488815,0.0033902441820856943,4.648201677214015,1.0883016821421787,0.006131902175835088,0.03546325355697311,0.003743586466634724
-3.6456792656174435,-0.00218369913443387,0.0009737926584374584,0.005487646900115459,0.008416362870911354,0.11526284925761096,-0.018388126128634566,1.6565942470205746,-0.0015163595687854026
-0.005018698401684316,-0.0005050204269926653,0.036760341924507056,-0.009037579038811045,-0.0018049371447846907,-3.027736431144797,0.012245814842410385,-0.007167328617118614,3.760855578713823
-0.002187111617082054,-0.00746993248205724,2.658368534679844,0.002062019325286126,-0.3526566594488534,-0.9507694618334577,0.005930431469754541,-0.002803315898891663,0.011003966224297832
0.0024529237178234076,0.001861731252104773,0.002402334003175287,-0.011127172391267509,-1.7409648455837097,-0.01985685268848536,0.0002980704990071378,-0.0017897478904054798,-10.164196705697305
0.017947321269124267,0.0037732180178589644,0.0038062378454295845,-0.13888473003555352,-0.0034080561001321175,-1.1181572254546857,-0.004175832959622552,-0.6653425747815822,-1.6688945733535476
0.004964582746163827,-0.0009860617377933784,-2.9238809665400827,-0.0004803228200552581,0.010133493289129141,0.0008315385138516897,0.0012826587883689173,-0.10759492352711497,-2.9440684352597586
1.7388578576051668,0.0024622222472256436,-0.002976610669937095,0.0017828695371755346,-0.0007956414646850402,-0.0010843320014079661,-0.001440998942234973,-0.0007844907359109966,-0.0069219233414836365
-0.7551521521573679,-0.004903395110382153,0.006788982126386453,-0.0015271252546959048,0.01074430271565633,0.07407780261850255,-2.4889463569568235,0.004718892647885355,0.005401165407781473
-0.0023353272138157927,-0.001119725941700855,0.017033966708894337,0.010822798086778381,-0.003944304410177717,-0.00031119702435484256,0.0011760965659572422,0.001732011425346009,0.12594490305920963
0.007872729818101111,0.0016408809967217327,-0.0012982600941502083,-0.8469718295506232,-0.0041205872978801955,-0.008300828268996238,0.001245278732544733,-0.9727254492125275,-0.013019623021839913
-0.01089166171190746,0.005510245366972319,0.5080465144203561,-0.0035747622757861313,-0.00038795931429483343,2.1070153861633893,-0.0014730907549697775,0.003658931224163342,0.003984677106851405
0.006368550246382769,0.0025910823519261564,-0.006290271877213093,-0.3051029847751374,-0.0044529617881812165,-0.03047941600395432,0.984380928170619,-1.886309322747112,-0.009568346904744333
-0.0030843580898203427,-0.027947165773327606,-0.020510876372963296,-0.0015074943414411443,0.0021068630692426954,0.0005985462658553622,-0.003911697042381063,-1.783968126234429,-3.610427201706127
0.0034062825627588426,2.675166456853476,-0.0007298690998391553,-0.03467295752844542,-0.01154980467974312,-0.36625854784636597,0.03452223084407016,-0.0009114969209468862,-0.001002131975391229
-0.010115241933944254,-0.022282873523862944,-0.0014080874942688764,-1.5447504409061263,0.7039813646613954,0.0029309334474815294,-0.0016469772606125884,-1.6954187733196033,-0.0015463165472709497
-0.006560789157082037,-1.5670285292739212,-0.0011223007668648768,0.00939091337680565,0.006614004539005238,0.002959746172872947,-0.0010954308778629218,-3.03925434115111,0.004752388801430696
0.002937604776526005,0.013105701803938427,0.31258166516115493,-0.012819859937516935,-0.03140376822400251,-0.8066601776058874,-0.0014804362884575373,-0.0009916338609820396,-0.0006123276838416311
-0.03742524307170901,-0.04314486661888747,0.003895926690496783,0.001343261090822231,1.4435371208224936,0.07291138681991777,-0.010512364450752976,-4.108939691468681,0.003260738678376021
-0.005226283128291041,-0.012070877647845384,-0.005283568042010804,0.020756341773169405,0.04957574919253682,0.20620168038872086,-0.0034886822148303496,0.0022953071856489987,0.001761259341554638
0.004837047037995278,0.06491022723128387,1.679057424081299,-2.755136917168626,-0.0536068480525745,-0.0079165258490795,0.010547206649635927,0.004437119233195064,6.306719107054281
-1.1703969748857077,-0.008025664741138978,-0.0002929287652111909,-0.0034568444130884273,0.0015836519788013093,0.002114391341513158,-0.00029881053755317563,4.27209534611282,0.0033823517703464867
-3.232447923340482,-0.18173558203869544,3.926585702375517,0.0027110475770951168,2.0111878705603408,0.01816972056677557,-0.0037202679349567207,-0.02102210507062384,0.008250645499719877
0.014206859485066392,0.001231419638055807,-0.004369467852934593,-0.008818923461136524,-0.0001330372921390932,-1.1816137073918016,0.009746605753748222,-0.10154341634471087,-4.291051484987644
0.006918077160823143,0.008629138576882842,0.001277340822555411,-0.019672858380186613,-0.004457314816909391,-0.9542967457456965,-0.00036876660369893066,-0.002148273702819681,-0.004012474298795638
0.008874687000142479,0.01017799452221553,0.012808913540497003,-0.0022858510109988284,-0.01599033575832038,-0.035666590466799805,1.2807324595776954,-0.009254604173589384,-0.0013862255737547733
0.0056697712202036146,0.013852982043286189,0.013245815553286605,-3.6342737424865525,0.0008671676443450724,2.2181066192568594e-05,-0.0029156502107597314,-0.0015568494498752472,-1.8425843158727928
2.9780669559027997,-0.01415386072630287,-0.008950010227777664,0.01282103707575385,0.0018493518758783394,0.0013714268320358242,-2.347411103645613,-0.0051756292335384535,-0.010453473430214494
0.0016715167759668538,-0.018807528246620867,-0.028629201201278612,-0.0014608238971984622,-0.01451886676570513,-1.6765134067069993,-0.016944312942595186,0.0005418675871249651,-0.007496443123287438
0.008721159796271194,4.582327310880363,0.02205218853481622,-2.0089008215812725,-0.002474287069881065,-0.010187860440394318,0.02119020616179429,-0.020061684173972933,-0.0007184134026256873
-0.004986324461060919,-0.010797531238138425,-3.576706949738979,0.041154833181984145,0.018537440714552683,0.023144591433101304,-0.008751654079191738,4.642908241979453,-0.0018126032842424034
0.02440526704293816,-0.006059359978351629,-0.04476600477771028,0.010926487993627429,-0.015531923295542538,-0.7341120567292969,0.009883649916487353,-0.13465936329453676,-7.382652860122433
-0.0102116942216387,-0.011754321718299154,-0.19960303206048735,0.0005337482209062869,7.100119142763895,0.008262681750547507,0.002730184133712095,0.012614630715387987,0.0029437929480364694
-0.013405724762910784,-2.042056080899137,0.000353988611154165,-0.0036565742115910187,1.2388644874729855,0.027374183100135396,-0.15249434703727144,0.003210752924033336,8.56436534698423e-05
-0.007969660434019376,-1.4935112656736949,0.005575579804307886,0.006350675932013728,0.6372398822613694,0.1623558149177845,-0.009315710569360328,-1.6882217839668794e-05,0.0035395557759568316
0.00038434874912533345,0.0001681893537419524,-0.8386688500919534,-0.0022590975975232993,0.013200675824862352,0.0013874615690943571,-0.0005160738083547073,0.00022742167122083372,-0.006347783360489537
0.003444857583864591,0.00202782343499982,-0.0015306730818668863,-0.003219517068340328,4.65630284487122e-05,-0.00048239824921218516,1.1692717955004688e-06,-0.004018311385824022,-2.0949454692266474
-0.5586352013486307,-0.0642638951295839,-0.4062179034162343,3.565393175435049,0.003401308864239975,0.008736007893965465,-0.005926571604999747,0.01544135963621567,0.001029652166779315
0.0009417848404707557,-1.8955657627807447,0.00039718879709809383,0.0014654974972805647,0.005809610526014603,0.001104351313187845,-0.09858441171296234,-0.006188881830982367,-0.003134551721962571
-0.005547819576681906,-0.006003712487031618,0.0006514254846018508,0.008833713697599839,1.8846031602232973,0.05529459101845663,-0.003431846700717543,0.004706473328307074,0.004029772891141779
1.8510686885102956,0.0010810760324556161,-0.01651701918402996,-0.016866651635590407,7.332002319508646e-05,-0.0038796494775462202,0.00021220229372851188,-0.003465873316100339,-0.23767341373102652
0.0047831466388906264,3.1475178002450876,0.002230932214306501,-0.03093522414461234,0.013993956043146252,0.0032282460965306226,-0.014480784295554501,7.051245069067749e-05,-1.1434156141077159
-0.0003035511170064435,-0.007104946059327651,-0.0025928035839886464,-0.18975930743781763,0.012341397655906382,0.0014981109819498816,-0.008533091160702862,-0.6730288725623357,-0.03105837604102613
0.0019566521446378188,-2.69980086315904,-0.0042694143142261234,-0.006638155850653776,-1.9238879039929457,-0.03633240413912803,-0.00459551482756632,-0.010772517543013477,-4.255050507822087
-0.40990866249890495,-0.004007612294778837,-0.0006653901819789038,0.0005963132689564652,0.0007397653244625032,0.0014965364967416848,0.0033858534092000648,0.010236120582442332,0.03171828324388175
0.0018766134318502596,-0.005986850959756082,-0.010265576584975468,-0.004811281530069156,-1.8983945017863038,-0.3315354165301565,0.04731181925132794,-0.0036675285907807192,-0.001353138062489992
0.10151371858091927,5.003502971473835,0.04205664537313532,0.008118567934354318,0.0028758077401320036,-0.0011422519979953447,-3.972034159647131,-0.011709730631994177,-0.003006701896261333
0.008387727861478636,0.007114881510542223,0.008876210252766857,-0.0011558927789028874,-0.0468988799100625,-0.11543453034757334,2.3730249801313064,-0.008751163138729656,-0.0016038176475464587
1.1193864367207607,0.008664532548915495,0.0014087841997644148,-0.01908063381265109,-0.0031699265599910154,-0.008851959022917737,0.000792932395822751,-1.884832317692327,-0.010319984656160519
0.004645234915571308,0.003827458026440668,-0.017168821057288734,0.010133622820057992,-0.009688386439700894,-0.001016574173636594,-1.8032498865971105,0.0022160490250275307,-0.0057691059346737725
-1.8578705921934182,-2.4492150481281723,-0.0015660577989944774,7.080587682769076,-0.0018887140838232674,0.0010682734241602532,-0.0019178438401347003,0.005037088189812703,0.005938478258221622
-2.2067674658157364,0.01876288559419913,0.0046044584054798455,-0.03511550473407866,0.24714606713622883,0.03982073759991557,1.9601184338842663,0.09100102446866914,0.0044492241138691935
0.0046664204295399705,0.0043468902064717225,0.003547964113755959,0.003538114704741551,-0.016920808003514247,-0.0057148108379681505,0.008287985182340227,-0.0035157184902479192,0.0018762653464124658
0.002192373419636422,-0.013995032007444841,-0.02718292734545759,0.0009981740831189467,0.009349827311782036,0.000535395513981074,-2.2225727996160076,-0.004502330860779496,-0.008482117929352002
0.020483711718863595,0.024757022484185,-9.458159439963296,-0.045630862162294256,6.651457930795123,-4.527379032458764,0.0007584420223186346,0.00048376996880981904,-0.27845789048458425
0.008573333535653786,0.25047399355134514,3.358912484478516,0.0035671909396129617,-0.850701142372524,-0.005281970210101131,0.0040858188685477855,-0.0024145889750756032,-0.0008974683474911212
-0.006156716060212007,0.0006352653194806827,0.007103337670138703,-0.0012336625713892657,0.0007583506992736681,0.001385616509268418,-0.0016802671994430168,1.1817367071192897,3.041414112616255
0.006051687174338769,1.4391395693358486,0.0006865010186580117,-0.002899159485356923,-1.4119482367543754,-0.012301371413231066,1.6269178111160447,-0.002083375760054301,-0.0019651868130122164
-0.03213019089165461,-5.256524209701947,-0.0006062389638730736,5.467291219961209,0.00815584606749381,0.7475600815948868,0.006775955144632362,0.0068109827136106785,0.017046625488330455
0.012895385224901038,0.007299776988889062,0.006371000992457396,-0.004802879692270293,-1.9797351776875605,-0.9978164903846611,-0.05843182543941215,-0.004980998477554774,-0.013107133067351957
0.0018909672514837413,-0.0017476215121385824,0.0307424323476604,2.9759474393048473,-0.19228427363572348,-0.006363679733440498,0.0007613213334481193,-0.007122905238177592,0.00603729082204137
-0.009775866518146714,-4.998792831558028,-0.006500738600049807,-0.6742910548057572,2.428767123589992,0.004302270579977174,-3.1360290655050687,0.0031136341189487455,-0.0017624745431010884
-0.04461147505076725,-0.001137099245128052,-0.0006607311157414038,0.0009023825495105209,0.001027359145001308,0.8699999194401995,0.000547908532612093,0.031241851997932515,0.004278856411963872
1.2776000134857954,0.0725667197007425,0.0050943748312902324,-0.003771393783639371,-0.007832552846358115,-0.018023108890268893,0.013358466060954689,-0.0009917407778413006,0.0012421344636658997
0.009432790113319177,1.6957378391268387,0.01638259275614351,0.024124656257232938,-0.0746501695747539,-1.465891769514271,0.0035917913970146126,0.001085340188153791,0.0038450845762935462
-0.023663177133535857,-0.09453286930360394,-0.00017955822036139733,0.02247936865260819,2.3681495350411144,0.22762764501063715,0.002498335458883498,0.0037257100799188234,0.020731041571159736
0.0037448737511033697,0.009264589896567033,0.0036512505234781163,-0.08672910431535298,0.0021429731961231085,-0.003084689574880478,3.056773419781414,-2.4212693321600254,-0.005176990569889014
0.05113871425382133,0.011660936795055032,-0.0052838599864272195,0.004036427824926414,-6.59152395653193,-1.1781336420460597,0.00272070501239011,-0.006933813461947436,-0.0071523789932940425
-0.002477042131049087,-0.03727533949551087,-0.023538175380445697,-0.007874493138696315,0.9301291598646877,2.2583565537875163,-0.005207821049859326,-0.0031012366779563233,-0.0064774201597418805
0.0016843415635754769,0.01656785165742944,0.0014482162211002444,-0.0009710508510589119,2.246301335477891,0.0010459015494501608,0.0039877520375341535,-0.0004019746147573434,-0.00048248630883613274
-0.019045802909621937,-0.005329618654805975,0.0023238899114405207,0.04062384710936714,0.004174773766390581,0.19109429256315646,-0.006955950141113599,0.01581363234716688,0.007804438244635166
0.0020963812415056,0.7882506294678207,0.005289197677862363,0.01552958916454385,-0.005209197120325995,-0.001132248674256155,0.04198866212160451,0.010855823996045268,1.3365079549603567
-0.002718991699283968,-4.6990907841120695,-0.008261806256228424,0.007804521381278337,0.00040772462638974383,0.0020563094577884006,-0.982992814878628,0.004634631925908073,-10.104691582061179
-0.001620392904286335,-0.0017103310955421595,0.003321094539757345,-0.044953184030597504,0.020376217822023375,0.002124681319290909,-0.003727483597832512,-0.015712927675118574,-3.7038475536280338
0.004986937567652404,0.015004430108017294,0.008769779712353057,0.0017049222893785819,-0.022223090669683615,-1.2293990004461326,0.00045608066298417904,0.0006037067840177562,0.0005917977876657536
0.020385387298878566,0.0022049575919716458,-1.2870745832225943,0.0007207193140424673,8.941341544732435,-6.518136872298893,0.00047036908104007916,-0.004430665694161395,-0.046392670792842594
-0.682399467582179,-0.009276847659468478,0.0005465211957019332,0.003083982979123966,-1.949198489050531,0.0013673344026340906,0.001125645816015746,0.02100767080253004,0.01745065214635605
-0.007134653445388214,-0.002093009483245596,-0.0006664684917920757,-0.0002954053596101562,-0.0013967940711697253,0.0002619449245770502,-3.2313658239696216e-05,0.8478953366723108,2.638884571391399
0.013431756854947645,0.08578249274734807,-0.005265886731879721,0.002635724478656909,0.00569232848615564,1.802700767626799,-0.004551916649225746,1.3035477934322781,-0.007087272771919638
0.033571271912722286,0.026506720329308425,3.7935440168233505,0.0029783271692813505,-0.02795547415242522,-0.671523401473666,0.005572139982713664,-4.086109940269378,0.0009846527580740366
-0.005039439500265305,-0.005991674725320896,-0.001698459772377661,-0.0023167209347840978,1.3203341503863555,0.012074899420210242,-0.013526511942679616,0.003339015537421719,-0.00037269734537197577
0.0009163444276292622,0.001719066237819034,0.005243546561165963,0.6511133767701005,0.0005439153341046019,0.00016254146867017937,0.002977082343817202,-0.0025883391443119533,1.611046669741332
0.006001302645325068,-5.557342303615439,-0.010648216271828687,-5.348857684082573,-5.137019859947911e-05,-0.003064367188674491,-3.1236682866933876,-0.0067676508367467084,-0.03262684663318516
0.0013824073112057855,0.4800454959293665,-1.3910643072016786,-0.0017499808409788646,-1.1669264523413592,-0.003147173678815285,0.5117409950378543,0.006732844220049801,-0.0006586375898095245
-0.0016378729376633969,0.009845076649321481,0.007873554975975713,-1.6018348992436566,0.008490141339668076,0.006088937389196911,-0.7166044465308777,0.01213145851604211,-3.6507586359604955
-0.004080166361398114,-0.007444749359541147,-0.0006904454782111352,0.010863724533536904,0.12133111361876381,0.017844150190659387,-0.00860141794372183,-3.7816546433442015,-0.002606246221542055
0.0014533887002396578,-0.003771441190750499,-0.009115989065693393,0.0011060453358754802,1.035733729317549,2.0200965525958416,0.0005799872914884208,-0.001907086795603849,-0.0020894900383377664
-0.005729604302858914,-0.004770407123024872,0.0033874763514127604,0.0016540525353665805,2.3165186836512497,0.6226714758874037,-0.010492040305382224,0.002930918271253989,0.0017801040002366605
-0.486546622574695,-0.01680032696157064,1.7524221124815351,0.0005474453592629098,0.016262058577404002,0.1374124367714029,-1.306460493830505,0.0012796334463055208,0.007028935838811751
-0.002299755561277095,-0.0010404437559624613,-0.018659931907614558,0.004120328236369311,-4.2470065264292485,-0.000530287295570836,0.009283854785414927,2.0331422269412567,0.0032538634149954643
0.00979615531866038,0.007235843603224621,0.004218549220893898,-4.134487724956371,-0.005457258375653803,-0.017497921402789992,0.05999167883188134,-0.028989821317060478,-0.00024026351914559554
2.192057904605419,0.017380578077851455,-0.0019046888544286154,-0.0021817665673685843,-0.004529620634938787,-0.012152418323710834,1.4927723291842474,-0.0005871554758230431,-0.0022200510168302982
-6.111169237163527,0.011132336064686499,0.010008958019839415,0.008658855248160909,0.0052375585192556695,0.5603770489205111,-3.256642740075147,2.9986406907562557,0.009810539609851066
0.0073977549279905935,-0.0006706585579305127,-0.008224077418895338,-0.0038705735823249985,6.067017135902297e-08,-1.5145697050648796,0.0006270624177329154,-0.003505857408047008,-0.00456087881620766
-3.4594920230152786,-0.4403402697245953,-0.0020632568654852922,0.06892512414336388,0.003513955017669948,0.0036804906052669436,-0.001472295567969139,-0.007773299035301166,0.0036661217703582646
0.004583556115368287,0.011039761874108323,-0.00046434998375122563,2.3275612280937263,4.75513634277469,0.029725289793692156,-2.6461559190357944,0.005172289797710036,-0.001950207486023564
0.8044369546891037,0.043254473705953755,0.0020602306115506813,-3.521205680338986e-05,-0.004888926472855937,-0.8360207063169383,0.02736014388719607,-0.0014390560606780923,0.0002891431708720669
0.0006570862302980279,0.003290030367962342,0.09493206489463868,0.011036564778689873,-0.010812885568462133,-1.8288270710324817,0.0071683796879030565,-0.0020622969734864025,0.009603195864169583
-0.005663738586665628,-0.07986547062451167,-0.009281058937877711,-0.0044587657103051835,0.47879477595595704,0.00464514881909269,-0.0062471399562234005,-6.543245509608216e-06,-0.0015523462536350524
1.169246480616306,0.058998807745682724,0.4278303191004601,0.009997230603288007,-0.0007745039870750217,-0.0025299273691017157,2.4555518256063995,-0.008290414283424436,0.0036829567222941405
0.011067410752119151,0.014667056165909222,-0.048108718165180024,-0.08491816826966236,0.0018195589115102538,-0.002035832134260578,0.5178058177450876,-0.003361657301900526,-0.5389149040220669
-0.0014797471767029266,0.02236026734621472,8.78429285688486,-1.7047737331813315,1.769213436224913,0.020826411718585982,-0.0020077308218802332,2.544110763352573,-0.0067109832991924245
-0.6877260880152105,0.004262012127406428,0.004144049626765754,-0.004003698309259029,-0.0036118717910930687,2.3725448618909506,0.0011318199389487027,0.059988537049654574,0.004681197881757464
-0.006885425898537467,-0.011825187021529182,-1.4982150500668303,-0.006105245055952283,3.428877721443575,0.07448589117645721,-0.002550209558649907,6.571059743839642,-0.006668886009718267
6.964654253022496e-05,-0.013803475704971355,-0.015478114668560996,-0.010733166868330432,0.007958722616244081,0.0007853928568639901,-0.005031418019537425,-0.009679831396102685,-0.022226717786481113
-0.004064646806699728,0.003465996879035961,0.0008261221129307614,0.00196444842382147,-1.4797070610577931,0.0004883184799645487,0.002799623300235055,0.024398099726368395,0.00489668462693346
4.673459776880698,-0.01916145454542148,-6.662747256436205,-0.004204090406284444,-0.0018651413863999267,-1.8368068520670238,-0.0033396463856287806,-0.10324763762661182,-2.890153133199412
0.005527799056059324,-0.0004652083624304415,-3.20077007464577,0.002643159829118627,0.021260691083172634,2.541040820503531,-0.0014346897624386568,-0.0013172684228784752,-0.0045194235687283126
0.009187913374131853,3.5804209045168935,-0.0024238033632819483,-0.02906212575993376,-0.009676988884716242,-0.03861012295823314,0.02011915555512811,-10.317760759070353,-0.002389737459614988
3.9264939710089575,-0.002956467749501146,-0.0035764440752661456,3.9623841562669018,0.020823390790344037,0.007769283415530015,4.867125629380985,-1.9366972384738848,-0.0031178247357105116
-0.023087259280682615,-0.0107616170738144,-0.005517624197870639,0.000346575497613983,-5.665878174330271,0.0017499079932131179,0.007786560881169072,2.469053616306848,0.009149032848640382
-0.000970168638834288,-0.08012514288636252,-5.479784548376327,-0.04643709492688413,1.0580724210701808,0.0006300282955075814,-0.005847692253987901,-0.8751397955629726,-0.021830085282310313
-0.006374165776772897,-0.005432903148311102,-0.0011013974332284436,0.022351989702786894,-1.9894012408721469,0.000137993045139867,0.004073039711395549,1.946774656795592,0.02308758306397811
2.6209078932484076,0.0016512221914109504,-0.01015983699695139,-0.006506601151018364,2.865301333249619,-0.004565598072727495,0.008383061607115756,-0.020522542424532116,-0.012938677736777579
-0.013680788297364984,0.0057391136762930854,0.012507975005330973,0.005571067841299545,-0.0026150396957869554,1.1481348794463369,7.215330746066645e-05,0.021115982408785098,0.00894697046383096
-0.002531840128143394,-0.005672009060788935,-0.008344628943918806,-0.0006030685069615578,0.08956233867710377,0.004740804327481951,-0.008001915840293451,0.0008198542741706047,-1.9992741262976519
-1.5178352490583449,-0.021450711988599908,-2.417337071335084,-0.02132679310165331,0.023394149163609802,0.014848899572274758,-0.014529450850939967,0.0019491803134950242,-0.009340031997776737
-0.0169912172050668,-7.388365269400241,-0.009519098929860942,2.3980551744770695,-0.006672755391842228,-7.855632688909958e-05,0.008934828149666785,0.011476782384907201,2.321641836022923
0.005527532915428929,4.2528978277875384e-05,-5.8749010516175595,-0.007362836744171063,0.01535878974306537,3.5064898640161686,-0.06758901992478683,-0.0014862348979667664,-0.12379104373444548
-0.0030383902174278966,-0.0014104983464575949,0.0013863425441067237,0.01405968790716286,3.8930521019677684,0.39957075174573653,-0.034628559447160034,0.006728317337739306,0.0021210819489199907
1.0535491951332485,0.3420132248419909,-0.005334633111270798,4.158590365734074,-0.5650757593135975,-0.02711001505083732,3.3329951332990766,0.0049041798087452945,-0.006502857617643132
0.00687726905075331,0.02017381535909929,0.02279736477366307,0.13292247378573996,0.002345983920117126,0.006062878216264778,-4.945137958642517,0.004422926799550336,6.589723047634861
0.005293400236569196,0.0004307074844651752,-0.014899772154976534,-0.006927052911841047,0.0009151445218449084,-0.0008690591617548646,6.74842140589431e-05,-0.007343511861902028,-0.08996519948002536
-4.603449197119746,-0.006228874745866517,4.020645411228387,0.003388118332720416,-1.663918603319848,-0.0032438435304458797,0.0002766072768122241,0.0013295220479572212,1.8566913253471533
-0.004883840156517723,-0.007438543529345365,-0.01848738985719754,0.3650703224490823,-2.41686905389215,5.4008584323972375e-06,1.5701748926599195,0.016300605173306948,2.6617903638876936
-0.6118411462985793,-0.010733416717972373,-0.004457758274363517,2.2764380971962375,-0.0004153516298153973,0.0012241296747037464,0.0021692567852307594,0.009860539686158144,0.03497043670728198
-0.005368485281282654,-0.006325303765877053,-0.004909537437241162,0.04595641622071876,0.0016735714607565685,0.0015464644668620993,-0.00070928084678889,0.00701853964714922,2.2945188030746735
-0.0015997765217816429,0.02223553314611773,5.419194568228999,-0.03506850259951749,0.0047300414769160665,0.0007947077864179017,0.007946045928274331,3.374609165409847,8.487726035652727
0.0037562647700489305,-0.0015274884624868132,-2.192123178460231,0.0028009756443154125,0.007060961768808276,-7.723886828972168e-05,0.0031222102462732247,-0.03200323444967141,-0.0029140438753713273
-0.002559674264527977,4.696927569988226,0.00010304529460240103,-0.047637597816039656,-0.024781171574522393,-0.0035799417108052663,0.007426513474712321,0.00503589561169563,0.0012831466723346786
2.5892562110127084,1.1201156290048955,0.0005714767745935018,-0.3659953122346278,-0.0024253507495799465,-0.9092276116210537,0.011211471535538559,-0.001062529219127796,-0.0043522990931512545
-0.013352933159009088,-0.09578362375605365,-0.013239643810002338,0.006174649635193212,2.3779701358928156,0.1639179429512745,-2.5858542903040176,0.00837388094975575,0.004347136069040991
-0.004437391730598393,0.01527721993146347,0.008738610366942855,0.008179081637102903,5.9502938129051515,0.6251452077710695,0.1140942863170955,0.009643498463712069,1.712134761224019
0.0021967994725470277,0.03046211449370835,0.007509346751374925,0.0005967239666504745,-0.038101140785873906,-0.004044394199189328,0.5969953939446624,0.00039690206165153574,0.0030018848779460087
-0.005962635601310046,-0.007514925649637641,-3.142271106751217,-0.016570926415065062,0.16015120521276183,1.3677916120042655,-0.01245411159811935,6.093158230147287,-0.03461444910343192
0.2472880387551188,0.026627778760231157,0.008890586918897929,-0.007099112810144972,-0.006354729243016152,-0.7031055779372313,0.003857285397148011,-1.902365952436131,-0.003095291900756643
2.482418165661733,0.0017250484566365407,0.0005699921356795683,-0.1676611426217825,-0.0006253707495209662,-0.00914823083238883,0.0015893579938220312,-0.09408202273183154,-0.007749119261319319
-0.03339085200231068,-0.008847860839055621,-0.0007339460455884073,1.011736941768862,-0.00543803310843205,1.9010205324234557,-0.001286698513127682,0.014054501234494893,2.094033440356055
0.03744734715276001,0.006833764419668681,-0.00888392014686479,-0.005007586543846509,-0.006094559078590515,-0.4297954691858629,0.03468841563033592,-2.5386841956189485,-0.006126296624983547
0.18131139091193718,2.660897783765371,0.0016213908806095856,0.016730441218847134,-0.014596632096405826,-0.005047216930121265,2.584044433591548,4.471344890552,0.006532371838844836
-0.007579796501459369,-0.022031977431612622,-0.7837662736398963,0.5318676452624682,0.019362730382453897,0.4276772915830831,-0.004537128192384041,3.9336931721197046,0.00038020526208268346
0.01601904179947852,0.012869842160270577,0.00245711945578471,0.8694748584759175,0.00014467458068950583,-0.0004116985395075943,0.0019747617386158254,-0.002478571910647942,-0.0007029391387854572
-0.4890186369031264,-0.025830012353070628,0.09553342451638969,0.00028102119775406074,0.006075421946944881,2.0471560047133353,0.0007863069797989369,-0.004770544672031164,0.017635175567892236
-0.003281261558805114,-0.0008856172048588296,0.0063185495244122624,-0.00043451555443075815,-0.0640470452629501,-0.0013219175078722778,6.066369793925733,0.004294181412205011,0.007393677390405827
4.263705635588032e-05,-0.003493849467554908,-0.002019586023494782,-0.004722437116703182,0.0026616707344987896,0.0007813880937177467,-0.0031848005289244375,-2.066558352640539,-0.008121101630868197
-0.04501866619299245,0.002228932891977294,0.5828403286394852,-0.0005772286921604,0.001381764783507558,0.9729707412284248,-0.00622021513175218,1.5528554772839043,0.009952325385129614
0.002825921207162241,0.9490567448853398,1.8519635128562333,-0.02354645375176226,-2.4658702837788873,-1.0467390857116268,0.004133237731263409,-0.0012266105691650653,-0.00047390942618948193
-2.565254066848148e-05,-0.011105606071569366,-0.001504296705005733,-0.0018860438947280768,0.3742499171028013,0.0022024477322358446,-1.3383824631523333,-0.003921866720175528,-0.0030602049048473043
0.0006815266837302061,-0.10114598328152069,-0.9537801649074622,-0.0055754790910154724,1.309251346760611,0.0007814952380678607,-0.011402624336732,-0.005307014202636069,-0.015489166533354599
-0.05507124431798299,-0.028525002768933938,0.0026729240564673765,-0.0014424840657249905,0.005690506809055358,0.006346583190056945,-3.5913188810137293,0.005226202429311732,0.005893837631953135
-1.5588038672557243,-0.02028984082760112,-0.040961978582722186,-0.00024692784919493917,0.009119283650586528,0.018011813513636968,-0.005731911320245916,0.003731261214621459,-0.0033654505127174474
-0.006190902545808619,0.009380615525577077,4.519547222570001,0.00029992719569935794,-0.026521901903811984,-2.7608642328191433,0.05606502950583059,0.005231997940521545,0.02202356897778953
0.0006047490079927214,-2.6633676644500888,-0.007815160299146806,-0.8929176322773194,0.6808857302970659,0.0004919427685587743,-2.685848183444338,-0.006163462437769672,-0.013508098690055356
2.0834542124874087,0.0020894907704365247,-0.002364881458028406,0.001457786421507496,-0.00808410384346564,-2.3981922894427647,-0.016836832597921125,-0.00013906462676690698,-0.014960605920540132
-0.0069851947858719475,0.00947342418843856,0.009906177120306808,0.045012813342243496,-0.005617953078788873,3.0213763426097393,0.02481493292805237,0.00720555532393734,0.040269259405491545
-0.021705487374314165,0.0034870785045462084,4.137831835489485,-0.0027505546749978897,-0.0011034593160174078,1.8728518800018001,-0.0009837420796172947,1.3219649539256277,0.006838390092477956
-0.006230986423606533,-0.017532224431784538,0.0033411974856967035,-0.0016650691268619844,1.9629948539713278,0.005586342559462942,-2.647146956813138,0.001358504158651139,0.0023268090951933645
0.005629677602168006,0.002714166226471322,-0.02782744746418063,-0.0006245845554249648,-0.013602375553384005,-1.111599650381121,0.0006950216646208554,0.0019454787845464248,-0.004072818318605564
0.0036120719428523324,0.011510201141627985,0.005850645896003814,-0.001998578558169428,-1.9967236067219751,-1.5468423928269797,0.0009061075071723143,0.00036632609979930786,-0.0001751282036536947
0.0008558763974786145,0.020171956985555593,0.0032274829405828953,-0.0006352206472540617,-0.019885567179065516,-0.0032731408067520878,0.9156176465211213,0.03805852706138127,2.858963247300958
-0.016731033420056385,-0.3606799962346341,-4.7906719795705435,-0.05494326914512149,1.1814348142765922,3.933008685090588,-0.00391474665765143,-0.0047216880492192415,-0.0058665561966690025
-0.0024525004275082903,-0.23046797908033534,0.0008845922749009306,0.008772630370329654,0.014999902795137614,0.003180467658408971,-0.007997935696882022,-0.5212398212500223,-0.00013840649533865702
-0.005380677290635174,0.0013541482843831935,0.006351432205207865,-0.0012259754204532586,-0.0029735318166493573,-0.00011493209588456406,0.5319512528017178,0.005736151566936233,0.07482203387283501
0.0034950781249720175,0.0070425735830849,0.004313531707084092,5.043240076546096,-0.4727713791035928,-0.20241546744594457,0.0596069124291614,-0.0016123233083347962,0.008762630060033763
-0.0058829165667549895,-0.34518328707012247,-0.0018231117656595727,0.15981109262089124,0.0038627162711036833,0.8352889375840448,-0.023890491766613203,0.0005025473124527457,0.0015802037589982935
0.0015903843563874701,0.009968804924450358,0.0025419839152508498,-0.009468259110508342,-0.012565922567836415,-0.0049117603684647486,0.3764335989560522,-0.0004181525492707662,0.0008829007718614086
0.0002958466805310436,-0.0027551546619519335,0.003781136925365276,-1.0457846416747434,0.004027164169492285,-0.0002896077917659626,-2.219485414944092,-0.004853310708772164,-0.004139579159736853
-3.2502639863159173,-0.004724096330769152,-0.008063733183614637,0.22939581406760878,0.0008386464052156928,0.00235597677796583,0.00646042046605607,0.005241510041413046,0.01796573060516088
-0.005520449985202394,-4.478626507024224,-0.010886647930462429,-0.07317120067078836,1.404956866335974,0.002989912220719898,-5.433070931586624,0.0016537422544571807,-0.0025304163717990748
-0.015997209401356793,-0.034918396135722896,1.1550319077637645,0.012678998963180652,0.01612224959606063,0.28659940968793185,-1.6977033773450763,3.9934400090078405e-05,0.03964251340562566
-2.7021458382457086,-0.004862233857541731,-0.006366335597344695,0.010010523393610802,0.006568611755519024,0.22909067449060483,-0.0039123082222804265,0.028608201955344803,0.00010596203227378198
-0.005126105143004406,0.009250794457951572,0.007530387915956907,1.592545988724932,5.975003281615163,0.018422954001150016,0.013172237505794911,0.009040716151872012,0.029816999556451916
-0.005744266822320526,-0.004186131678074881,0.008028904774652394,0.008283158037738318,-0.0038138117809422426,0.00025689014377018,-0.0021084807096577256,0.0045421312052316,0.013747076498808011
-0.002672779489952546,0.002676523734671983,0.006036063380419915,0.0018015177023355975,-0.0005256149780363423,0.0004440245902373235,0.0037059760551842393,0.005953475719677527,0.018236855438132422
0.00031117866663225337,-2.201202859107469,-0.004455404430536578,0.002635753115137234,0.7584505247782314,0.002179730339111202,-0.0010868727655372334,-0.004010068542307275,-0.0008286232346698906
2.930792662356554,-0.005698112310354303,0.010088167452501455,4.580936409396577,-0.0021921584742571904,-0.004902830101007304,-2.597464404599086,-0.1009532126556229,-0.0018336377437171147
0.47536252096051473,0.14828367037506698,1.163754281399111,-0.00255366343220137,-0.03312556052043536,-0.43927065891219985,0.001675185034938409,-4.701700884582214,-0.0029452294451692285
0.20583479498869472,0.006681768122729907,-0.0017111199100874053,-0.0027433297634534975,0.0026028794141687017,-1.716341453390047,0.005517168420450885,-0.02930981319092979,-3.812312773686755
0.0014031282016293114,-0.018025696793026638,-0.005030494598225163,-0.0093639932734392,0.0024908005856828013,-0.0005197378515679751,-0.922460069474226,-0.009135899351809654,-0.01410270971345037
2.3525094676003864,0.00241102348503477,-0.004477175498169828,-0.0009425766154778976,-0.0035224029394241574,-0.7286909431240556,0.02047362375680059,-0.006615050061023792,0.00014591587748819662
0.003439837662662676,0.0024068057126855613,-0.0021931108195832813,-0.0016220817004140853,-2.0634025459702237,-1.2638220193998038,0.0009891288585250485,-0.00041057924537804547,-0.001875494462559994
0.02110466818406856,2.2377108383486477,0.004047424642156988,0.007223010366981621,-0.0047609809086038846,-1.6940870946805882,0.007941748945085841,-0.0019815509920072458,0.0012244198490006918
-0.0026810447608031484,7.982860533444632,-0.009722223112195297,-0.8979356105321701,0.022106045381602435,0.010421974948024501,-0.3855683556202196,0.008967933519657053,-0.023790217659694628
0.009495184765450533,-0.01149657357150434,-0.03877481875968382,0.002937717637495535,1.7314640975317845,0.00010165711709524822,-0.008754111938858925,-0.02954306798315095,-0.753236079298498
-0.006774264122274349,4.4054541128040725,0.0017155595925066741,3.0257996063406605,-0.018308975761514024,-8.087304543634433e-05,1.7581174808787603,0.4187087925519368,0.024510483296265373
0.00035025271561356375,0.005196279610240457,0.007002669016882021,0.00429608615114845,-0.719019450559014,-0.0013602934957388868,-0.0009621137016590323,0.0030268697842213994,0.0018923672089421319
0.07538272847870274,3.0100441774862823,-0.003361937342792165,-0.017183138028129888,-0.009913382572793339,-0.10007161210868773,0.01231163644475991,-5.549648853642611,-0.004690317024341098
0.3452822415053874,1.6278696598927547,0.026240855237100076,0.00016041140587624402,-0.00402935996787104,-0.007320162611739072,0.006335785449262759,-0.007511975162364749,-0.0010739021757040896
-0.043510931484735005,-0.002181112413253247,0.04556716237232461,-0.0015868030332267594,-0.0071331391017606105,-4.266099253097187,0.052788284709545996,-0.0005840716298851391,0.6110140878741037
-0.0007050961194195197,-0.008121430251359382,-0.002421771962199712,0.0017175127392150223,-0.0015587355863202464,-0.00048638109019645575,-0.0010067473661324949,-0.001636925848809132,8.228977539047493e-05
0.003698117063062129,-0.023082187395947307,-3.6691424414150493,0.00016328335188630196,-0.00173527962116647,-0.001755887126782988,-1.2409696120198763,-2.087861866611631,-0.05734211870125955
1.5445554483205377,0.015929352002290315,-0.0026988823409732268,-0.00462894826068904,-0.5611305947437232,-0.1477448290584388,0.003424489404604672,6.719536365572606,-0.006516580641346081
0.005458733175586594,0.01789454484082542,-3.7141233081222502,-0.004312350188618308,-4.392780327675176,-1.7187570097385283,1.4982509712877325,0.006296251692617161,-0.005451072806194376
0.0017241862528464868,-0.0012994592077004658,0.001289496118843672,-2.636865331994059,-0.011417965541544358,-0.008234309335200975,0.001748990523089807,-0.006112882232103641,-0.0006001358196874168
0.004086263688014432,-0.005893207223269416,0.009177133461287065,0.007691488390491662,-0.0175638034278659,-1.0575059282087218,-0.0032773316965057572,-0.007517077976460009,0.0006188736260718149
0.00037174153316759523,0.012944277622089106,0.030613212289782154,-0.005796871739704997,-3.808588942003001,-0.0037277449649108785,0.009733821032851846,-0.001306230365753648,0.001729525387538667
-0.045513975884363816,-0.02763318908660517,-0.397478489110492,-0.036278238687447895,2.5461909008296253,0.9872725731061118,-0.005041655755817023,0.009263548984642905,-0.0033969078641873643
0.00010305817365299091,-8.847349811319516e-05,-0.0034438387536881022,-1.1436545610044002,1.3927562371630127,0.0017599490917048904,-1.9548800001358466,-0.0008328565220033831,-0.009095953096345675
0.001313655183016173,1.735270674029893,3.235861985481159,-0.006028393786546075,-0.005029056986022535,-0.0024999180744361125,0.0718026929341101,-0.0008169068060340469,0.002116223244567254
1.8887424136976498,0.0024664013371177777,0.001961570525554032,-9.755637692043718,0.00788252703567447,0.004521463923746342,-0.04064336526681718,-0.0057809854416874425,-0.10692068716390613
0.015939029879098822,0.004838919331159668,-5.417136424580582e-06,0.041922155672921665,-0.011937189002060526,-0.008477560632381217,0.19931126430993462,-4.534600282024219,2.0623365205563196
0.010065803753525459,0.009268093323453328,0.0024969802409731423,-0.008534688195847793,-0.005110952941091848,-0.010183553369334257,0.07985366809319133,-0.01169732757042018,-0.0015936749909743215
-0.019031471108348907,-0.03466476782116236,-0.01065627651481245,-0.002259477241642577,1.0842832327418064,0.022848562318027843,-0.005803814626330506,0.004440752381915393,0.0009864706056862274
0.015790294204897096,0.0077984266993610515,0.0015110361528264688,-0.002131455405532598,-0.006860311902054616,-0.4414258573302908,0.006958947478192722,-0.005787504047488978,-0.001247117511867781
0.002628435597642167,4.491057985834972,0.8883817671396441,-0.006177102076855204,-0.006048800719979069,-0.9921128777451377,0.008075620638430675,-0.0052860559125798325,0.0023207369623072143
0.0006021029529226376,-0.008339175879432156,-0.07522230351922356,0.004346831888511326,0.03447600190850035,0.005811339220047673,-0.007161518902346043,-4.253677395840539,-0.21013970862839504
-0.0033717908497233884,0.018224170954023622,0.008823982087290667,2.9154173250761324,-6.854152311466114,0.003337653781075922,0.15558856044154656,0.008539596430236163,0.11267886246475023
0.010021317093254059,-0.0026202698431917904,-0.0021712805806000154,-0.01085579895547278,-0.004047532549258145,-0.8151615063752624,-0.0032700253375084823,-1.019768895893734,-0.012732177262944594
-0.0002751925205992054,-0.009443449962889492,-0.010662041947383264,-0.007608991465537793,-0.005729777324533676,-0.6619196109979492,0.023963170490400948,-0.0031726528154931337,-0.0001887312755971494
-0.0008668570816127365,0.0011560579699291585,-0.00047835517908975667,-0.000980282991896,0.002220119201349069,1.9204466162118212,-0.011666512770605042,0.002596728298391442,-0.002057609616146443
0.0110545215412114,2.349678949645001,-0.004389955674775403,0.002985031249283997,-0.003232793991025329,-2.004825806131942,0.11789072505333342,0.0008964920109104536,0.0008774211346053822
-0.00013918120951806126,0.0014313427534291684,0.017761617592000675,-0.00025376850787498656,2.4480988673570674,0.00312708802302044,-0.03225650058926093,-0.0010554029917497825,-0.0005354895720619725
0.009945102826790415,0.003985993691340754,-0.003607754032772246,-0.6924843756261221,-0.00914447131687715,-0.08813276099282247,0.006270521664422411,-2.0646571079724474,-0.008468777927133936
0.016758381474323434,0.0007804410401816098,-0.005127184137787231,0.0033039655971934014,-0.00030630637338469654,-0.001179058984753179,0.0009024117121629845,-2.792718274232402,-0.006361771524676575
-0.0021387130466990465,-0.008673684363650902,-0.04826918560221073,-0.032685088468499476,0.2403257458681793,0.003963123165156804,-0.00409832800534219,-3.5763691759216183,-0.18832959371563862
0.005186472715327446,0.010036137394758761,0.015433202119379518,-1.2059094224800448,-0.002120459551386346,-0.0013131933933041018,-0.0014166138480899279,-0.0030399458212501222,-2.1569882997932828
-0.010473187735252007,-0.029253996437423047,0.008253205583054085,-5.324514186172883,4.404738670792105,0.002238536492478814,3.5032621803224133,-0.0025476952527971257,0.012906306543791372
-0.00036121437985373733,-0.0021780383447100563,-0.00569004432345224,-0.015351498348451582,0.0012364966384175596,0.00022249772768755116,-0.0021262300443870515,-0.0006852122083043331,-1.6599829989735226
-0.02043246210267438,-0.01732116242183002,-0.004073912308265665,0.0011351982991609708,0.00576320757538841,0.0028254547131945145,-0.0025668072675271054,0.0023410111746626494,4.2399194203608
0.00808430503654752,0.0012635376741719942,-0.0027788464975365824,-0.11635951087356193,-0.0010557194672834022,-0.002753502850683086,0.00014049198876972622,-0.5484185683679083,-0.10681826589621658
2.3862527759726326,0.018612046758469093,0.004180453042635384,-1.3080661464860115,-0.006563557627704809,-0.025468164073701786,0.0055050634180220485,-0.0009242034018608915,-0.0002356409770252199
-0.0042680477755813375,-0.0009346715462551492,-0.005602272575813463,0.0024870092186126094,0.009969412293638881,0.5445333876952213,-0.00599632177721459,1.29941320971563,-0.0017003776156541903
0.0013004198281514646,2.2601920858396447,0.001979962133214573,-0.008612185357596568,-3.681428892784254,-0.004689152040385142,0.009484656301308396,0.0002479530276613944,-0.000513312419393141
0.0001904074335421227,-3.0335304017360873,-0.019213105064112133,0.4297843786909263,0.001900978300125221,0.0019694305988083856,-0.009975511751519624,0.0010337234758218232,-0.0012128321983683943
-0.003813959643687914,0.00636448494569411,0.0006510743874897987,-0.003617073303563728,0.005351545100758859,3.690951675509496,2.0059473254192586,0.0038868422658026314,0.0037501469369485424
-0.0018006561350800837,-0.007289776242889832,-0.01150182579308988,-0.2720224489723307,0.20287066846610796,0.0022362162807629173,-0.002488249636506269,-0.009820834814807767,-1.4961913092097143
-0.02979055585919288,-0.010497587621218697,0.004669059851601195,0.02344778906724796,0.009600163415355314,0.3913495869994194,-0.003495915307318173,3.865564537848935,0.024934050660733703
0.0016277837684509993,0.0008389114860131643,0.025612607474122702,-0.014781664152062382,0.0002513548167701802,-0.0002678653865601818,-0.003240716206588961,-1.7838444869848362,-0.005080342651097868
0.021125812316503022,0.02744556178630536,0.010291946592977358,-2.2454454807553474e-05,-0.004725896266218138,-1.1866854992271538,0.03903328608694778,-2.3463425221703673,0.002469200736531889
0.0209939548812995,0.0034931296259343436,-0.015291842700989903,-0.004815913918716889,4.691227686399958,-0.005469013245768095,-0.005664917433752482,-0.011540202462849744,-0.08405398617138847
-2.5583078478726047,0.020178350925346054,0.01586085804676939,-0.00230325675595851,-0.0024113581143910823,9.634952995382542e-05,0.006342830022371761,1.3199075582495414,0.034541670604308156
0.002916465045476213,-0.0030109918642748645,0.0014420072504358755,0.030502473455045087,4.246999975590146,1.1094801882551941,-0.32449589376274957,8.881621021106234e-05,-0.0006659046952307221
-0.006145796668374885,0.008769927558245107,0.08410502587205296,-0.03519286440690091,0.002613160653020591,0.0035715267390293744,-1.3536252123452142,0.00765545495293,0.002250686722193956
0.15391440537666012,0.01934960157212212,0.0011673559081086392,-2.830188698924113,-0.0001635108770835867,-0.012390317616760599,4.172162294807718,-0.13392548501666937,-0.032994018387586796
0.03772661119341548,0.005555383646053885,-0.0016664877933043282,-0.0004120982482806665,-0.0006225443088140809,-0.001180674110566209,-0.0018185771421537517,-0.005515041549272641,-0.132912073007115
-0.0028916286719275304,-0.049651889665808635,-0.008474853211984892,-0.8631665006506176,0.011641142830044915,0.002168839325528425,-0.048794359960334856,-0.003992563067048389,-0.9821581503988286
-0.0004778771876242642,1.4109161951571347,0.0020781970942000006,-0.00307173157612031,0.003667565989766154,0.000781024150656446,0.0462691774537127,0.00197039563008054,0.0023613839932350453
-1.707241934412992,-0.013113438226994734,0.0011564560220676044,-0.8049474464364718,0.002567301119697456,0.0024925209920481127,-0.03572098100751192,-0.0014047001402657622,-0.005193442347456783
0.0028401908970104514,0.0060903545736788675,1.706448616222938,0.3920740854302511,-0.006354870146408734,0.0008708500837617122,-1.1109818641019324,3.9929072505876695,0.004163037374926404
0.0021353048138705102,-0.0029745789444850235,0.0051652641278922854,-0.014685103912076636,3.541541223044916,-0.0007661653849957151,-0.021857943476267537,-1.4631897242137297,-0.009128159336309206
-0.00039508524459653735,0.021489847392545836,0.014732892833855333,0.003342164529269097,-1.267535644890712,-0.001195357076840091,1.9347096912095694,0.0021592757291002025,0.00602629783638073
0.5654747675701768,0.037470355095222674,-0.011959847597605218,0.0021210933709580526,-2.491908614518443,-0.033019485107485536,1.6303403642509857,-0.002005042315795409,-0.006685451306850596
0.004040135957214561,0.6789958227536363,0.0035007597607187024,1.504188582293772,-0.004615327780153861,-0.0006055653247328541,3.9312695371868442,0.0018515236057979687,0.0023332542735963607
2.1699789976590167,0.022471875255417644,-0.0006591603726130773,-0.0012499414755905436,-0.00327811266629386,-0.003962898269879713,0.008530514953225581,0.0026950904435298333,0.0007915063993168374
0.0022812575842254476,-0.055096329751659644,0.00023791201253905991,0.0010949634359428686,0.021083622014471226,4.485610989939544,-0.02020309439203949,-0.49703496388486673,-0.003011769959445791
-0.0011869671794359476,-0.006827032384278897,-0.006151170391586287,-0.03525948283404741,0.0038610781791844446,0.0015101345221952818,-0.009977856316137028,-3.70830969909127,-0.07485056470083229
0.00958614774608818,-0.05298220195673059,-2.128603136271021,0.026532143617120252,0.3223677675945016,2.4059791372445734,-0.018602623890291714,-2.2485599878674005,-0.0113291391744662
-0.004579067183533417,0.007848950747453343,0.00444939736487341,0.008885208853045154,0.021023140319641448,0.5848474187835149,-0.0014911396362023988,0.687111523867979,4.737919439352138
0.0018455020461235067,-0.5366354704131817,-0.026939592578672983,0.02540775462932929,4.456760953513452,0.009147610028048758,-0.0016390915755592865,-5.296732092054787,-0.0031984988177480023
0.004450771764099908,0.001044386579978808,0.002220576521973612,-0.0010855647565149555,-0.008981206756549301,-0.9675129104047201,-0.0005721198957710852,-0.0029408731102068017,-0.001140681459042947
-2.5695143642665,-0.004621609778084621,0.0010880970782239513,0.014105439821449845,0.005665632449892807,0.13201239374181498,-0.006933037405808591,0.00789903230403901,0.00219719626328109
0.0002641501998127233,-0.001119809720096504,-0.0012290550779041013,0.006884023407406269,-3.437995853377172e-05,1.9145507227110683e-05,0.000681572239438657,-0.0004744558223370235,0.0010620314587980186
0.07944521191986294,0.010831284975881848,-0.022735556276306624,-0.012279072092330166,-0.013228432392494332,-0.0953527301870527,0.009745127898613377,-0.002577650087745762,-0.7900372198766488
-0.004827588062531186,-0.011521983409948554,2.1496994121668105,0.007015420433356744,-0.003384946197238881,0.0012801362836074286,-1.5671964030751264,0.0021954333784157927,0.008008978987141927
-0.03705190939742026,-0.00908997459679142,0.006140648675829144,0.011107313217940198,0.004824538562260644,0.43265430795621707,-0.035623158868021226,2.328844709938409,0.007290727462394092
-0.025193514214643227,-0.006066868100252965,-0.0004194250990152415,0.008004395331198816,0.004121869035616531,0.4853510832831051,-0.006904162436101632,0.9350646164505323,0.0030871872018115795
0.003679081371341514,-0.0531851621048085,-0.01180591276589181,-3.7202749693202,-6.127285344990645,-0.08082288023527218,-2.670894257800747,-3.91245863258818,-0.03449189516954437
-0.018325582133321243,-0.009184935663806355,-0.007739306844285164,0.08498102790064642,0.005252131441274581,0.1854302368761329,-0.006541944277324812,0.5398941249844331,0.0023122854312659256
-0.00020812732250942133,-0.004435671589213089,-0.00077979325322334,-0.14924619384430546,-0.0003346487848528934,-0.001181707758186633,0.0012826931490010902,-0.009448067286441694,-0.0015330044271035562
0.000615239126779292,0.0031291973761929937,-0.0023804941822329214,-0.06349883727658234,-2.9486682707689438,-0.010962445995167575,0.01750107271253764,-0.0014723023349720275,-0.0019237677815568677
-0.002853898393248991,-0.006267166528927944,0.0015625603639916389,0.007035372017138521,0.8009437816484332,0.012507109080468856,-0.005672206679687552,0.0008709659225881261,0.0018639266811876455
1.4846635849606071,0.032611643844218094,0.0019296339205016715,-0.4886830008187487,-0.003138478407126114,-0.004394568967558121,-0.0007946715809536726,0.0004094644325727968,-0.020450021126285328
0.018565167857847384,0.03573237079388514,0.020155679862119358,0.04978196957068501,-0.8165859254329444,-0.002555174296402698,-0.0050718324102564764,-0.00062215492737905,-0.0009553899909604202
-4.64125890272247,-0.007129362589584964,-0.023421748528570485,-0.022433780722466268,0.0023938636918074963,-4.396680865178066,2.2749772659854983,0.0023314484290461457,-0.006398408711771806
-0.03482498205198979,-2.767380816997456,0.08041181552059858,-0.03372819805622237,-3.00154650639249,0.0006274148188737359,-0.9166854250099471,0.0013912220908259883,0.00429233785428435
0.003975991284206005,-0.0031609419853301964,-1.4824406228922726,-0.0017114741618952816,-0.000453771042561887,-0.0016440728466842348,0.002480635990619427,-0.3798435742023429,-0.005995531584817165
0.002891142366398966,0.006396512351660038,0.005777229380614428,-0.001541920307966755,-0.022228306565467433,-0.006404055508950072,0.3470268970679661,-0.002336720708231873,2.541568481950733
0.036074476841169184,1.5125590992634714,-0.003441918481323556,-0.00017891461431993456,-0.04041894871935103,-0.10427490843512045,0.018297176526860852,-0.0015570185643678299,-0.0019366482253897791
-0.007112819052592249,-1.1935072080900042,-0.0011504227719254766,3.4738481276813555,-1.194982620725954e-05,0.003019902713359446,-2.6146512760743015,0.0031109920506287173,0.005742232306456894
9.542676134224881e-05,0.0022214042225395187,0.007951688448598008,-0.010330968816784691,-0.0016525035380227419,-0.0007824746471636708,0.001063600273102427,-0.0020477136600869777,7.777722826818181
0.027823469371476072,0.0023915110096258962,-1.2538933187026093,-0.004001217584300671,-0.006279224556489503,-0.13463112693219492,0.03273810455977867,-0.31753405405977353,-0.0067010276204370715
-0.00595642377162513,-0.005297772966871568,0.005517283282247908,2.726529712283822,0.0032480407784037093,0.0061297811318264854,-0.3448749197114055,0.0059743583870264395,0.004188506622848448
-8.034854089900511e-05,-0.01081261725653127,-0.00355618248545515,1.1012953134205523,-0.013612171211757909,-0.9829534737764587,0.0483754261975779,-0.0027325209883159044,0.006832435357804256
-4.976537123647848,0.023030446355383302,5.6049456256588135,0.003343106954906353,-0.0038009790290998435,0.0009459831267810657,0.003646495196509343,0.26211214960241713,0.027246503580274917
0.824562989471121,-0.003284008201255628,-0.028565296474844244,-0.0019838705714499668,-0.00030448117657802705,-0.01238745957889724,2.0321031544373493,-0.058807966168266175,-0.018354944602859587
-0.0021728269882303106,-4.998946655610537,-0.007918880650847615,0.0010852642652242127,0.2251939379580674,0.18959413921528273,-0.01822282686620852,0.0012476244607953955,-0.0024389932166504506
-0.0062896410700448,-0.003604070489333481,0.007158522993085085,0.008953988383844758,0.005335672750417632,0.0038949211375808703,-0.004069848191622387,0.0027172610828536496,1.9124344895082572
0.01658503710664774,0.005274779300631347,-0.004714070333305457,-2.9363194886286412,-0.0018117049673817137,-0.8357404380721459,0.002349437292106897,-0.005667491425973107,-0.009984097330813409
-0.0016469918712679055,-0.0017102979940990803,-0.009351036135658165,-0.0031923843730543716,0.015493343207881649,1.3400342307377695,-2.695231694950696,0.0028373057814318065,-0.005662059309640377
-0.0014372478755795618,-0.003793084993028214,-0.18350781067873356,0.016845349798796823,0.001233222774454928,0.0013955332123254671,-0.001775841405439826,1.7600865499008878,-0.002335200516342985
-0.014055248704307752,-0.0074140268652612565,-0.0010906543203093987,0.4814488916765825,0.003620319270433006,0.7285940996412137,-0.0025414035082975683,1.5165920267361213,0.007445075312269511
-0.9636391294701863,-0.0029980286557969027,0.012626321478977654,-0.17509921382641996,-3.740702045066156,-0.004280178713513522,0.9072459924015419,0.0015048290511516654,0.012771610944312797
0.013394029095678734,2.3188217102420046,0.00539055146283271,0.0223794552161414,-0.20199516923919414,-0.011337925212234147,0.03289519342977172,-0.0019966538767929006,0.003257586646867003
-0.00024764516568970957,-0.004646617225477312,-0.004743233197427263,-0.0136228771881119,0.0035388600992878813,0.0013671063798821352,-0.00698002729962665,-3.585915564011983,-0.030575017333412752
-0.00020425340725091414,-4.113445620773198,-0.009264876456500717,0.0038642704033303847,0.018698886762123668,1.4802404358490167,0.00011701274909547976,-0.0018811921801503268,-0.0007792923457786184
0.0017218803691925976,0.010617630085449619,0.004516879273987554,0.04701126272124906,-0.012321259599719178,-0.0016200726303634066,0.004179318532970374,0.8873041908734914,0.011668634331565012
0.004672942168716286,-0.006083511607646673,-0.28437637258278337,0.002807362558581064,0.020057971886458803,1.308718453628486,-0.023822313802740525,-0.0006056438252203681,-0.011613482066110955
-0.021650415085958705,-0.004209677397378273,0.002123999951407187,0.007980280927088149,0.014215782812328923,0.017493312408686817,-0.0006690034404889522,3.189702258938703,0.9084475404394139
-0.004385975694401273,0.00495040759773472,0.049297310281606166,0.201075350817018,-0.03337161886506146,1.9422463623451003,-0.033141941010191855,0.061721542159758336,3.491926314633109
-0.002249248084355296,-0.007556481048178153,0.0037819427404463465,-0.007434544773576729,0.024511828736224706,0.0036521593930166907,-1.2765193810883768,-1.8214135345795979,-0.0032400434528410474
-0.4863011584516467,-3.8944942554926536,0.005105771392696065,2.2213977555056004,-0.004686337117943015,0.0017921717122480081,0.0009026333377047252,0.009539512640167431,0.047401082187874574
0.001918388777500557,-0.017014066135183928,0.0006932536180121896,-0.007481343845971891,0.0010810828530828098,-3.133825917619729,-2.3122888195874287,-0.01959392372462579,-0.005439063638735475
0.03280769809739448,0.02533508701512295,-0.013091430904239476,-0.003648307755368896,0.0023371342110738436,-3.8211289543009297,0.0127612451354997,0.002872204544603074,-3.396897009757006
-0.003824137017147341,-0.008665388726647807,-0.009254591067983667,0.010041825509393424,1.345651393607838,0.25177474523749255,-0.005275093811883057,0.004060945728475116,0.0012851698820319129
-0.0009145894334196911,0.1983445599053345,0.0046622626881708505,0.016833614162478833,-0.0009272174245657057,0.001636905831848983,1.5800270100674485,1.06571605986262,0.015946181091060378
-2.129683852848287,-0.0638775410995244,-0.02809130515267446,-0.001547531728187761,0.0011391662910695127,-0.0008539118945832885,0.5338738172497507,-0.002049464739196423,0.005944971847777959
7.80263808176718e-05,-0.0023944765380784034,-0.0022221522915939576,-0.008100923504758314,0.05146965379061708,0.002637230350660695,-0.047423854635848785,-0.002969369933999285,-0.39985489504924526
-1.0579043778511559e-05,0.029741902109918943,0.008427266938393354,-0.003816666496138938,-0.22241569731966704,-0.0021935029362422196,0.0040543748593447875,0.012445824583294664,0.0034348940507030446
0.004158672851939078,3.4313242404162736,-0.002098728157637425,3.734578764114821,-0.6109388910051905,-0.008083793324557886,1.3371141642024549,0.0023059114470145095,0.001857370277523765
-0.00134514148485285,-0.0025897816601795067,-0.004573252041792035,0.22186819551012793,0.06710991692571028,0.011954274760295643,-0.018454720256771605,0.0043779543028452175,-4.40249003081055
1.0226784296829425,0.013657654759990371,0.00039312827705911737,-0.013231010093082257,-0.0049932895457897725,-0.01798872164302485,0.004064588700276386,-2.5725432373739885,-0.006007286678039445
-0.002476855379751239,-8.013366241737575e-05,-2.1189538608401457,0.001730498758486179,0.002237597794943674,0.0019514405988347258,-0.00240500837937557,0.010794669217085202,-0.0001466930284733303
-0.0052845502101377196,4.443462306410298,-0.0017135825548009673,-0.008359681879290006,-0.0012624305783149256,-0.000790999277777267,1.4536029083843927,2.8219887638706522,0.0017994710609518516
0.00023695206330779338,-2.781616291605438,-0.06436123018434076,0.0011698233266480749,0.9359160702877465,0.002557701402169193,-0.0014565537038781287,-0.0011321926872854679,-0.0022899115673730972
-3.1005952078913563,-0.008738686254950848,0.09626577230250966,0.003707222515238644,0.0007004359496891599,0.004172766936612171,-1.67995430392059,-0.0032478289100461993,0.01259875220416233
1.1020915643716878,0.049160577517714396,2.439235531003951,-0.009373963649400163,-0.0031748227832496777,-0.006157333769451741,0.0032690804583161946,-0.006845465211885312,-0.0031125957256524176
-0.9026290063797234,-0.003246016655727689,-0.0009075826162890381,0.0090970324921703,0.004745536471186054,0.03100379644751464,-0.0010529017120109573,0.03884043389226635,0.007593272701428389
-0.019580955427870902,0.0032615805654256647,0.008996538276633135,-0.014305010753375837,-1.2440010818524916,-0.0008930418987861954,1.7962082841990004,0.9585869528429733,0.014106573864651181
0.006986297464023167,0.004727037766698939,-0.00565220736575954,-0.0023755359640248437,-0.005379364202380638,-1.1734024252724942,0.0016243129225683509,-0.0002545211109446501,-0.0030242227053580845
0.0036610870111639243,0.011289138654384023,-0.014036995243798214,-0.010111543349721475,-3.4601793692259157,-0.8945421225409493,0.0894771813598014,0.0023843931657850093,-0.0035432537824820814
0.0028936802271534307,1.9232531514759814,0.008029729077199475,0.003536322537148903,-0.0013527621992717453,-0.0004080336428120444,0.006658058281819385,0.003381912657157593,4.111099044655447
-0.0008770424631159186,0.003214074575919823,-0.007468814382053814,-0.012155218366745517,2.0945978697624135,0.0012946076889910965,0.001947267408106448,0.0013063514122613386,-0.0020513756799731293
-4.367682979217852,-0.003086766393098739,0.036086702079731005,0.006312423399810266,0.014257967968827528,0.17001218074247681,-5.143184966587226,-0.003303491184204893,0.02150398052231886
-1.1503206102288752,-0.011692154104337923,-0.006680481472086271,0.0010583608682084916,2.7884104753461703e-05,0.002004950045401987,-0.004707536331848207,1.1965288402830316,-0.0003998376203214436
0.8758447931388634,1.37565336810879,0.005264378893058825,-1.5725634550023868,-0.002593379439151125,-0.007697635853682062,0.0010335163241676805,-0.005274493764375757,-0.006487336389515964
-0.021726258441874587,-0.06734283952033103,-0.0006356044749644767,0.002113697388523372,0.0006974093648667466,0.0013612878380954915,-0.00442285239421962,0.0022077649529831933,0.0037273185081684737
0.003284677925665925,0.007876916980965494,0.0012066476043682596,-2.940886830573114,-0.0043836440574999015,-0.003111855115247733,0.004126542105951965,-0.0005297941387352355,-0.001257889433780279
1.8768066062212405,0.011979899792853537,0.0017830206909667731,-5.225426253658401,-0.014241561516950996,-0.42738420699245383,0.0016511044221645538,0.0005228558607119692,-0.009096919492916689
-0.005325505042480604,0.011346361561533014,2.987368302977398,0.7780522659856144,-0.011271939183475799,1.976782733965501,0.0009325867064098881,0.12832765264310525,1.1885445475981324
-0.04761686373658003,-0.05759432787024377,0.014514739096353512,0.007669607196366009,0.004613121288567099,0.8190721073595366,-1.9803586436502645,-0.00029920558054176427,0.020781220850233033
-0.001910472076948866,-0.0090831356998861,0.004145239945280951,0.012071283022863213,0.0004890835800574894,0.0013763491424431144,-0.47623785273902697,0.00043264984997076316,0.0017372043023757906
-0.0032378185974061835,0.003268905866657651,5.592372242843939,-0.0043799884434547855,-0.17558077672319483,-0.007811198029236896,1.2337260651397428,3.1752674333123765,0.034454018497763195
1.9287143807885232,1.9059870546992563,0.05951788660838707,0.8856053699228175,-2.975977549253967,-0.015735613437032114,3.5372868830678987,-0.006721531966876457,0.01693359218931978
0.0007198675136290099,-0.0007105265794753804,-0.006270094084962272,-0.9090476511457033,1.4778547237528414,0.0014503619526367618,-0.0026520533651542806,-0.0022641923812033917,-1.398591460526395
0.0007879706165723746,0.7392644236711019,0.006589194954059524,0.005179305297727836,-0.09413150511001875,-0.0020108538051028073,1.0478764654932693,0.004588470088836961,0.005977212073155713
0.006665713961274276,0.004738534276988365,-0.0022039321066001667,-4.093320193848265,-0.0002546073514231302,-0.003211515601603987,-3.4444322285468836,-0.007934958651732962,-0.035938938613142984
0.5589235140583977,0.060300218095024394,-0.036013784161382977,0.008909647568618917,5.5228157248944605,-0.0009254303153616861,0.0052404240522879566,0.0009038679567241158,-0.008034161553811134
0.010814246512736492,-0.06069278379754861,-3.2091312653284025,0.006245277711088307,5.144170218106434,-0.0029669931806428074,-0.016671060673515262,-0.5431330542313055,-0.01543474456239613
2.842033926531262,0.030274587653815188,1.56869199264839,-0.008841302088134374,-0.008383755695068336,-0.01338956163450842,0.0015102157582238401,-0.0005426274698851845,-0.00010265578541340109
0.0014334085977279606,0.01446563954867568,0.006731696769430118,-4.681236212005467e-05,-0.007323446958993031,-0.0018367459903588042,0.01606161269660811,0.0067918051602193046,1.442932495115962
-0.0010922068669505826,-0.00591372010689184,-0.0019575116108436945,0.007503373154519891,1.3111682117214791,0.009645013035072175,-0.6450347755354249,0.0014122595291015923,-0.0002453211000894859
-0.0013001476297175314,-0.005748781045401996,-0.028271163086627506,-0.025926104783632505,-0.004815122091602956,-0.002676523289695634,1.4343508368451412,0.00020923439759753387,-0.0015558638570225347
-0.029274817971826392,-0.0024867999497778168,3.564606139353817,0.01188650289070086,-0.19063061038085927,3.0688662543671925,-0.0013109472122249943,0.06625535289231219,0.029595516325917892
0.015022620478314068,0.002293101630390622,0.005746106357967891,4.388568758234225,0.001561628967563497,0.0008613442413807132,-0.49808978154944605,-3.453169606972268,-0.014898823229729137
-1.3528486313234525,-0.012746778291970184,0.007848067365433711,-4.334495280944663,4.031254159421649,0.0037146975149951467,1.6816539420254488,-0.0032710114136861104,0.04608904455899594
-4.225717353077863,0.000837085190329101,-0.5590544555084511,-3.66211417622259,6.453985715056628,0.006805924762439242,0.008611029749045656,0.036723404285004424,-0.002902893423401342
-0.06324431710169132,-0.0014338321535113854,0.002042661476338501,0.014311430606805533,0.002111031257275346,0.7309845415537559,0.005034395794069245,0.47542606222319433,0.08832860525219113
-0.007662400108480452,-0.0015942053620053539,0.001398521230793154,0.011424927678161794,0.0007386086882654316,0.0017215830097841588,0.0004889000692425531,1.8179463759525318,0.014406086589061097
0.0012603919358407493,0.009435487913796971,0.0015814983871644272,1.673757441694542,-0.0016762119202686431,-0.0004090814815078961,0.006536612717946798,0.0038589787821436254,0.006795352881500216
-1.7317571106345848,-0.015747712039024434,-0.012370777050434652,0.002446965182711001,0.00554223734695386,0.013133271070078244,-0.006347470572239146,0.004290825093105457,-0.002113788098301631
-0.00023208585473058312,0.07058792588999133,1.1098414420353768,-0.009956043101390697,-0.012343624034020853,-0.002297212646501649,0.9742402903158307,0.0022798447965663203,0.0033673689966736767
0.0009245484115261837,0.4507049935553541,0.16836113988635654,-0.002530907761073649,-0.07559908659896486,-0.0038474031005826023,0.13358370539034942,0.006052121249073915,1.103809230822461
4.886706156231623,-0.05144252601502297,-5.320266625834335,0.0013583387766576555,0.006101245927154275,0.0021638673882664813,-0.014090400126065591,-0.06063541274096751,-0.46085325054506754
1.7741211504796965,0.012033843694535912,0.011393183382097851,-1.6233926552408637,-0.002883242539775399,-0.008505873591473836,0.0009681719751045391,-1.203021027631299,-0.0037596667080218027
-0.00797898303693572,-0.05634085452640144,-0.028423063100658914,0.00706099669557643,0.24182639986820734,0.015069442049171437,-0.028538158367282237,0.004381018536976436,-5.034212179820159
0.014097029084354742,0.0312499125970494,1.4949648019323127,-0.01687605750687483,3.23939705611329,-0.0044389653066436024,-1.0856191406431046,-0.014215090035980878,-0.022019246614362945
0.005116982843612787,2.540295969263727,-0.0031411840115979466,-0.018401012148103163,-0.03866036674236431,-0.015174811145286604,0.002257961451780359,0.00024338924305945716,-0.00507354748950699
-0.005102782431235562,0.00136886334322436,0.0058003563099006845,-0.003482416674590017,-0.000666269149584349,0.00041723901816139336,-0.0010232643954041429,3.4142610942017786,0.004010847222694965
0.0011104794097034302,0.0014592389724284176,0.0010312816590488973,-0.02182315467660416,-0.009208391032578297,-0.6297849842282676,0.036299940323114704,-2.8750985926450285,0.001631682793887347
0.8058158010402189,0.38642057229620147,0.024032488483767267,0.0019760355173480274,-0.020341616532695,-0.01036093318718988,0.0028386252937182676,-0.0011085313015626753,0.0007629970162970701
-0.07495424842185112,-0.058258536896898,-0.0038930920180395793,0.011151143945249478,0.005224745601183722,0.05892615702494164,-1.0960201889585974,0.013626262773792653,0.005658827127290791
-0.004665666728989956,1.5213627344258671,0.023329139970846714,0.012078314014535699,0.004533867841459031,0.19222507705778547,-2.2537110935104763,0.046299209432604786,0.008226982939921506
0.0021073355535021526,0.006456886163407389,0.00420945097557958,0.0002311993879259068,-0.002610334896651636,-0.001345998677773438,0.006057071330497581,-0.0010584001467626315,0.001990076537053876
-0.0010367029761849667,-4.1427688966067056,-1.6179045181483707,-0.00945270770195833,-0.002774600113825604,-0.0017638393429160945,-0.0013911109373895975,-0.0012790860857573305,-4.349665721414606
0.0007550307520243216,2.0453316018576047,5.139545111788383,-0.0006618924728112839,4.158711312506898,0.0032286013435152278,-0.00031356622038233514,0.0016649219088835047,-0.00017062020413525624
-1.7738553254723066e-05,0.03250979540112442,2.877222267760006,0.013922020461430212,-3.2515729308805144,0.003810231597956279,-0.022949074801279203,0.01526622183500193,0.0017435088227764593
0.002633417782912106,0.0017729302802652611,0.00022381414762942786,-0.008872742469882431,0.00013270506272787443,-0.0010570435827630628,0.0029915553269133444,-2.3864618984313664,-0.0015621972304053905
0.0019785516755775126,0.015722001292236623,2.825848544695326,0.004427038181196101,-0.04469097141983003,-2.958510217156628,-0.00035568553302489647,0.0031160397648911722,0.0021447937309637954
-0.0024385597540217906,2.0226730131452015,-0.00235365184124163,3.440747331471677,0.0006683815353834624,0.0033507356663870017,2.402276042045063,0.02900206735165938,0.005471105716123539
0.0003617468318816786,0.003474396684796567,-0.006469069079984707,0.004828745611240452,-0.012352677936253442,-3.314667000288046,0.0031673314299613398,0.005290737227137155,0.0008155103315348813
-0.0017715096028270844,-0.0022612296724804568,-0.002284397007218977,0.6610682899621972,-0.0024504087085952444,-3.847147064471243e-05,1.8161670866942905,4.82882756736149,0.01617278656752244
-0.0027912688402536804,-0.001023608725901876,-0.0010910603105276767,0.016484674787886122,-0.0021665334163706697,6.054570240264859e-05,0.0018202340164560674,0.018242588001961935,1.0941749877152194
0.009574343728258244,-0.0018826943397811033,-0.002927722641459629,-0.00622206455922035,-0.010576883288511307,-0.860852798871951,0.001589800569807856,-0.9886698106302756,-3.8016347355001807
0.001240889932399833,-0.007144402685479298,0.007517058865856463,0.0042047261588520485,0.0006001952517679489,0.00020244509701294097,-0.4296324859221241,-0.2182983901949862,-5.019647506885353
0.006694043655005743,4.93986925853441,0.0027678349995231347,0.002050686542497333,-0.0012858612805052155,-0.0023666446179899797,1.5875539581346771,-0.004001166161100637,6.401821378299033e-05
0.7652060664459441,0.004291366576376018,0.0039043930929105602,0.011019306449022923,0.0008336271259617827,-0.0004580457184906097,-0.002200006934365832,-0.11960127275831833,-3.854459584687588
7.426758127870685e-05,0.0180258801873822,0.01703211551647291,0.0011956117097467371,-0.9798542602113302,-0.002478963200948068,0.013610566134769051,0.0018002598016535025,0.0055006331157375615
-1.6830149897557813,-0.3787203418296239,-0.0003083135862288616,0.002395854400046707,0.004972632472020289,0.002719128621991574,-0.003984336662859828,-0.00614793929260711,5.836528993092898
-0.0038014188556964408,-0.02915299735582814,-0.038821637685904624,0.0002461876176995741,-0.0035510131072641546,-0.0008175024630636897,0.001621493092648514,0.0008799485484108819,0.0020510051346310583
0.00045611731719923283,0.00915779827785164,-0.0031324779103608087,-2.7614202974349835,-0.9426598814542138,-0.0060156133992240665,0.005129572975469156,0.006455642186412285,-0.0008926510088796743
0.004712854163606688,0.17298423880864022,0.03715219314729348,0.004469936801678264,-0.024510122126601197,-2.4690556748147436,-0.00045359419507653986,0.002746867815516707,0.0018175107344775877
-0.025183361781466098,-0.003886505565686799,-0.0003993455873094777,0.009003149139629785,0.01496428324865385,0.035441046211253116,-0.002007420590119681,0.2155728660916033,1.3732473109591896
0.0027834323124429107,0.00018778136730295686,1.5407846217609475,0.030684803206122935,-0.004185115602610396,-0.0010153452265791786,-0.0008416119091247837,-0.0055752370252658764,4.437407469277339
-0.007270638873955272,-0.012212643971098072,4.417302392319166,-0.32959579810187634,-0.007811853801955371,-1.573492118731836,0.0012642815506763438,-2.582713623989793,0.0015687279003184645
-1.11330087247992,-0.005606312022527017,-0.006439950891842076,0.961721093924432,0.0001438091059719239,0.002281541833360843,0.002678654152958808,0.05138175620555205,0.8993156774974491
0.003792816650179486,0.03676812171127207,0.019419535895074252,-0.0001312015456942379,-0.019204548707908803,-0.7483094870838876,0.013872824624436765,-0.00034571548973364374,0.002996158263797966
-0.03233165944346433,0.0002590547168273838,0.05918993566351701,-0.00012758384781283265,-3.312411437342632,0.0032735041146941396,-0.0015369120888201254,0.013701939538304559,1.1287977868144932
-0.005805323539513795,0.001379904087731093,-0.009140824305862424,-0.03221346932703444,0.01235120697930385,0.6898142975019923,-0.02677830945830123,0.9512680989884178,-0.012167316811547133
2.2567935240754324,0.020403454475338503,0.017444886550645577,-0.004645250652852409,-0.009777788342733802,-0.05452694639111809,0.0061548154008528415,-0.0022691616925057316,0.002938682227596908
0.01368436060604122,-6.274977067383601,-0.030044882239462667,-0.002924940057522968,0.008317307905120058,0.000993087726812161,-0.004415965379518272,-2.433965224783152,-0.018243829348667452
0.005475893135798963,-0.0015972088689914848,-0.0324924702917245,-0.0034596187595966428,0.013076793825990585,3.2399111531450915,-0.004246926559932029,-0.0005760828300517586,-0.009302238735458969
-0.07010449884578013,-0.006080122889188156,-0.00011717955437007006,1.2475871106158505,0.007833023461384349,0.08061455990086437,-0.0005191644059281968,0.02494142301137136,0.13137808211627067
3.230573123628875,0.006064638278416473,-0.01923107503926775,-0.004750677500855912,-0.013510844772738936,-0.2031267921903224,0.005843630492615923,0.004017715033762808,-0.0039714900179054075
-6.8738135052605305,-0.018181945232891367,-0.09287224471334876,4.988814840833118,0.003833562555646333,0.003546337113788375,-0.0007544309056695744,0.00044608244601521043,-0.004155305561297784
-0.0015673124992729576,0.0025258155094482655,0.007673405017290388,0.003297053916542974,0.0006284947273943227,0.0009484999137198933,8.610841832571003e-05,0.0038462568042810846,0.00486281564774458
-0.0052593579285140765,0.0025594671104280536,0.028903860608108577,0.003544668719675691,0.00013661067147063572,0.0017795753097983563,-0.0019742990739160717,1.4842286003930432,0.013203079375929128
0.006967560868786839,0.008031567726192401,0.003714196538191987,-4.403569935416672,1.5164510920332774,0.0037187167901846646,-1.0805726654021182,-3.0074962448460782,-0.031377579789555965
-1.9929061580174663,-0.004573976891232789,-5.228383604111498,-0.10247421385864469,0.008826728301350117,2.7948124499383926,-0.012799099547766923,2.0222707401510123,-0.015365069160114042
0.00014361328571006748,-0.02350151614872617,-0.0031614808901236757,0.0007432701425700503,0.023170535550299964,1.837392046099521,-1.3434623762736067,-0.0056009808338005895,-0.003693521080339282
-0.005659355003032676,-0.05027558887441417,-0.004822727912924992,-0.00364720741759286,0.015424549951600721,0.004264889295400315,-0.3825275210896852,0.0008052267888475183,-0.002060206639135893
-0.004076243463918104,-0.001334669953946894,0.004515359430246866,0.008214361283940895,0.0013390729117997734,0.001926786724317779,-0.001562184694120026,0.005450371155113293,0.007214396531789839
0.006024592654741846,0.0027912980404017074,-0.003859870099175525,-0.004863064854810646,1.060014791282612,0.002313061274177408,-2.6434257039409683,-3.1268782948299165,-0.027133307871617884
-0.0015987883139066128,-1.2681183165305776,-0.010052784928615967,0.00283225832640047,0.007712313863316576,0.0023338370127126973,-0.023348276586562314,-0.004836614086578407,-2.535843428399555
-0.003021579084589786,0.01227578832492848,0.00368036270929915,-0.03176121926009206,-0.007857486521853113,-1.3866012115291164,0.05927519420080485,0.0024661989575471962,0.002684768827466766
-0.004190356970854257,0.18972502076757025,0.015626340350565416,-2.9851547765636353,-0.01236791102795342,-0.0009261834469303093,3.7263115128912814,0.53787443608759,0.009327531164720262
-0.12834799619546694,-0.008316317003624799,-0.004755366183906953,0.00651536779342221,0.0029225505115033604,0.0060215535330043046,-0.0031774701446431863,0.42641405258887116,0.003971790520844918
-0.001831077138042644,-0.029828751434896928,-0.01598232844829678,0.002763934935401775,0.21734135108651664,0.6778817150368095,-0.007478305001921093,-0.0009281650173592719,-0.0025097160231018116
-0.14288590460701647,0.0028196896691996755,2.4324615373123053,0.0018170493618816382,-0.0009924000092919327,1.1923091505119228,0.0021918563310955944,0.04605470049332961,0.060963591557034486
0.0014661417594574594,0.005008152911218033,0.07670724179767031,-0.005674305853798113,-2.066585671634842,-0.6592292234863804,0.014478174606605144,-0.006158361872607973,0.006017673347156544
-0.0030465325908928115,0.0009616178157841081,0.002954666862739489,-0.0011394941258646082,0.001315851731158877,0.0008284655926610572,0.0016338216860019195,0.005990592175634871,1.8821397858505178
0.0058070006944573,-0.0032959923741607694,-0.0030823049789571217,-1.7958146659697611,-0.006787669196774662,-0.4648806388422926,-4.297904004341947,-0.019908109500492085,-0.052276047702939143
-0.01870761275074045,-0.005315840850564728,0.0012471277307765337,0.08708853157397417,6.719719636325006e-05,0.9107602706954236,-0.0016260417661721899,1.0923005950493037,0.011563855216492648
0.0034821662667105097,-0.5198297900417135,-0.0036298621596311774,0.0007458104331080281,4.0727723638475615,-0.0016851378711654208,-1.2085709595954814,-0.9207733317531329,-0.006306826573734943
-0.005883035704201012,-2.0469941067458226,-0.0158917806182564,2.701486053693733,1.773234125761327,1.626909488250659,0.008066222604123388,0.00012590456245892279,0.00532354636427413
0.004473769746791048,0.008303371423633438,0.0026302100281603937,1.2335944237322363,-2.4501400528714745,-0.005618259270672513,0.03391914331657603,-0.0021118279812176307,0.004286339131569963
0.002068019075892073,0.00469614491655338,0.0016476324235490062,-0.0017643291537614912,-0.015380087173034213,-0.8082846209089798,0.006096537614921252,-0.00029962555467620414,0.0009801340493514011
0.009772540796556504,0.015417533957972102,-0.007032645612603337,-0.0062477840515363925,-2.2863263333777937,-0.47785646032402385,0.0037759414448154584,-0.0014940528340169831,-0.006827059623155045
-3.431630748264823e-05,-0.0028065915224042585,-0.00032364424443187,9.973141814147526e-05,0.3676522033140464,0.002533343511201268,-0.002929049578271001,-0.0033900512953065577,-0.0018696323709561028
-0.0008984597847017141,0.001212496116664968,-0.0024768626267179655,-1.8708306110689996,-0.004250786442888973,-0.0006946405853675173,-0.004244497173200796,0.5417712340289592,-2.572861280582279
0.07648414793844655,0.011668065708564747,-0.0004161302257029316,-0.031941421996645035,-0.003128265367454414,-0.060951928751407675,0.5436580039010033,-0.6081301329431001,-0.006033917757960179
-0.007125704960303403,0.00611843403848767,0.005395703264980188,-0.000224681844255027,-1.1688816123677925,-0.00048397357704562174,0.21082781637457348,0.481292347070682,0.0275571343449938
1.9414668453765591,0.009039380530262566,0.004814769554639029,-2.5269976305970916,-0.011509619887251812,-0.0555158778060011,-0.0003813067332394775,-0.0027219000730266613,-0.016089654586075697
0.003106235522618118,0.005260274956173752,-0.007141356003350441,0.007113885352785633,-0.0017495335871649325,-0.0008647027934607773,0.00727776071132382,0.0013373954754541746,0.00013376851398575642
0.0016816485686633534,0.0017923479290144415,4.145778704374972,-0.012035677776832482,-0.00215787577298218,-0.0024443856544864133,0.00440431502352674,-1.2008494424623861,0.0007658765501912007
0.01470957462682243,-0.004040851706137279,-0.018832240870621936,-0.0011607506305310912,-5.7082247378437145e-05,-2.096636681992381,-0.0030544413180395025,-0.009843689176961018,-1.753561138747716
-0.036639159464795235,-0.2741831368995834,-0.004764818080779075,0.014878259615113784,0.034032379180706174,0.8385798053415516,-0.0023425863308600414,-0.0017118176733243312,3.581141836659496
-0.0005830250866815864,-0.8268814132790965,-0.006172421438964317,4.441073247903091,3.626184471522376,0.004146180730168758,-1.9255683020819085,-0.002829913662789795,-0.0016446559672363696
0.41519615944193994,2.819029870567411,0.020871633430201875,2.156865680463246,-0.00920427099139344,-0.009226682516374509,0.008592190926924106,-0.008242622805273176,0.002999614144213596
-0.004108422989025249,0.0014696028865445667,3.037709664437047e-05,0.0005518405459632447,0.014086971922803998,0.008468787166030512,-0.00041273936942894064,1.9008774199869904,0.0019952234875390412
-0.002021155892336077,0.0014082440051919713,0.006894202489410947,0.012434224225196381,-0.0020106609767415757,-6.325113908923298e-05,0.00046669861138609603,4.945560715017907,0.010110396468685223
-0.005479027774047789,-0.009386604230862924,0.007339438575292623,0.013817750669605337,0.0026348027774798664,0.001703795179814455,-0.001682735539740699,-2.1390898669776823,0.07727595429319911
0.03199027752864185,0.059469425894446315,0.017142979539815514,3.0750397314596833,1.82572883470261,0.001247853917101513,0.0011757759385891218,-0.007431015912909654,-0.002295114873390996
0.002372528041122546,-0.004742703568315194,-4.356374848166123,-0.0006787025984170475,0.030007630370563265,0.0021923549477966923,-0.004813800367310357,-0.0327828490136615,-0.9816571023473255
0.008382240479102594,-6.589783018115876,-0.008336858923854759,-0.011121543251154744,0.0077269654658412845,-0.0016365038475854347,-0.010845098975660356,-0.013453343887890238,-0.015994074502797256
0.9238194729942614,0.017642089855701884,-0.0038127473304213956,-0.0005208042239353359,-0.0017754655996882404,-0.004707062164847979,0.6732764090301917,-0.002427539938290357,-0.002623754957996961
0.004258434784841029,-0.013486266117901824,-1.8952179379595526,-0.004389768473570284,0.013819982448829562,-0.00022618329043332455,-1.5923073735369602,-0.011293592296997479,-0.2232199845345859
0.0010393540555711678,0.003616184357462355,0.006527802998471603,0.0023281061142764415,0.0034924536690051715,0.0013787363124307052,-0.005389889588788285,2.1015273297774437e-06,-0.0018914096021300068
0.003883251596749044,-0.004017408949118978,-0.014725581501565173,6.103136709071769,-0.0022417660067740805,-0.0020561530307058873,0.0018417342810277508,-1.496585954832434,-5.948508717170343
0.11554107142896931,-0.0035133802867849478,-0.005082168869300532,-0.0038509415372455424,0.003615679043432213,-1.72573055032323,-0.031018864773793453,-0.04415665697566279,-0.12038523957640565
0.006446684934578527,0.012640126486947262,1.7252541507759613,-5.214053302376913,-0.01779952042013614,-0.042382165537810906,1.8743383536102798,-0.009356348861423556,-0.002073134953564291
0.01437287658880813,0.020976766398293635,0.005750002589830633,0.0014455651622494424,0.0014701877833172006,-2.3113149917618245,0.07697299277994452,-2.824305997664548,0.002782774452078196
-0.0007161721159196503,0.01181727842506138,0.008327584827968141,-0.0021053060475206015,-0.016370762294684982,-1.1396273095646003,0.01655327459779732,0.0014651869878005276,0.004000269729242614
-0.038584121044823096,-0.012420142925816419,0.0031884299667522256,0.0034054165264587968,0.008860445289262601,0.07439082934950442,-0.9533391568552352,0.006943639989801219,0.005378957280234709
0.006611620965499356,2.8174784215332984,0.015819745447013894,0.006591361438679929,-0.04063556671050361,-0.991374687829714,0.003477430633422235,-0.0003987949328333141,0.002531737134223255
-0.010901115892060602,0.0019436981748177165,1.1293578924708072,-0.0002740374385588277,-0.011267361734858095,-3.1159764573472604,0.018953067147846947,0.0010878424401948791,0.026763162592997644
0.004477129776980886,0.0009504254364257158,0.002072760959665583,0.006952000344679108,0.006004806613410296,2.787497646083883,-0.0021993810620936916,-0.0023386130389085394,-0.0004120812634490281
0.009299250453049045,-0.0045215924356135,-0.002810371516606243,-0.024611787298882373,-4.765501211148604e-05,-1.3668179780470195,-0.005214248167777366,-0.05918484072406846,-1.3600738617959156
-0.01340290233057935,-6.366559095793789,-0.023608305038170574,2.8720426226620726,0.007643558703157055,0.004719836238402674,0.9463647276611677,0.005807842152827633,1.439314781291265
-0.0021459878163235524,0.0216367286414757,0.00392291054700715,-0.1567512363971275,-0.19792482487394647,-5.164281121914611,-0.7264854236832807,0.03766044813587954,-0.007552539784499407
0.0031924702734794676,0.015349658675232957,0.015391681147498993,0.00841068355116166,-0.004233150703120895,-0.000978535596118657,0.0017261713020070941,0.008624063369264315,3.943214609005552
0.00022215524325509386,-0.003940011644093082,-0.0034747539008129057,0.00630323142448192,-0.000812153430391638,-0.00018351914783733018,-0.0010289613690042858,-0.0007797800943931976,-0.0004758655948141235
0.008244626481066893,-0.008609076311735492,-0.026017780539403245,0.005298200375007001,2.720913807456384,-0.0006276597997450992,-0.30830372167682807,-0.00731423239891682,-0.014316303479314424
-0.0014541276812152365,-0.0012192379906373826,0.36269809019777344,-0.4611549581984614,-0.0527284834720545,-2.3276768444243663,-0.823184736356346,-2.5602839225079626,-0.0031902519120047407
-0.005838906264368825,-0.00500019864070806,-0.002337385666233212,0.013095517854228146,-0.0034090548377293806,2.5954316364850203,-0.00040138006292245176,0.005065593922343958,0.0027127873331264443
-0.002993526739548301,-0.00609077891032693,-0.02903235447809116,0.022411308419618824,0.006415195144330678,0.03723248643555849,-2.35640528449499,1.4280351537961231,-0.0003402147022715145
0.002021080935511607,0.010331363883585284,-0.03674475157795382,-0.00887038858701393,-1.4596844984551023,-0.006501610867283236,0.009578124615117927,0.0023171371870831115,-0.0037408654201317015
-0.008476236947497967,-0.04989912017268194,-1.2734069933407792,-0.02944653585055668,0.030558674920172228,0.004808103324270022,-2.8799696416303435,0.003228419715091465,-0.0010313566393934243
1.2616571906534397,0.0013394325317836438,0.007287567828537959,-5.7846964125297715,0.0006696738089639644,-0.0012302164201062323,-0.005354779657363237,-0.06019191924176805,-0.014722762688957669
0.000498790551426608,-0.003424213525901517,-0.017143680723990275,-0.006949778925644137,0.1809438444162109,0.002232818315779271,-0.009779985541570361,-0.00226065734776765,-0.09340875876093845
-0.0035562662205976415,0.0001628122863066453,0.003275349440068306,0.004693674354511826,-0.0017237435275114358,0.0003059461746443546,0.00021459655662666767,0.03373891530064899,1.266159193779772
0.001620254210689287,0.49961141203311676,0.013889010607565672,0.11331676316563755,-0.08426857273323263,-3.2429643041209824,0.8863775088139967,0.007207319917264893,0.02568727115533702
-0.021438011932605285,0.0029265698507545453,0.7767720164677159,-0.0012992343519271244,-0.003318368866259247,2.9245849231630934,0.0018889834837624853,0.00475761788381306,0.010951904316035661
-4.381119627062741,0.011646079141540644,0.04014737936106354,0.00842848252558124,0.0032554600639152498,0.11205894642953873,-4.2367590715546966,0.011005092978488673,0.030302718382563265
6.857654478733231e-07,-0.053496317160952864,-0.030607354536941807,-0.0059039978820193545,0.5103668663157018,0.0020238151276285744,-0.08706425860363054,-0.0070296477000717774,-0.448204695725849
0.0010612252661291385,0.017477223838763434,0.00850863693242437,-0.011670179180196994,3.1812324327179353,0.00012027392879805643,-0.00024381415128764758,-0.0009794930648455626,-0.0018922280767520111
-0.0018563915052625425,-0.004639154181162254,-0.059099673843490685,-0.01675945374782807,0.06742862797106675,3.1492442801922276,-0.009538066053711547,6.331811300992022,-0.26800394788317217
0.06336968273537294,0.02603002156550767,-0.000508465885369536,1.8353735821592405,-1.9268408750079384,-0.005477346870132134,0.004362595786342826,3.9945432420674702,0.001512111468751881
-0.0038113377513990694,0.0016650800001461964,-0.002114106039026241,-0.005291208467816597,0.0008474697870470666,0.0006152928598473287,0.004797849614740257,0.05754759046163621,3.015270678677015
0.001645739759533855,0.859390322614225,-0.002969965977121249,-0.0033787448385103384,0.0038658504856458687,0.001519391138631706,0.002633243817313253,1.2477578270643872,-0.002517765304552137
3.1216956039675487,-1.849896995337677e-05,-2.1521918452068314,-0.007924240468278288,-0.004230205510094107,-0.051734510699944024,0.012010390556258466,-0.012135716952193615,-0.005004800267594811
0.0011714170675512434,0.020277974841294535,0.009583439508150144,0.8494181212356249,-0.3849040154662394,-0.0016644418789524343,0.004597839259122284,0.0075535417810146275,0.010793894005823677
-0.0023209698718291115,4.4168715553694,3.033216755996027,-3.169587732818011,0.006905999241069619,1.1916534732999713,-0.06744023471183436,0.005975495427995622,-0.004283168228187394
0.004307536079458774,0.008534563325866162,0.0029106837883976578,-0.014026132534947479,4.008447817996792,0.00045766384243858815,-0.17864285716316025,-0.0019196508857228425,-1.3057492525320722
-0.00353652056642081,0.004679116895221762,-0.0020019883086614533,-0.006996746762705502,-0.011087075585346627,-0.0009904714520336047,1.1481953924181967,0.02565227530797714,0.00306745547961309
-2.117082401385652,-0.006177928922857434,-0.45609505081832513,1.5340309190943306,-0.0012454015376605967,0.0009476885416443738,0.005286794546482496,0.04007341985959458,0.014292351947331236
0.007354684881374682,0.03453091299774987,0.026102073553168702,-0.2524685350522898,-0.0035657153000687725,-0.00572186361841444,0.0129059488955316,-4.917609341219951,0.0006006892759633092
0.017749838952410005,-0.0017826462217970006,-0.01360697466550076,0.0009477886712505232,0.022144089416819945,2.3101341814207723,-0.01771779291458825,-0.0032027370806392112,-0.014929355054168206
-0.007724354590092457,-0.007620516791015733,-0.018826410794905497,-0.02488542870929541,1.7991197770031664,0.006238124302186371,-0.006146779067350726,0.004647016978113396,-0.002103751917657538
0.0074596070613186065,2.6189546629299825,0.01111266120083132,-3.340381272209065,-0.009213927752451154,-0.03958284119374267,0.13633553826088995,-0.00665081062544943,0.00043376660806190154
0.0013617973196905272,0.013023808850439147,0.001373063382642483,-0.010849652863113686,-0.0061520347379842065,-0.001353186842229362,-1.947104964095959,0.0019424809886360896,-0.004854236386653953
2.639798644636833,0.01684754081505607,0.004647511887791771,0.023487895460712283,-0.021974795518735796,-0.004395311167231138,0.002450619648560623,0.008448411366723821,0.00536767551167977
-0.0013828516674162757,-4.9284744545042,-0.012469628740282124,-0.003458320267822829,-0.004244758343052851,-0.0013959203567934365,0.0006587383552471154,0.000625231479415563,-0.0010980955162666513
0.587440595935026,0.008976489288426343,-0.005758731930713121,-0.003374933337943222,-0.018781029803464827,-0.05135020473141585,0.011578863626730863,-0.004445122436622061,-3.044940285895284
0.007595305956717167,0.0010938361312209173,-0.0012596687174739286,0.0036490237995967373,-0.0008584666986860561,-0.0011548902972141322,0.0012957187344314464,-0.0687228627828827,-3.959852278849695
-0.015750347576626196,-0.00840176948238628,-0.012972753218567404,3.729373878865649,0.014911389731942597,0.01731461876258162,1.3970870456464288,1.9184367533999762,0.029084318650493518
0.007460509741972606,0.0032016290286444875,0.011077141053620176,-5.177024830468847,-0.0038831545127663326,-0.0037658955935485263,-0.0011087612201239796,-1.4318352588859458,-0.004494305502955813
0.000559779019263311,0.5134759565224837,0.014468028638488197,-0.18521374089791232,0.0005460539912796039,0.0002849287756724265,-0.0011711461182991436,0.003301547705332882,-0.0020446200145875356
-0.000177814675813644,-0.004267322399100913,-0.025037503529908686,-0.007349231675827805,0.04981275582439672,0.002328986589359007,-0.007844218857915232,-0.0012677050804556498,-0.05530814943053861
0.14219157236682875,0.0012983841673190092,-0.0023476234125720803,0.1278582709509496,0.0008940055334919895,-0.00014525814282002265,-0.0013770530522875016,-1.394864143902849,-0.006153533261960047
-0.004570313401680633,0.008796688148184798,0.005549029460003338,0.030500031451506843,0.004701448342650294,1.0489026646069084,0.0029736710178552006,0.02537682784539412,1.8829849660400657
-0.0004620645830641784,-0.0007497459072526858,-0.031290452214033065,0.5187807056296678,-2.327244658754079,0.00037084611617940744,2.031435011994634,0.006231455311122508,0.0026215412538645975
-0.006828971759479762,-0.014798618000512687,-0.0013414019456999644,0.00020591340887154454,0.7729383827684191,0.5208779775924046,-0.004776575661654459,0.000975627093602105,0.0006965892994482401
0.012064232986588663,-2.6459187079941415,-0.22384125701943197,0.0013577646803171507,1.2577458023382362,0.0016935482683440028,-0.010416846195221041,-1.8211204785250967,-0.04457110823977557
0.0003897965894102022,0.004106319155216855,0.0007061431031515833,-0.0018234013261756263,-0.0032821351015902087,-0.0007045581107429042,0.0006726941677584461,0.003975041945125391,4.81405607932214e-06
-3.863339190269262,0.0016983206796385435,0.004227693752254607,0.0069211607583592955,0.0011725203670493664,0.013483244826307247,-0.028820553925016756,0.08661599102056804,0.00012091416711036695
4.497778316887985,-0.0014597565297033085,-0.009247281662049987,0.01782585983427155,0.005923433034456277,1.8765865167422682,-0.019784254017238892,0.0020342767385947893,-0.0064465577186761935
-1.9565817523455138,-0.06705496014137324,-3.071481151883221,-1.1917994905739973,6.326472988113503,0.0094620603426665,-1.6391460130709317,0.004892054670346757,-0.017286557334922625
-3.4695492141823454,0.0008794157782959608,0.07135522938241673,-0.0024106243673696656,0.021267546882738297,0.05029943211817853,-0.0030712188579269037,-0.0034223628113357087,0.002815467646303846
0.04405784360395876,0.04828183214145987,0.0003555742145597753,-0.0016578308217130092,-5.280642399554405,-0.025970233538348153,0.0037803810069061833,-0.008179983950351175,-0.006195367143609552
-0.007863954369732723,-0.0035432593287566213,1.4383395427719086,-0.0046591318370909005,-0.011594650006484766,-0.0010610644240111827,0.0014865194278323767,0.0030142766553507092,0.5865779835245892
0.003640750269021752,0.04044170086624234,0.004315309136340215,-0.0018491529229806446,-0.12084653431775577,-0.006775836474141499,0.035252789191845824,0.0005370480268251485,0.0017783301947842574
0.002542591812195607,0.011567791257295922,-0.001097520012698273,-4.053499848233953,-0.036408781131747545,-0.013037606107219556,0.7096760003488178,0.0018360230165928885,8.489229470328569e-05
-0.008471829500209806,-0.006281966198750757,0.04003720758034185,0.00034456718666920055,-0.0011273170978055094,-5.163004925424065e-05,4.3557771868627665e-05,-4.586561177786791,0.32803119768217615
1.264844637717672,0.005281240030012971,-0.00399738524454744,0.018381435994614666,-0.01316106579078452,-0.022103361035887725,1.4934497072829835,-0.0019196224865753887,-0.00042826411074167476
-0.0022554596186755566,0.021409644617524426,0.004642382859194646,0.02371376033589924,-1.0767381069073032,0.0010481287602823602,2.286937480567749,0.02192346344086349,0.01290604142695119
-0.002738017493424294,-0.05029713271854111,-0.004852736828554079,0.0009437388382498318,0.04715933121725241,0.7656001172911904,-0.01444303872652103,-0.0022999313012694637,-0.002207032936460115
-0.008904940594658614,-0.00615216409831798,-0.01990762795875281,0.007944914795592298,3.95584859706486,0.016720157394629898,0.008069509515096619,0.014338356480461386,0.0071629730153550215
0.013401213410562262,0.020245986910071567,0.00915851754730111,-0.010061676242737155,-0.004793531446122774,-0.4080849664433477,2.3546450827867598,-0.012614980963764129,-0.003468466923350636
0.005320861886918168,-0.003477954200785269,-0.012615404809828356,0.002631854925385417,-0.00281043639850352,-0.002643424041947156,0.0006071279664056989,-0.015203274107949555,-0.005947177530021081
-0.0053071963964566,0.04140969794866389,4.520020411702131,0.002895379307474392,-0.0017812626901177056,0.0013254078090838804,1.1611966242530058,0.0163367925561841,0.14935679614999936
0.10009929859737586,0.003149778284085889,-0.00010031193171995689,-0.010977252835314685,7.657903380392517e-06,-1.3335091667060142,-0.014255847287384243,-0.017291733552202385,-0.5303859909473941
-0.0009118579167468948,0.00036588053888038114,-1.5317171095424797,1.3796708698559628,0.003605598582715499,0.0020944279441425964,0.0007549555900238131,0.005083563039199192,0.0013593718249781937
0.0007533460845471022,0.0014583101497216908,0.0024867926655042683,-0.050025901434381306,-1.303434971999116,-0.27918043357867517,0.0067930538847864735,-0.0030480640869334705,-0.0012036118583961342
-0.012135482197796912,0.0008801769463369369,-0.005849271079104275,-0.0022910263699620053,0.007804171792993413,0.6642311584147291,0.0012062270694968985,0.018888655988705146,0.0016710813836406345
-0.0020501165528878512,0.041825649454175995,0.025997616381678558,0.012979648455514557,-1.404251155738016,-0.0003133282636524348,4.970931406829341,2.411833640288621,0.03023733601672418
0.00367557779960711,0.0017589329562253567,-0.002977262407325716,-0.02723341972504752,-0.002161705977142714,-1.293681045454876,-0.0007238433445680217,-0.0017965373363872774,-0.004883874004499491
-0.008664479550965838,-2.515049927116516,-0.014646097749887309,0.0036090010876206335,-0.0010934992383228176,0.0013407785257027527,-0.01548672999355405,5.592491009254201,-0.00334603247477383
-0.000491460328868444,2.6930500779344633,0.0008532750074526398,-0.007887418854325146,-0.05965490155223488,-0.00223320569372473,-0.003076304875769629,0.7323124401547513,-0.002426986273753571
-0.3226238682834354,-1.035239243151385,-5.85916256243095e-05,-0.005306514892721685,0.05372097593557598,0.017859559767874955,-3.125738852481409,0.0034344618711021147,0.0034463743992105573
2.1255250478000467,2.1648648404881308,-0.0015597301656385086,-0.01203543162082869,-0.016592793371478037,-0.03565031576229863,0.0007535723854461621,0.0018978100515186138,-0.008188400906190482
0.002780101685506353,5.645408902825981,-0.013921560633780944,-5.272212408784302,-0.005386151262956718,-2.851771704056704,2.7822121846355685,0.005460645431306255,-0.0065624304755248775
-0.04885877981054776,0.004129978608170701,0.012639924427947731,-0.010242957045983311,-1.023408900836575,-1.9550377865716406,0.012468030798398477,0.00679958209976711,0.011726474077650241
0.0031161649924443253,0.007156257231084778,0.0019454644475709931,0.05888788855174965,-0.00965076274966348,-0.0017648707131435698,0.0025695033090947445,1.2970987266897376,0.00499759877723077
-0.013689321257193264,-0.006191529932503425,0.008471379473619848,0.7730400165406942,0.007255598493344168,0.059143079582635025,-0.006408985186997189,0.0037738635476828163,0.020803805620764178
-0.001318027892733331,-0.00026170759573030007,-0.0030737395193104157,-0.013886817816227451,-0.9506050619562977,-0.0034342834986963375,-0.0032496918014477557,1.9936682772073462,-0.006446078446096737
0.005843791895332359,0.015248168458024907,-0.00020163450413708886,-1.660954495909659,-0.0036514220907681583,-1.1024658030829775,0.0057916819888934185,-0.000909179122269932,-0.0026956778376833954
-0.7804344473203572,-0.01607451194937347,6.434558707178369,-0.0033270307015853037,-0.009598112208610884,-0.0012947579633227485,-0.0013189438050453823,3.859554983760491,0.01435507909038053
0.0050179350707112436,0.002494406850920561,0.007169637610212831,1.184549468042912,-2.2434207148547034,-0.009442339474433625,0.015351609598279083,-0.005840795734657635,0.004915850037895643
0.41334127640404295,0.00794918792902341,0.0018933058160825198,-2.77175179111546,-0.0008666770496203891,-0.0022636831067400524,-0.0007741250138473422,-0.013107584051314654,-0.5386043080492315
-0.0028673801928100207,-0.0036312373189084333,-2.1810000168624737,0.027804497329104783,0.010041827375604263,0.00323002093504152,0.0016452748978434215,0.0026796369357707656,6.639287300520781
-0.005992822375848514,-0.0016618678354580196,0.00606667680026194,0.22774552635919326,-1.7341072756444118,0.002954075354310748,4.037777183154308,0.013950440300865341,0.2115063908645844
-0.00752483618240396,-0.013626103340418416,-0.9379097931631382,-0.0007479978089819928,3.5710073478179893,1.943325590749243,0.0006482920402919243,0.005700121372483713,-0.0004705536685500368
-0.01151889391098101,-0.0023957454215850294,0.0038197059175005287,0.019291639866380356,0.00012960090264345706,0.0014840311545755566,0.0012474725542663137,3.5383386305386804,0.03965253946626554
0.0023898974181740477,-0.01052085034481609,0.001966480402314058,-0.07950830683471882,0.0001265959551171011,-0.002592260050465013,-1.6698113242499253,-0.20939883816615973,-0.008918856210104515
0.06393693370332117,2.5701867698615004,-0.00481540373744211,-0.01010866809257968,-0.0002709633955091384,-0.007994652673403851,2.3074758635589134,-0.008086873985521307,-0.014555342669074366
0.0213236577779468,0.005127581486338344,-0.0019008697886196426,-0.008324681657458744,-0.0016930907768117351,-0.002598043043019628,0.0023200534746235825,-0.01719851908017444,-0.9542884012697113
-0.06288996395717517,-0.003369812933238764,0.007389815489075434,-3.2076851615174067,0.01317529747503978,0.08365809601371565,-2.6283037529060636,4.215619970482555,0.007606590830611999
0.0002758975118878765,0.006918515867627602,-0.0091635350903013,-0.0014091659598634582,-0.00039263464806263957,-0.00018632257914843325,1.4278221459458913,0.0029909961848130872,-0.00031593680931904945
-0.03187032751052303,-2.427044158823694,-0.00031726185545031226,-7.284777206309203,1.5416819618711317,0.009976237534399374,2.386034038001641,0.0022263126480465355,0.010386428514207902
5.049712605756838,0.0015225945513204775,0.0029365818706945726,0.007096268915422234,-3.4345951354064885,-0.0004291563698355927,-0.508450966674418,0.0027335487920245316,-0.006350025726970215
-0.10317391550929705,-0.0035254176457149775,0.0007985594188605893,0.002598286397142109,-0.00487135967737462,2.0294166057937124,0.0004752661536722158,0.27078240514234264,2.4735833065560406
0.6132523540936085,0.009917328686764022,-0.0011664878182096553,-1.3100869323641406,0.0002339768099516651,-0.0030590608716438523,0.0058686662432445615,-1.1762961494331918,-0.008724750387207277
-0.009207421108860796,-0.0004220649326480506,0.027234800895108546,-0.00639509862564044,0.013306293413771153,0.4739582733338221,-0.0770061482791227,0.0016326983914999702,0.0006099293885115584
-0.007956565701249047,0.0030271472371016976,0.0002484340862704105,-0.0006158643430053378,0.022036357800760763,0.011914289802067697,0.0016857465862267125,0.13280049060471083,0.006381600588707495
-0.005740687621384088,-0.0010657705921491567,0.0007023882633694814,0.6325311564995555,1.8029023863800604,0.027893195128411735,0.011594761075722446,0.006023639149918378,0.025247728683937907
-0.003525974721284575,-1.6582313532728272,1.9584650062679914,-0.004140163295224035,-0.007472859121339714,-2.6321639637918355,-0.3593188159049543,-0.0075590232638756485,-0.0010570289339680503
-0.003505238264906646,0.006087343760024122,4.303438249947875,-0.015861727589420796,-0.006659770903207857,-0.0016028179916570454,0.0018092904329162973,0.09563732340359032,5.183286592124537
-0.0025701430876600615,-0.0016847469773619715,-0.0010256237133980904,0.010364136214702613,0.0009253407174647788,1.3715823668328933,-0.0036212982731569365,0.003734718171176336,0.001014649236348305
0.0004725700343057469,0.016976581140905833,-0.0034314066269279884,0.02606587017913985,-0.032157600978590245,-0.0012603394764911314,0.7607119797811727,0.4573203168207542,0.005955990031105932
-0.010274466763532594,-0.048289267580856554,-0.28927283026256145,1.437524150345811,0.004774888859613732,0.012488179849294831,-1.1331954264415525,2.3862791593726507,-0.001035408358692709
-0.0024521670487713254,-0.030791875652399714,0.006289988694696939,0.016139952057056782,5.583285900571012,0.005255546892717428,-0.013859059827656554,-0.0009979293203188355,0.0036552605444102933
-2.7936194535404635,-0.011007389250845118,-0.005152695858943587,-1.344902690635128,0.01821156915161233,0.006808659810362674,-0.004571311794792917,-0.0026612138845050885,-0.0070137087629531525
-0.573693305907584,-0.013421502781579542,-0.037113780062576054,0.31497756657272136,0.0024973520063744058,0.003856179615620737,0.0003724227512122563,0.06246459261754453,1.5244055160378964
-0.0009661030981499565,0.00026432327927046386,-0.9848588494212629,1.8048447595814416,0.006244022091185991,0.003602791390002178,-0.0009171839814609993,0.006525634038409451,-0.0007655775843029618
-0.013157689335648814,-0.011702784799734856,0.0667810682007087,-0.014315588437394382,-2.5194799635919,-0.0074328503323563,-0.013301379709176695,-5.622621713241837,0.00036616792186883185
0.003477039632350548,0.00412825187608198,0.019646093523009858,-0.09515602981165064,0.0009265912252800778,-0.00042613170674258823,-0.0010914766301472498,-0.047491947655449646,-2.705486542720178
0.014838930286414611,0.005048012945809602,-3.7432559153287848,-0.01072901431606453,-0.013530386505974892,-0.5687308569477441,-0.001345213345148557,-0.003519038127871337,-0.4442966574563322
0.0020502800958719924,-0.009008468552371682,-0.01019795536473582,-0.0073608686893428515,2.0503599236105887,-0.0007239093231066404,-0.004118108303634533,-0.005757482124652993,-0.007949783949139758
0.011279350006674772,0.013744867386234844,0.008866499523213526,-0.007264222111808032,-2.5280618892045235,-0.02219345923690183,-0.003851262905780745,-0.007006185944147916,-0.007404828473698037
0.026402957523486426,0.7688531160577319,0.023225774434275023,2.6745867774709846,-0.021707439469266215,-0.00696778582619894,1.9654766221128965,-0.0006345261453124008,2.064464889545598
-1.6929986919152205,0.008384184946358718,0.02201081221521991,-0.004160995129930466,0.0011605288234379924,0.006094230422902427,-0.0030425617996762966,0.8707094128254383,0.00554443077018997
0.05623509728412613,0.005532634954151609,-0.012374137454091862,-0.012641768079588736,0.002900449215365624,-0.0006008749856603239,0.0032702072899441804,-2.317871841491087,-0.20446898106810707
0.0026219495080117266,0.0013052157699622877,-0.0034667148862021413,-0.0006453311615911544,0.0008941109209135844,4.5856602341108567e-05,-0.0012028337363725256,-0.0010999258290305281,-1.571722125899566
-0.0036023229083320227,0.0007459188488037217,1.4291352626497087,0.013013974788646203,0.0016250396495343777,0.0021637696261936346,-0.0013625701810714439,2.926040764903576,0.13703399675598704
0.007873477231693196,0.010436608876926561,-0.060874010326201544,-0.012580593187332643,-0.005428368515962845,-2.6477172802091635,-0.0014085464787454427,0.0061043608258470675,-1.308435878261621
0.006760670445796384,-0.0031213796474478597,-0.004163782049698254,-0.0036151265946969538,1.2511587694423532,8.349937629010748e-05,-0.018169165285324754,-0.4775173541243928,-0.04824365430997809
0.011370210021948338,-0.0005860784806341667,0.00016367796147584521,0.012146600266772892,-0.005832813580823615,-0.002626184750856238,-0.0017748956774996912,-0.09060380304346655,-2.974782154804345
0.004443355505628381,3.1010449141750875,0.008752128164663399,2.6196453483616486,-1.6477617201554189,-0.0057751915583491575,1.681933569798029,-0.0013762239096900288,0.004719471833691903
0.021448764311724093,1.0137013142699143,0.003487281803286113,0.0011203000413837674,0.0017334478457146085,-2.5110769637483816,0.04096008487065428,-0.0030719808677427156,0.0006332562215650185
1.0838746121194345,0.0023335450135008734,-0.004535261701133337,4.668174397041928,0.008548349645885267,0.0015886835168659533,-2.9035434389808135,-0.010252701372804068,-0.024400999558881278
0.034427510115896905,0.006846946530121194,0.005198674937181791,-3.659602945461568e-05,-0.018394936028170668,-0.007045541320552429,0.0005086567817635655,-0.012649644461236946,-2.319075900960707
-0.0013920020108893283,-3.44130230126083,0.000681369463786427,-0.008640358552887223,0.0024857270641447105,-4.421967685475439e-05,-1.8908358753422947,-0.0021704406010269973,-0.0020792543544220655
0.0022023602897979773,0.0018242339659661965,0.011359446833120596,-0.007866147635439842,0.0051301485932457236,0.0013246398381662533,-0.5526727752016592,-1.9985306237441482,-0.014390949838340425
-0.0012822444691181836,0.0006801790409184123,0.0012149070015419596,-0.003105219640725094,0.00956763715713992,0.003957549389870956,-0.40708554462010005,0.003103788936710268,-2.4466372067681936
-0.01520135148796277,0.003722305016774473,3.857948001999518,0.005599218747572644,0.0023478464975333346,0.6985828036353783,-0.000938553227094345,0.11128999953509569,0.014336969838420005
0.0004058108764605217,0.008813638617173845,-0.0006607095939808857,0.016912663563024462,-0.0019459735836056657,3.6206315744673895e-06,0.9043884948300611,0.0032728466300878736,0.00450658037662835
-3.1939596480644317e-06,0.004936529056425214,-0.0024203438689598127,0.004139903441842528,-0.00998502210842235,-0.0019972022945923657,0.42057400975185577,0.045832506825140965,2.0456333981048385
-0.0015015033588794777,-0.03694877786641104,-0.08692712698827296,-0.0025808493186705367,0.6196608755441827,0.003573176705053513,-0.021983202143194103,-0.0005520735700066848,-0.006399874220052669
-0.0004603509506768376,-0.0007076046395412539,-0.0034506238714328693,0.05068763649577654,2.1915107940081766,0.005164785557898566,0.0030107777841784857,0.0013297031475402593,0.0028572351262670754
0.00047081001081081264,-0.10194851499174251,0.06303221246019719,-0.0025374918988904753,3.2815227328537913,-0.0008784148758301941,-1.4628338112842065,-0.025914499688632547,-0.0006022729573612572
-0.004080049466524072,0.017395663093375424,0.004018243225140465,0.007143787188024116,-4.316398565377352,0.004612605880334464,0.003355482935600369,0.030530282021856446,0.0070663950740419024
-0.003284472802487344,0.2667045125306007,0.012317216043362337,0.010077710873834154,-0.006742198653416868,0.0010464097234139484,1.601806897157699,0.07556532491451035,0.06543208958646018
-0.002721131773643623,-0.014271806900016941,-1.6593235545793004,0.0063823706318857,0.00452132937501204,2.4164250572232,0.0009219100697234334,0.0009023025062331758,0.0004987117480512206
-2.2680922959751015,-0.008770822169057113,0.005231848605563784,-0.0034054194920724867,5.227043303455039,0.0018341766376978041,0.012227252830798743,-0.004585876444053227,1.3249137948297087
0.014959150234392857,-0.002932133295513506,-0.01962592614649652,0.012200615873195403,0.016374706632104184,0.002075501641446216,-2.2840850707125084,-0.009967107983100926,-1.259618913451693
-0.0010293585320252144,0.005747417875123677,0.002978042899744879,0.007193993193843197,-0.005791270304335766,-0.0007778983473026797,0.05326761204933077,0.011318467443281246,0.0503786385641548
0.004295421905699216,-0.002295647274512043,-4.45189846686092,-0.000990586328478202,-0.022393467530388997,-0.017680882150710633,0.004107785944594736,-0.006479929374426379,-0.0018699639850208484
-2.9365329027573646,-0.020888314580863515,4.058970311946373,0.010362892334766283,0.00321317366584159,1.2114054835194334,-0.019122774802527387,-0.0014422108344656092,0.004993275435521888
-0.0015229879934728838,0.004506109677428857,-1.3048424179101863,-0.021352084630066548,-2.4135317415214876,-0.004843506437783418,0.0025337086025805627,1.6380001383196872,-0.004675131395870773
1.6124603178893175,0.006073348937346609,0.0026989309324127724,0.008542199255342484,-0.008025949238203045,-0.022310688844025886,1.2642119588779848,-0.005339316738664298,0.002457592843289603
0.0057277533846188675,-0.005166480971113046,-0.002950660634446838,-0.012378801288737305,-0.0073483735132962025,-0.867962760830242,-0.017337082479191572,-0.005148602652621045,-0.014603354742371039
-0.005249980280296334,0.017066434785192677,0.021183864195559735,0.028599696225525693,0.0013051443315622857,1.0720707810453503,0.0016927882985130205,1.790911057635165,0.024086658643811668
-0.674828578676736,-0.002389759478372085,0.0065435898218381755,3.131637511164368,-0.0018041619897525146,0.0016338283440253346,-0.0008318373029869066,0.7076622872982788,0.12151099500442208
-0.011814233837351949,-3.3331341385165465,-0.08244827353599166,3.4008095081826157,0.005666079428644916,0.011662599119150269,-0.001361703502829728,0.010577869637381922,0.003026189481497292
-1.3539063052727454,-1.8011638468413667,-0.06702269239495473,-4.938640102873083,2.0728504958258536,0.0088844765690399,2.5155401457364106,0.003582182617481954,0.0037344808605236867
-0.0014716841864759102,0.005361754345673468,0.010886701813218099,-0.0009880727628441312,-0.0034147092912592174,-0.0002674459622444582,0.0009538879643767239,0.35643652113612223,2.6559904270552055
-0.0013221461699091902,-0.0010591034574214042,-1.3383512042050074,1.3684662749352028,0.0019324736292797122,0.002088497114003079,-0.0002975004506417674,1.151954608818499,0.0006103504358102169
0.0038135515317819016,0.037644018503329324,0.0005115223186405093,-0.012811024036551731,0.07438515528587131,0.08242118189465164,-1.8092085065136052,2.8573080723478936,-0.38472656676088157
-0.005109880715738653,-1.6288381408797359,-1.558791014955119,-0.00025198849631150044,0.00129622460099078,0.0015399537387161043,-0.00801487792024139,0.003049568854911362,-0.0010248823250977642
0.004895427480158185,0.0018580323345849924,0.002044281392239239,-0.026183249867299627,-0.0018079319099919109,-0.0020895835634002348,0.0008016044376515279,-0.10360887690538464,-2.144863763177983
0.0016145035361873087,0.0003779579551154828,0.001052784121385711,-0.014031530476315427,0.0010894227519275361,-0.0002787316498496446,-0.002075263619280533,-0.005093877125619568,-0.006516431149546279
0.0004501442398391074,-0.0007784115533750588,-0.000526154842379978,-1.8019491006947257,0.0007951045961232508,-0.00032093136896949395,7.669408214848483e-05,-0.004003253330709087,-0.0027445678655633214
-1.8958937273618712,-0.008704869603328752,-0.002099307852916149,0.01141179105858553,-0.019186047432886877,3.105988798938178,-0.0010669044233879155,1.4290796398561563,3.278497377829499
0.0032748869622355875,0.20270873965935665,0.0166515818348567,0.10304306857873294,0.0010310417235433467,2.815607255475888,2.926509884503882,0.002363711209807079,0.02877332282018602
-0.0018173285320334494,0.0021799783115248224,0.0026487169110941317,-0.010697649230791983,0.0005704624936006796,-0.0003283355546082,0.418523061801045,-7.698667015728462e-05,0.003915246595383434
-0.005346401538020459,-0.008053214020422842,-0.045616534664525935,0.09786390220077709,0.006464407782262635,0.937250569747843,0.004453154992978679,0.0042931286710166635,0.0035980283549665575
0.020046146172473883,0.008453287158747633,-0.001275159367185981,-0.013233937777108233,-0.014901051692080114,-0.39163334240500314,0.00874305113682576,-0.00882485693636284,-3.595510466616394
0.0005584222035700664,-1.6876773995292877,-0.9786128198974327,-0.030742814183350523,1.5646858755636797,-0.0021035981157933106,0.0035239490960317955,-1.0129421917957917,-0.008393492312098252
-0.00018794094870702455,-0.0069792203835357565,0.025404909747241397,-0.032724115066837194,0.8519522099228028,0.0007020548897677462,-0.004189978825547778,-0.02926088272405873,-0.002289486763691487
0.6203560512343744,0.0002876801197940707,-0.006588427037169395,-0.0016197520062861447,0.000586534437521222,-0.0013788178119935005,-0.0013047715597924803,-1.2997310730063827,-0.07525211095298837
0.0023736494536635948,1.31853017473081,0.008885996394355965,-0.009201192513923666,-0.01258300746144786,-0.7293805022817919,0.01117463444417939,-0.00016431032335097043,0.0009430125158558641
-0.0007899491647191861,-0.0009846173855957473,9.283482718582073e-05,-0.006620077477341748,0.00775663454609906,0.001731763256443715,-0.0043240434918221425,-0.001985745575722883,-2.345768480142112
0.0019933791672874035,-1.9067643380397037,-0.007539676015807496,-1.62731706125887,0.004165768550139393,-2.5727594537023935e-05,-0.02388195049528488,-0.017374619706941267,-0.3474778842745049
-0.0034897871371663844,-0.007608040746746224,-0.19133457256783834,-0.0011626491180546296,0.005501136717438827,0.004340929308236025,-0.032291300801133016,2.5694812377250535,-0.02246553954791026
0.01895630232409831,1.3540535246246794,0.028811916965759105,-3.568795735103395,-0.0013320704493274133,-0.8235157055071841,0.07705668466565496,-0.011678577768856415,0.00015574043956107647
0.004740654131680282,0.007526167635353938,0.0023961728271240865,-0.4387463909137246,-8.66827396135382e-05,-0.0011005093035558735,0.004569979835527426,-0.009456626225657988,-4.624935055430868
-0.006521841461174252,-0.004574306562299038,0.0012998077216767605,-0.04383085766380313,0.0028807069635562923,0.0009528290865296504,0.0013452599587617728,-3.366541960610643,0.005196249521779245
0.008308955570740607,-0.007913283709402863,-1.6002639047546372,1.8662391180302005,0.016628878526966595,0.003165982153804689,-2.4983713539136265,-2.2632184766574674,-0.02882934419100211
0.0006386910719341395,1.3957090624740225,0.008689548446573155,-0.0007316377838286828,-0.0005931265618003972,-0.00032260131110942256,0.7047144657423667,0.003310714947186745,2.840972277775839
-1.7850693788785623,-0.0026535647019495304,0.04607662536321194,0.025443096697038474,0.00032975634983303803,0.01060249878649544,-0.011808752076915119,3.3767421347727042,0.8839552321221502
-0.0008700892247149594,-0.8073429575143285,-0.01191815655008474,-0.0029655567432144052,2.6269176856302763,0.0025443408136025802,-0.005932282199697091,-3.145868309268372,-0.007946748014142774
-0.005261886256760764,0.00906750859422371,0.004622052506065302,0.01029867655945865,-0.0012495451291438253,1.8982005245677713,0.008926656899907584,0.007654797253305931,0.009006165931770501
-0.005020807131252247,-2.417842751373622,-0.002843063558732796,0.0009543813121137661,-4.759399665558994e-05,-0.0007415182513071826,0.003124623293186725,-2.348200724275479,5.3841669985511
-0.0009676686364608333,0.013637634574497015,1.143858431191391,0.007589105131027313,-0.004815060786498005,0.001224264149973217,-3.7096471795360997,0.008872405315582726,3.851493304885101
-0.01901662323919579,-0.0018554441426961383,-0.002979792908007914,0.012584847121362208,0.004294677481432724,1.286192814270729,0.024354462216533618,0.016704429203332316,1.2411658809285209
-0.28303307966249663,0.0005950436467275339,0.003672058394286193,-0.013601235476841595,0.00023497410545328824,0.0008504150559665297,0.00359989653011295,1.028490628627667,0.01738070441928237
0.7328953033013991,0.0038187646284763236,0.010032297454525912,0.014250301350729334,-0.007075194417684011,-0.0034396488665827153,-0.0017743288585767474,-0.006452144304295206,-0.0010226222940625442
-0.0015047214953500601,0.008733952723743457,0.18254046264573343,0.0065880144847475855,-0.03180356490270775,-1.624539774947545,0.5596058785438602,0.0004036461601904691,0.04900755869099864
-0.01963386470135104,-3.6234337067612956,0.0022170640861370796,-0.3638926972294078,-0.28448847298791313,-2.2158538438816113,-3.236395834332972,0.007743104427361681,0.0018575162591912553
0.0017344434006777952,0.002674670410896169,0.00431109839483823,-0.004972770863830689,0.011033305657432447,0.0015961244870058003,-0.0034306919270762765,-0.006277602348495066,-2.048720217753281
1.0176060791346324,0.0014124244295905582,-0.004546965521315421,-0.0019863565865488163,0.00019480195983551107,-0.0018885711227007963,-3.931944912935123e-05,-0.03141766079145949,-1.1108334903877832
-0.004104383696207744,-1.1744511850344528,-0.011916005043157249,-0.020796126053852646,0.017489644309053032,1.897568396536,-0.023251880966529193,-0.0015215500730315305,-0.007242983878796327
-0.0035388558632033942,-0.021738407774662957,-0.001571712357861305,0.0013773686142919987,0.019913127226360093,0.00371887636059466,-0.007712910831425729,-0.0017167327679062617,-0.0005417625291559553
-0.0008005437497197055,0.002909930811113044,0.7676852707212781,0.0038174401136316406,-0.0024605985515601587,-0.00042948614874140827,0.0042659017362251805,0.0009894126500868475,0.4294537989316553
-0.0033856027145241913,-0.04280391731859412,-0.35576024287165725,1.2908329959715004,5.129908875346077,0.024194747193919786,-0.014924973281042345,0.005607015075911341,8.584064073630798e-06
0.006393987181699405,0.056105644058242754,0.009304157093974473,-0.0007446425561869294,-0.4127907498447765,-0.2504864100530077,0.2127432082998894,-0.0018464463838657064,0.0013781037181245979
-0.0009806901075720808,0.14983546868044628,0.01374009702283881,0.004035787120040067,-0.004465683734499373,4.7959407553026245e-05,2.1708989281183846,0.021072158354776993,1.8125712861499914
2.825352929572392,0.011877230290022179,0.0018582229464559098,-0.015283160826459766,-0.007852062326779534,-0.09168516501351817,0.007339548748582628,-0.0004862980069232075,0.00021135752411636372
-0.003731670244714027,-0.014486668498484193,1.7971774565893597,0.009653551275297849,-0.020485860914045695,-4.443989284721196,-0.00803112088715563,-0.011192016239772316,3.2241031724690954
-1.6333555421227677,0.006537675710194896,0.005124590201874522,-0.007029853961156643,-0.07056220769050081,-2.686874333320037,0.009108854385008636,0.016478437371768934,0.007287184854779288
-4.318163345868308,-0.039752287703907235,-2.1270895734936768,3.2085740885022007,0.02901513881811557,0.4078668183847358,-0.00042377214617808634,3.5323294654050876,0.001831425843648482
0.0024879041921362158,0.005765911774335733,-0.002876328715619499,-0.00013250590951670478,-2.336096405170864,-0.003098429216593146,0.0001270330253302149,0.000283121502730071,-0.0020438466052560326
-0.00607749343644887,-0.0035098643639448865,-0.0060360829820209905,0.0023748908635597603,0.005668018833641382,0.8198571844731015,-0.0014720317714155412,0.005116010469867336,0.0006584244984928073
5.12953828121724e-05,-0.011152575109378955,-0.008278196914509112,-0.001477831461782542,1.0269305675199287,0.003962000313153703,-0.005193832887548191,-3.295959644324294,-0.010727738770447692
-0.013770990685608123,-0.00869639616023705,-0.08986757050910199,0.002064647890834972,0.009963528033543487,0.03018997199076799,-0.007727795544048151,0.844983355789234,-0.001903798695127211
-0.004097727781122357,-0.00564912367978701,-0.01152676290554571,-0.006476603888958614,1.7394908332739287,0.006692213669232033,-1.3931488689502842,0.00444290050547508,-0.002314189838248699
-0.2015434509391395,-0.02961406071098777,0.001478931805295779,0.004989445532387602,0.004096976258767145,0.003447748659048283,-0.0012181103066266714,0.0015018600665409963,0.018523269833150995
-0.0022567063887745714,-0.2710738526095193,-0.006240988568394637,-0.0026397395876873037,0.0061611896182208244,0.001546306427343139,-0.04566060536606758,-0.023388662204219354,-1.7146506373695147
0.009143590834973271,-0.0030867956092488283,-0.0051772510217619125,0.003765680596885732,0.01999337110661453,0.0019424367281499228,-1.128654929219708,-0.3199385115916651,-0.9853667112381502
0.010283691574743195,0.0004192952116773722,-0.007053096063654163,0.0012401309239298,0.001184112660261907,-0.0004695948940930027,-0.0012058329386337415,-0.015394869872847583,-0.377240710520844
0.0018165369712904843,0.0017691827451846213,-0.0006141597763543753,-1.2595827169424723,0.0013647038035238587,-0.00020899523933146742,0.00023327241416745519,-0.00585643226164953,-2.264515505988948
-0.02390024761121768,-0.005158079336532395,2.6049970366631388,-0.013011130450347026,0.013538075171380901,0.008662258101885582,-1.2588817138847355,0.002499360223738236,0.0018022644464517094
-0.013787698326317582,-1.3140896811644862,-1.738592614838814,0.0074782108190566115,0.012424427054188107,0.09640318275877145,-0.010816856242607815,0.005825900535445665,0.0013008090786020827
-9.974153012155124e-05,0.019758017711891535,0.0018923523088113505,0.00020427719007067718,-0.0011711630295348871,-6.978694530391984e-05,1.1335469925115453,0.018787827983044347,3.35837671641273
0.007068457486825682,0.014198022802248689,0.007265798600676826,-3.539651981725844,-0.006283789301525747,-0.5064487800829331,1.3005638704287716,-0.007791282368664831,-0.000822534724160412
-4.929762368430529,-0.00028601994284388173,-0.00173707842510153,0.03223488820012475,0.004048021815347941,0.024889468363591773,-0.0019542664036563823,0.03332499409760997,0.00388368700022107
1.5556848691833176,0.024510167705036102,-0.0034339758608782573,-0.015995789431919646,-0.008816808817323378,-0.22020089225375214,0.0074280810020900395,0.0018453044814989632,-0.005176830268988904
0.021567250358616903,0.025742126011411563,0.0024961884100786072,-0.003027361957763154,-0.04694871075734535,-0.035331458335908734,0.006360999388297123,-0.003052271849283719,-0.002315238389142272
-0.001458173546947536,-0.009078122235395947,-0.00034575116737472757,-0.8678719653691248,2.325905058832341,0.0013581552315215933,-1.005987603864953,-0.0014055857340129398,-0.004723213915139267
0.006129306183380047,-0.0014581756288674604,-0.03588165170898975,-1.4690074968862652,-0.0015193545101106843,-0.005034986375022916,0.0032835345497924215,-0.03805573282854219,-0.05096939140526293
0.014559630880396322,0.011411954672975379,0.0010657005951576412,0.006363403649458796,-0.0009607163954785114,-2.7826212040003475,0.005741362798166311,-0.001918567797082436,0.00038827603706855646
-0.03283178070330814,-0.0006517836552727661,4.275241927631836,-0.005994411577419047,0.005838307050053004,0.7448328431652208,-0.009976876810585279,0.012565977071803675,0.000784304942338495
-0.03162203044319404,0.0013164199864871707,0.14664073417031176,0.0013299000805328653,0.006515044867765052,0.7932678533817218,0.0007237446826051375,0.0051615144260777415,0.864910270311047
-1.361091788344293,-0.2065557635815236,-0.004671166738210498,-3.0971257547914988,-0.0068539984264859785,-0.0022268525634830394,-4.387229704416461,0.004535533069589558,0.0014667500657779414
0.013337104464277272,-0.003839440577140696,-3.7432033183112483,0.002804418043231876,1.6210598641022511,0.00044351981538579,-0.011521458978364556,-0.05234895447368635,-0.6635855925503262
0.0032545590953413223,7.057957400337661,-0.0028671139086518527,-0.08797615781335372,0.04123418239407288,0.00484880058712512,-3.085305606695526,-0.0019851217237124366,-1.7323657966882582
0.004907733181986658,0.0009285279497610183,-0.019036269622351304,-0.004584149621065636,1.874627682885589,0.00028940361842365314,0.0034793195362397204,-0.004707305638557223,-2.511094848746641
0.006119197345466228,-0.00026581904395122714,-0.005101855748008672,-0.0005496730888227414,-0.00025386998068563046,-0.0011400299993337632,0.0006553713073400818,-0.20942984315481644,-1.6005084606896616
-0.0017827096048472282,-1.5082684607039063,0.34854876747911145,-0.004817994541050582,2.4406023431857973,0.00029923329993007675,-3.5737001533214716,-0.011401238513491443,0.00136767570936739
-0.008969325682977388,-0.012505672862801912,-0.004847391795584931,4.562027678863574,0.01899451699721097,0.007890593655651264,-0.0004310608386642878,0.0024087271709220042,0.006006309675995112
-1.9822422138505378,0.0063339310147165605,0.018686012725995835,0.004635709207926986,-0.0027094524942550546,0.0011879550501740265,0.0009661907828133372,1.1561233991702993,0.03710695302460834
1.4431982722765477,0.06242540814317865,-0.015787167647936372,0.0834275018291224,-0.2593556306673307,-0.0070969477543884885,1.7747866421391687,0.01468118984392839,-0.000818409527845983
0.0053448847950080475,0.02490705633305664,2.369747919561826,2.5518124472387456,-0.015780883625547644,-0.002781584204031017,0.0014657990030456298,0.0009847240456766389,0.00038058723851097306
-1.3075408300018294,8.328029382554849,0.0005008281045906365,-0.004621478879883599,0.0032254980464956895,0.003611828566276707,0.6142376835543617,0.03934436504618728,0.009858844799243802
0.0016089506250894173,-0.00980528347318453,-0.024009994059650708,0.09295617820405577,0.17512149473904282,0.005295062854585946,-0.021770727443896506,-0.023210650715244086,-2.1036850043007114
-0.001990761227859362,0.0009705793273362615,0.0074193327437614654,2.1409664511130764,-0.0002618412271900442,0.002724763457467687,-1.6648628418660771,0.00505635916268965,0.00484030483102839
0.015158681970673616,1.7993244928529055,0.15296253774412372,-0.0004074343838739295,-0.002307998023637431,-1.515261574804665,0.003118052050107095,-0.004529962670728213,0.0005289033794338739
0.0090845450023301,0.002958684417024751,0.0043897697657367075,0.08788440498213856,-0.02853403515626507,-1.054509928285467,2.527305280974743,-0.004335929437430663,0.0044696035433033285
-2.929721144199597,-0.04196014632247029,-0.005924442695913509,-0.012523729201125704,0.010060491260656557,-3.8402633791937553,0.01217285899091436,-0.012987597155053801,3.952962902567872e-05
1.7731467442237743,0.005956115978876528,-3.653037140880118e-05,-0.004368225601481193,-0.003953436389212528,-0.4083105304895097,0.018870740535530242,-0.009390540811623495,0.00012126616433646292
0.00704409074649372,0.056683352347873805,0.0026981445967634334,-0.00516967638854086,-0.005491936544912451,-1.446225465551784,0.0028788826102866955,0.0009318334216403866,-0.0011815954128200946
-0.0006904850969773682,-0.015857940550472314,-0.015088326062049944,-0.008967420915346361,0.9195228164786828,0.001744193016364354,-0.006831505913513592,-0.0020907091116060903,-0.006504026429039913
-0.0232501951086945,-0.011518666214458746,0.0032810172605444565,0.00521620133821039,0.011070737812342184,0.1878374701395119,-0.11253403045884008,3.8145869513533768,0.0022307834719540315
3.1561061561340766,0.006463735828139991,-2.2658728643149892,-0.0028312280850782993,-0.019717575354595507,-1.335466951195236,-0.0017195785587627438,0.004972429120482327,-0.04027259652764492
-0.005329956051079998,-0.014810876668106265,0.0018508247951821294,0.005365231192114295,4.149447637487896,1.800361222279733,-0.003553556017453066,-0.002957425253784507,0.0033938467145038995
0.0009524280021763754,-0.02307849908074433,-0.0536648120353969,-0.02544067323705351,2.1047019596334247,-0.0006706207072938869,-2.127665987466204,-0.002806015420019993,-0.019579003132696927
0.0008215681426513438,0.005111258186233661,-0.00079121669831686,0.026507293536239016,-1.8919822914247855,-0.0034376683989133655,0.9469304151732478,3.2964544872195147,0.010588537185365218
-0.0014217511132171047,-0.05123727266113515,1.7727797876485742,-0.008331311284055894,1.9919325107389345,0.0009553662784679146,-0.012207826658599848,-0.7980573891934533,-0.0014027351153571618
-0.006136514410862139,-0.0035951789433602,0.12957706134856,-0.0162557223147254,2.2269113797386617,0.0019089499034334947,0.00036999295602356346,-0.0015142572878620152,0.0032679091461002025
-0.0034318140200606338,0.0010072344673459702,-0.0014265114899832453,0.001135299014608182,0.019995692808161474,0.012410683696300003,-1.6045705980037863,0.006484194280713698,0.0005442200794659735
3.6059117330175994,-0.040544173333630855,-0.012967285210823314,0.04414144204274349,0.002652911375746081,0.0017153380783741863,-0.005876041641552074,-3.7233474669377444,-0.007423527134310659
-0.902614883327089,-0.014553122441182093,-0.003561805762858254,0.0050604823467351075,0.004329328626248756,0.007714275448716679,-0.0030403340230893677,0.004323726751625043,0.0022530795476553723
-3.984184648809047,0.0041219757629923255,1.8299519939657856,0.015030737235004617,-0.006339096637708111,0.001404091735084175,-0.004212810821884204,0.42406964218273,0.021441872656213584
0.5844110363369974,0.007351661543949181,0.002072028824758233,-0.00027627601075419473,-0.008950174974357154,-0.007162940146594795,-0.00043630429277617027,-0.0038562775320162674,-0.0063343123639882076
-0.008251903536376282,-0.02380859627378095,0.0031695017769389627,-0.005080361726201909,0.010943997518595094,1.8753702478281165,-0.00535820059811444,-0.0035407451694677737,-9.636703221289032e-05
-0.020743498265025438,-0.6672675056132521,-0.0021954132329659462,0.003325869765155196,0.002581872945662292,0.0028501100779150107,-0.0038369608985703053,0.002482086391547919,0.0028173315910782963
0.010037642292136132,1.811040461322835,0.013443211062540275,-0.006735185569605014,-0.002648522164169692,-1.0579917509673495,0.00344390009198077,-0.003913985797458659,-0.0010566884351099256
-0.0036016082224940866,-0.5773213124669061,-0.008832925774150922,0.00023411337501013036,0.00547404816391092,0.0019289952112105735,-0.0048630772745176295,-0.0004684964590464178,-0.0010779267133277605
0.01402647660957426,0.02106432346984056,1.2346648074781077,-0.01402596295178059,-0.014773659202362958,-0.03755639291904274,0.006797989960185985,-0.011638094441639947,-0.0033343195466748587
-0.0013235609945998345,-0.04374017847001277,-0.0074612247149286,-1.5461220603297174,0.018679764715201858,0.0011291455091271413,-4.430292038001786,-0.00318591009971431,-0.005688351763216595
0.019164455974046764,0.022522126307339657,0.3961613729312398,-0.020907246291112992,-0.009292478862497695,-0.04402979627939371,0.007833531226116002,-0.01920005111533821,-0.002659239671002566
-0.0035836692214513107,-0.012044416491469184,-0.005712379440072659,0.008530135515276802,0.26620344653492445,0.07441809533879981,-0.025954923067921118,0.0021551926030844077,-0.0003652009983686077
-0.0007258083075325911,0.02705174597965032,0.02010290833393874,0.0036229709612455585,3.825693780692477,0.5885299523968266,-0.10884425346578266,0.007190573106622036,0.0006881826583561472
2.900925562205221,2.776074298335059,0.007782450487711395,-0.11095380319344685,0.0025206514757600967,-0.003427042078252971,0.012713657372565912,-0.011206837120481556,-0.0024336944721766104
0.00509920947732545,0.0016133031467806117,0.0027083913834636125,-0.018366657916747894,-0.003440395172323601,-0.0028581220084437317,0.0005016906962474154,-0.10765961279954461,-2.444816877264521
-0.0005954463892131907,-3.7913818598424034,-0.0059365520581430645,0.01262433113311853,-0.01439170867592783,-0.002651952478969617,0.0162431437184105,-0.00014036065376223363,0.004984906400481482
-0.013308891954115165,-2.2739751490988263,-0.008923331400819266,0.007962886285553042,-0.00025184671016993676,0.0020256675150457184,-9.466391196804452e-05,0.005630402174195218,0.00418884705022044
-0.0043824775879515105,-0.006049492942940827,-0.004353324154426491,0.002139839984570403,0.0060024459352847614,1.5644456481065445,0.0011448242140714993,0.00118623526750222,0.001109629120430975
-0.5542995840251096,-0.013820098139771851,-0.7665140333956558,-3.6850082001232205,0.006370322092397756,0.00504615336151581,-0.002644763532321377,0.009214281543408044,-0.0013229394818802878
0.0007664180613401964,0.006101459078045385,0.4358552380329921,-2.7675009221962603,-0.006323355486178461,-1.0539836907907314,0.010230800095816991,-0.004376350001737462,0.003910308611684201
-0.38826020135084116,-0.03382300424178253,0.003702350810237627,-2.231092675427809,-4.527368331541251,0.004158754589411118,-0.016860201240270663,0.005874679504232896,0.0024243925328890567
0.0010369655328583034,-0.006560415463181039,-0.006530248126216345,-0.002379475262893574,-0.0017569897671088244,-0.0013900984879596859,0.00021564213824363338,-0.0649371608973126,-5.0832549396063795
-0.04527601360153036,-0.004093571798852114,-0.0017507847333829607,-0.01778672613261833,-3.410494792584113,0.0018640635986779397,-0.0028969243679162334,0.5075019692573002,0.0014727911234555247
0.022714331655406,2.931656690817356,0.0030152957688121193,-0.01444780106217807,-0.004008960667012271,-0.5325987166831642,0.0013002590325313368,-0.00662577158903628,-0.004711904330748411
-0.005918179456473501,-0.0018495941346590213,0.0044473324404761365,-4.250084406795776,0.0014297552233026867,8.429172886818739e-05,0.015263677024746056,-3.911772359322196,0.2527593965396888
0.004144992403553236,-0.0011945745003587097,0.9429513385789328,0.01953189653854741,-0.00909408501390907,-3.914536360175495,-0.004371523663963289,-0.003855427767142844,0.0027621302845955154
-0.03308895658726612,-3.6843671301510366,-0.00017843032383287744,-1.3837837805548887,0.0030807218820756155,0.0037820173082980992,-0.028315139306079207,0.005542615033245,-0.0018799359873137118
-0.003559720815848169,0.0011778619245920103,-0.0009141530175232476,-1.7941936898556965,0.02858843740164263,1.48276327978511,-0.0019916596573060497,0.001592214870940615,-0.00205426147183564
0.021746203859001684,0.0069415465052304936,-0.0016859688680450624,-2.0631950909942347,0.005891315443864009,-1.6388030480662052,0.0011632039049372933,-0.011320542963908053,-0.008944805102785676
-0.056925163290317604,-0.007305092244778954,0.013847664256833278,-0.0002947723157733298,0.011665456206142169,0.011937481794214083,-0.04340566910922392,0.006351084885276914,4.3343739588358305
0.0012201090511367973,-0.0037094512009685676,-0.002206528278098075,0.005625903594684948,0.002308069606293047,0.0006632422172703859,-0.007471323624649338,-0.003461647081278888,-0.004365515774939912
0.000398717497306832,0.00030002622423026224,-0.002431152660875112,0.0016078033888582957,0.003702443828810886,0.001028856248754295,-0.0009639042528120655,1.8586577330971276e-05,-0.0018413416860358293
0.00322933297670926,-2.1197927561036476,-0.001051901123788307,0.0031064177833296314,0.03544570220066601,2.9017616960746513,-0.016730201808035305,-1.3062747066491054,-0.003483980858252928
-0.002464497254358872,0.000998936760941635,-0.00045205313594580084,0.8039374668977586,-0.0035258986120269217,0.000182491786327369,0.5886240818417925,0.010029914549770279,0.06524548518890123
-0.0018568174170702709,-0.006718915803147346,0.01048806919024762,0.05514658553685155,-2.5217194496125788,0.0006457598267475134,0.0008051641251652685,0.0006721836153771119,0.010666677592897926
0.012977473225026554,0.026049647804697762,-0.004341103944194364,6.823185251302582,-0.013684242417546094,-0.9130853816419839,1.4139227462169868,0.00019376789645435266,-0.002062870929601786
0.010695480831241081,2.682677131490997,0.010377480117708456,-0.8306295513544033,-0.004501217125369217,-0.3361146926877611,0.0075435680970824814,-0.008541412982119882,-0.0023245880618437947
-0.022466694703850376,0.00021157010119912667,0.005348540420891695,-0.01087037191568449,1.6678210096863602,1.9726494520158653,0.5012837977696811,0.00137915589103077,0.014623426297715666
-0.004359019042373272,0.00035873927344021693,1.7868312396459372,-2.3052641994472797e-05,0.0033430888048028027,0.002927004577886707,-0.004015584460435065,0.007534122012674375,0.0031030283660827057
2.099481416320946,0.02304978986606776,0.008724343498813281,0.0023714580986537335,-0.9795789098425307,-0.012528810374998645,-0.0014574651108382602,0.0020365071157096327,-0.000835402883857965
-0.0006615321342662911,-0.005452211806867564,-0.0002062349076471604,0.9820534581462194,0.0013773742773134044,0.0016538717396783467,-0.266132030594491,0.0008209064917932646,-0.0009705747387813845
2.2253391176947694,0.022872355981811504,0.0006395193621599876,-0.007957093698310658,-0.0011631852300732493,-0.0028475342636559223,0.004929467379471475,-0.0015249329975805387,-5.1899107350921945
-0.0029376540746513247,0.0026819860570135995,0.012720992667343592,3.1735218083964902,0.006923218180929405,0.5681380063421084,-1.6087057304560926,0.003390297909077935,0.0055295308299772895
-0.011050169314745964,-0.003269293453181819,0.02172038040471868,-0.004357725523194772,0.002271766713788049,0.0019937475676560486,-0.010535000947440231,0.003946342619901011,5.5368979646362835
-0.02064839148082515,-0.006098140491800474,-1.1316296740505523,-0.002055948331900032,0.038951664783508866,0.5353698855216666,0.0023046282293111876,1.4540282345078444,0.0022763022067178347
0.031217691042194795,0.039679734893063645,0.0005345819605569527,0.002493134111173273,-3.357955064808433,-0.6934479875021573,1.4055564769278999,-0.006163385306803992,-0.002924323103074021
-0.005122706877074827,-0.011576924415771517,-0.00673246733326192,0.013886548781711229,0.014835803577589148,0.01299024430388862,-4.899210632158308,0.006103528297302346,0.004315069243773463
0.009353465066148462,0.0003981702835452964,-0.0007033842530386504,0.12566064413494848,-0.023955273675715705,-1.1070729351417559,0.06004850498017372,-3.22049512407712,0.013535759313910545
-0.003947691176036354,-0.0014396680274008332,-0.0027655794994780984,-1.0331467736969318,0.46221165249080065,0.009514737320389814,-0.008953777949134894,0.003426548227861724,-0.004783210830794346
-2.8119000167527672,-0.004167052737550071,-0.006234158411956618,2.1570962232087503,0.0008354044169041064,1.5490853679901089,0.0021337909581504166,0.06141538907303219,0.013839611259362838
-0.004628563978486218,0.0007583917957335318,-0.018398352860957187,0.003396136895473015,1.3470298750123124,0.15740606749910757,-2.7420853980956377,0.013006051696233456,0.0009094604566113676
0.021158543816148172,0.005943034592817804,-0.028318294912252268,0.004307823024377105,-0.008172729324207595,-2.601354364045923,-0.007338442599033268,0.0026980832358138524,-0.010465923346048865
-0.0005744548126279062,0.0010685950155089191,-0.0012283231683264514,-0.015104005372558925,1.4226291527864956,0.001336680957924833,-0.0005209305273061093,-0.0006456608072818912,-0.0023205868806262563
0.31032406715965044,0.008728479143187463,-0.0013929433141575895,-1.8179652068830834,-0.0012736655637287236,-0.7697011892734122,0.0024724819096270598,-0.9198561317627765,-0.01835539182063607
-0.0072370529300415515,0.009300817332890565,0.008542509785580422,0.004463971367519208,-3.7824872558443596,0.0038270752304858935,1.1540077409850857,1.1753633989290024,0.05234949274179787
4.917209578328161,0.012408998513430039,3.1055681941430984,-0.17731121470462122,-0.0003344129860078787,-0.0030222174217328923,-8.061219215209359e-05,-0.004908896972166255,-0.005647180686184264
-0.01778024333328903,-1.1114079567776474,-0.01032183739199133,-0.02961937488150703,0.0021277993092691447,0.0005381101868446931,0.000341926035335614,0.0003594359786425931,0.00014990248781427887
-0.001360617499658757,-0.00417413743687851,-0.9914669555267075,0.004804764121890044,0.014485132803602922,0.0043362912032013645,-0.010566323747381423,0.002603681975397665,-0.004119053531310842
-0.006239139748659745,-0.001024162508963798,0.6272998177149441,0.004912467050676854,0.012554425554257398,1.0073466891581642,0.002653570081659999,-0.0010778546964978477,0.014486940186269833
-0.0012322338315838182,1.0048941679298868,0.01444635587276922,-0.6654614282299464,-0.014304026517205054,-0.002514277720626732,0.011738248088691294,0.00732692097441461,0.004253330758828838
0.003129483518780304,0.002457751592335161,-0.000681504697156822,0.028252100880167788,-0.01126341608381403,-0.003289933684053798,1.3815696141165021,0.0009575899791287312,3.4927758588632623
0.005332361943713004,0.02410491147349782,1.2509598022265809,0.05149734881703874,-0.006668092735340966,-0.0010774763429793857,0.0011642715835862324,0.005797694059922018,3.6691061352403733
0.08630847046001165,0.005487138506632376,0.0007462907946788892,-0.008014386159940459,-0.009654749235905086,-0.05396089473755543,0.0010209375542793225,-0.024063622116484894,-0.01260175792383549
-7.601637354014192,-0.006038750958758249,-0.008565794282168852,3.65478907832872,-1.5359157078837171,-0.005046666921617149,0.0028767460184974305,0.4697710392013761,0.0059349963773932535
0.00366319440202742,0.03057331710641486,0.46890616031093835,-0.001293168232762992,-0.0019000677454754644,-3.7405065124432535,0.04156788095221686,-4.545052649290645,0.011745459381861029
0.005153136848317572,0.001049037202221298,0.004449216915464076,0.005129790221143368,-0.007958103069824677,-0.009492401404264536,2.0772255366318135,-2.4797553216397277,0.004547544815417928
0.003531272758801579,0.0020306574343574024,-0.002051565274802901,-0.00048372995024340004,1.677699656542142,1.738230639390574,-1.2243289608112633,-3.8802501854562355e-05,-0.014136736530444421
0.0009798601635026966,0.004410196513183834,-0.0020509994073950153,-0.0024763070533138955,-4.0853750224637215,-0.004400139930304969,0.06117344178775589,-0.0007269046228604182,0.0004959622540251594
0.13117010054531655,0.011347276329919675,-0.0017202221611269906,-0.005748779711163391,-0.23550319599153477,-0.11590335016355072,-0.000678498167749174,-0.003373847081966065,-0.3406269535680273
0.0025091666141049355,-0.04691565539013881,-0.008517155119839357,-0.012124718655155292,0.07224468210623122,0.00029152253006887313,-1.7133296246222998,-0.41079276000124365,-0.026919965808282584
-0.0004053459096082077,1.66780921028046,0.0021828268379773304,-0.009810528983755323,-0.0026104818561452463,5.240075570605123e-06,-0.0017232170150428255,0.007716416005926497,-0.0014522516277156604
-2.3517260301298823,-0.002542400184624121,0.00012315362777086565,0.011396315577378436,0.006601023585470225,0.12279837944258168,-0.003456561870657633,0.018917153800692227,0.00521725907360298
0.0022077908572576857,0.003620540396663095,-0.010337914934720962,-0.00830008647684249,0.6869476295633791,0.002299807881580518,-0.009123449813097035,2.9404150986760223e-06,-0.10492508848103987
-0.004085932889764075,0.0029329373972648565,0.0057197194819967045,0.02980297825067521,3.9857906485223076,0.7064617181755661,0.002614830686836893,0.005715229121852433,0.011285101353140778
0.07790245720786497,0.0064303509867456275,0.0031571280263330125,-3.45227305515454,-0.006141984884139522,-0.33018611428519024,-0.00097789280524801,-0.02342358526925924,-0.013050824005858025
-0.03447040901228129,-0.7600006736826939,-0.006492015036284028,0.010652973148070894,0.0026050813278329643,0.7921460020432188,-0.0024412386596586524,0.004234847052553335,0.0031656659828031035
-0.021560424613889725,0.011574253100243265,0.07023771804551569,-0.014251510608788528,-2.32911986646489,0.0014526947421377653,0.007958341568868783,0.0263452670212068,0.018134111422828232
6.0417406451591243e-05,0.002166574102833385,1.068450799015345,-0.024016958491358285,-0.006481897123155347,-0.8065047765557756,1.511470738947935,-0.0074922142579567225,0.002633110523446916
0.0005431301454316047,-1.2870518914080633,-0.004693219579725074,0.04093845296772428,0.007853310265560753,0.0020700899893991175,-0.008770109421407279,-0.004399526791546634,-0.00142592511710193
1.1502417390942514,0.017655353754355375,0.005466805365529376,-0.001785319828151232,-0.008953631051018693,-0.37397568031664336,0.0050806415025916075,-0.002547428601698933,0.0001400958613446187
-0.9207957665963348,-0.006077050209439753,0.001507214260536231,0.14665968056497466,0.001723220454258106,0.007836911511513365,-0.001984954265556003,0.010139513567577996,0.016107138920905244
1.1065534539710344,0.005252818668303516,-0.003628451877669303,1.2580025569516873e-06,0.0006524281511371965,-0.0016026186830901297,0.002365161137626179,-1.8993445711673829,-2.919674132209302
-2.78177829901087,-0.012429402097218607,-0.007095670378789897,-0.004254258864532804,0.00028140006879183097,0.0002790833313843257,-0.0020150422081254143,0.00024991963785845505,-0.002361779537121602
0.0017628630820373803,-1.1216279157948499,-0.1211109872420515,0.029516593686545245,1.8708826953805335,2.3315137721829426,0.00012349154219035152,-0.0070479680493668595,-0.0014964977775635754
-0.027168377081004787,-0.01987749742115101,7.197175384223568,-0.0003748353886096857,-0.0004837392840878064,0.0005397507645095688,0.0017289280975358143,0.0006025519909334362,0.024500229054993758
0.002517208545644887,0.8326350205388144,0.003325881079291545,-0.0042050267046883465,-0.07605420552615416,-0.768524449853853,1.4038884760484276,0.0021343452744647523,0.0008829771404831981
-0.004936668130204092,-1.8432732551432505,-0.007030679144901568,0.010401074754321178,-3.9060191575746384,-0.0033087297480472178,0.03922271553514907,-0.0009347681925550794,1.7805460157975568
0.002197055380805118,-0.011817616531350994,-0.006842332160042337,-0.00021222216403084227,-1.2469821803097754,-0.18578403440461322,0.12333036347124653,-0.005800157349340371,0.00047458925845477264
-1.0413985304778024,-2.696618077321353,-0.0051051710568746425,0.00013241263346826918,0.006642495471846241,0.019374307082284055,-0.02147522699081518,0.006493295721588727,-0.00040118497600245655
-3.9917024009088813,-0.04775567131064568,-0.018725242967000174,0.5436049881736822,0.007670723022504086,0.009985761277632524,-0.0016848470113480507,-0.0022098139138143234,-0.0003488414863383055
0.002531269006864009,0.00401599574408661,0.003206978078914528,-0.005536687405530675,-0.002931054280553891,-0.0020221210808083574,0.0028229351690903263,-0.0029349858090186387,-0.0007294692124492204
0.0026040058116046615,0.01784055151689745,-0.0010748247943962602,-0.011020495579259154,2.39311856628323,0.003127616828031851,-0.05377636291805832,0.0021700853001491993,-0.018741479544270054
-0.011534869938601153,-0.013648285935417004,0.001511687750790884,0.0009805796062730503,0.6434709684183068,0.1673410504739959,-0.006609240958327958,0.0021931138853250607,0.0021933458387304277
-1.13159617526666,-0.004123769569449611,0.0022142579171125975,2.0309267575796968,0.0022875144266808964,0.008508929878020826,-0.000274807539717134,0.008443369503506524,0.026768146841823215
0.2696644088491391,0.0074338681917108795,-0.006301432063648318,0.03198697045187604,2.299504780702158,3.6349490377014426,0.012797147123055519,-0.0025827544205215824,0.0010505958233832102
-0.002437721046310933,0.017137581884137484,5.083778479400431,0.0051220012459528425,0.0030477467784708404,0.003759011985461389,0.0014169956412115824,0.18817244146946177,0.008054915760166197
-0.00043334672867427135,0.002117579270249699,0.012463781505779996,0.0013426929952630555,-1.0379187069147833,-0.003089994249387282,0.0009174610787518582,0.0013378363341660718,3.238054740822527
0.01877949635778796,0.004356130007032659,-0.013041561716654035,-0.004490995784727637,0.008425309485224963,-3.2242308491607865,0.0033763733863866885,-0.004305500565781811,-0.006268259680567614
-0.008514815091502335,-0.005620637214196367,0.01188258478538625,0.0015225544308723332,2.1075920661210255,0.6500119380541287,-1.9973540032790331,0.0017872816430665323,0.005695018627798408
-0.001242201732624463,0.0020348128304270813,0.0013443304599974589,0.0034185955492022843,0.001756173322705819,0.0010039892765115197,0.0010207811017901155,0.00836141064203691,3.5762685262550895
0.013095938038069441,0.0004432956293931082,-0.008366438889739505,-0.0015559364408934836,-0.0032094578065571086,-0.006616423874834827,0.007357633922933805,-0.743154953905803,-0.0049112772456359755
0.003169495451389415,-0.0021442502213338197,-0.04499731635635536,-3.1755671760790305,1.8724156753871501,0.00031125239838955196,0.00117048046476331,-5.2625850509352885,-0.023773872175524347
0.024112417628632952,0.022920144201613285,-0.0003925687971367345,0.04008860925264355,-0.010703791976920118,-2.2084481123773543,0.004947899123866409,0.001748233215280168,0.0011792305816745174
0.002380510959316482,-0.0459664723207545,0.008888544223912415,0.003232034172459622,-0.002945681303134162,-3.319802655210718,-0.034272250116641256,-0.6474832271152402,-0.0009792537584355984
0.00044337812372088057,-0.0009458988544946314,0.0011081323886409367,-0.6573100174749161,0.010146670077034778,0.0015213148926964321,-0.17739830014054603,-0.0034780101103325488,-0.02099670872114901
0.0007733833282468645,0.001421133040863977,-0.001955047783998485,-0.004251400401335304,-0.07164599330892361,-0.0057923385443983885,1.5038768940804594,-9.679666933377169e-05,-9.62696271213613e-05
-0.008418373599711872,3.2692853650767026,0.0091472408513915,-0.008031222864522713,-0.0043731743648750265,-0.0003389999477024285,0.0052784012774150235,1.2457685917647239,0.006996529126034967
-0.008077153015082026,-0.006938602887116403,0.00070912498975122,-0.006688730698840109,-0.01098516977530712,-0.0012574777668146273,-0.7369352798864742,2.547880335793031,-0.002651591738359306
-1.0187427422187723,-5.300426469787956,-0.01414794101626865,0.00025826459567589535,0.020122974945305572,0.1682989139139283,-0.0014457855660146568,0.010051546115825887,0.0016704988317140512
2.155862384327751,0.0017859552649638177,0.008047655810332784,0.0010186178482522895,-0.007254047476041164,-0.7135348730063036,0.0018397062321388671,-0.03778535279409418,0.0009307551245920712
0.0010437769512666505,-8.001797291069086e-05,0.0016894943357368378,-0.000629360172711068,0.0035977208681476705,0.0017388110666304941,-0.0033857479976564693,-7.574045950221586,-0.00619409953479827
0.0048961105726863345,0.008466941832099319,-0.0022683761264171505,0.0045290238309495245,-1.2275504773605501,-0.0032045847501481622,0.000196330001193394,2.1443239309986932,-0.0018588185440776422
-0.01843569087351873,-0.008169037411678999,-0.008816094835386878,0.0011095674754720195,0.0033697703336831447,0.0026628144219932805,0.0007385139947773296,4.384777742529587,0.005344924274118146
-0.000798034124559018,3.5418828674016627,-1.658122947433005e-05,-0.005951999465442852,-0.009609669641436891,-1.8783922677071918,0.006773054953523039,0.0041363810356059415,0.0009907727573402747
-0.007856086749650739,-0.003936970087845961,0.0007113416537345599,0.0086604771463271,0.007935310198613123,0.019773058936888487,-0.009291104505396431,2.277732038345839,0.0013822820981268732
0.014856266960215352,0.04823109260723385,0.0003762931962952515,-0.008516295665112994,-1.9400503683945165,-0.11902546292947036,0.0014939558753806464,-0.003995551546781973,-0.006954422047591335
0.012915403909028456,0.0033711784337451794,-2.8195686016220414,-0.021641519374148155,0.034605981018234866,-2.1387579570557307,0.04538674683266675,-0.02453729662568027,-3.5149219983054634
0.0020790959215493884,-0.0002659400267564575,0.0029977922847627425,-0.002759277755668286,0.0009968885213034614,-6.282897224989519e-05,-0.0028118030493214925,-0.031119761219606953,-2.605216685374983
2.7299974366897883,0.01723210308597324,0.008061366553284146,-0.008797258671449088,-0.0027195140952810948,-0.02192860386313572,0.681549246897097,-0.007669531436231936,0.0015362817808091192
0.002106657558546091,0.0009250139114832024,-0.006188409065441386,-0.007042566575271496,0.0027094451379771284,0.00035519546762319715,-0.003568502041926636,-0.0012215986088539295,-0.07891226980853266
-0.01896862302572497,-0.7311028714983339,0.0016868478639165824,0.027849240447919026,-0.0014545277884036312,1.7412775534095282,-0.0020437372636726014,0.0013631139278274173,0.005871839128625132
0.007355630185810924,0.004552078984061125,0.010634558829634592,-2.7081367111758947,-3.732544461960111,-0.03485164272421626,-0.22706849414076402,-0.007095764967901694,-2.545177680431782
-0.0033714983220111787,-0.001464463820736537,2.270349742181098,0.010159358285109395,0.016602945804356947,0.039591805663594534,-0.041963506768481464,0.003751332569816573,0.002061719410990065
0.0006561024864786894,0.11228029061340056,0.0038685922436029045,0.6569500974157357,-0.00200836872666343,0.0008083661206532856,1.295166197420431,0.5152620812025251,1.534810049432732
0.0014113028088861002,-0.014530374243269972,-0.0011475868968373899,-0.016450435432611564,0.0036712824245951933,-0.0008346932914938682,-3.56853927601001,-0.07798443730815025,-3.147510463175015
-0.0021107359608763115,0.0011205373032297794,0.015104633984038373,0.007014557107609088,-3.4437127924999595,0.0013479802780573258,8.33578537030315e-05,0.0023838165587344202,0.005866129611803382
-3.4894836673166907,-0.0008115457376562385,0.09312475576674153,0.0029526619687230693,-11.18563436762339,3.139210335712452,-0.0176659565591923,0.005999389273683597,0.038320183236956185
-0.009451266551013165,-0.018944017477182766,-2.967121302548648,0.7769239356188643,0.005470905402218699,0.006229278126376449,-0.0027486080249555112,0.008690288264660928,0.007795866677112152
-0.005142604580403919,-0.001830101019354078,-1.0421200534137387,-2.7240049693576327,0.0038020509290283607,0.0019848072674243994,0.003043227865617555,0.010366025914965033,0.0017480038626254933
0.005348193283848491,0.007160432127011486,0.016268555983336187,-6.986863838544931,-0.00510231475360344,-0.6227069436867654,1.0000602108954681,-0.043558494406882184,0.002495624941076101
0.007072301784149358,0.6314583695993604,-0.0008101850711110063,2.2417989094421165,6.61199835734743e-06,0.0004561784281566455,0.0020954748373132725,1.059278815383957,0.0001961118075042359
-0.005496978951439352,0.0015152142557843186,0.008144136863080742,-0.021614090545794044,0.0006979051661334213,0.0008920352807315416,-0.00034571987506611893,0.00664969501371732,0.003603004226474431
0.004712860468139856,0.005339603360159179,0.0010861722307590792,-0.006900012674350871,-0.004299026912247866,-0.006421158248727354,1.5164933629021904,-0.006716731130307917,-0.002729590867399736
-0.004663589086984881,-0.008768122618463468,0.0007297218634355751,0.018088986391443095,0.005951069785959654,0.003352690067289469,-0.0016363286788782586,0.0008016900912990954,0.006551887949659535
-0.010829310186067252,0.03820639096938763,2.7084217756683326,0.0015764170222921873,0.002364896428071417,1.2170096519236047,0.007130856192403168,0.6182922996063238,0.02778433442931441
-0.0010587491950232036,0.0028517899688185744,0.02646069209916417,-5.940597602688898,-2.873839855619268,-0.007951381295417614,1.4671157214538295,-0.0028632702284735077,0.010396383223670057
0.00016674116327686228,0.023792943673503264,0.013851928578388711,-0.010800155879894413,-2.3357779898446758,-1.4051657354973681,1.7428138471439536,-0.00016232583479641738,0.0041880431638802035
-1.3481791398199696,-0.006743602807690038,-0.0141006637079556,-3.6892564987313917e-06,0.007306898928733152,0.1291411908282248,-0.007330709429815004,0.03574548389969769,-0.002343140180702098
-0.0006530292061669996,-0.20065072373067638,-2.199973688411263,0.00044565221987576966,0.05633258164850885,0.002749627174582884,-0.030793101282097807,-0.009804658373893847,-0.0232860008018657
-1.1050748686701006,-5.6810380000016965,-0.004298372769209968,0.012432006905046132,-0.0033528573992771538,1.98426503712088,0.0032948549981189346,0.01706413618580172,0.011125127445172925
-0.0009411139112653906,-0.0016638682618384682,-0.0013208784973145447,-1.2561363184729863,0.0037217394708070938,0.00048561331715990346,0.0012233628868667241,-0.003274767599250321,-0.0008676299922837916
-0.004408258619988899,-0.004932998646521053,0.0002621537230026827,-0.0382825870265803,0.0007019435346325509,0.0006419602973049268,-1.034152609739656,0.001375869020665256,-3.7863209283458574
0.0009468413960615017,0.009276713929316465,0.0047314774996915325,-0.0030592002181307892,-0.011208061251943239,-0.0021321198413554857,0.007120363697827197,0.020449176895132024,2.6311136300261526
0.007995184094834993,0.007216969609975799,0.015899659932266955,-0.47549055916593086,0.0006106206926633911,-1.1062604691898579,0.0005849756400978234,-0.013351839278247107,-0.0028638114880339717
2.6709493164984393,-0.004985897120725254,0.0007760646169614315,-0.001201826857901886,-0.004832242475314427,-0.009255455249197785,-0.0027415495534225745,-0.80682063729601,-0.005808153262448559
0.0004183384439424713,0.0012636481379531394,-0.002413054832695895,0.0033034868930567054,0.0036860009049906827,0.0014746888897561048,-0.0024480704815667705,0.001747031749842653,-0.0025449606780764866
-0.027293624274331088,0.002623561037793089,0.023123407416537713,0.006421199127486272,0.0006885291049945202,0.9674647690820206,0.004470670241466725,0.008974862788739442,0.1647679664593854
-0.0008914212141179212,-0.14585559021180305,-0.0025529182292995277,4.004162763496683,0.057513756263103316,0.005374732322044169,-1.2328219466031602,-0.012200611483863113,-0.0019244764127825179
-0.005497889053682743,0.0031043561673217393,-0.0002750576526181353,0.012858050393742233,-0.002296354225962971,1.7504544377820395,0.0014071423312221054,0.9478836566935995,0.004587306436473697
2.0221365029179394,0.016308255044378963,0.014013483959247338,5.754420354565593,-0.7400937910551455,-0.01912248480165336,-2.0437484322936488,-0.0012336920078160826,-0.003293224060263897
-0.001817768103167347,3.5837378148554837,0.0039260895059503136,-0.34913838404860137,0.0011378740980762317,0.001000694564515364,-0.005837076411185086,2.6819058296132416,-2.6919026526565135
-0.00205626853058662,-0.0008047687726721039,0.000322044976855259,2.092660229198602,-0.0016494872470175998,0.0001353546434128359,0.0010493742572417692,0.005446207418979785,0.008209021631269657
-0.01076065915929457,-0.0018491530985368454,-0.0005501154382630304,0.0020486055647288906,0.026750963883996857,0.01621551040945527,-0.002921924954166327,0.44184473644685074,4.385545597270458
-2.2526812623920813,-0.009032916753103252,3.0166523950046784,-0.0007161495116260591,-0.0034711907690851557,-3.1309501639591175e-05,-0.004713904229466121,0.0014047876683389291,0.003404542156240316
0.025519681343998162,4.794610416765494,0.009534516685285155,1.8038166779755005,-0.01686158912432878,-0.012207805616658282,2.820552580950089,-0.008480091136126168,0.0006559708018074664
0.0011163519399690187,1.1391658978889918,-0.0015775358000463579,0.0013486854849259267,-0.039176749567521936,-0.0033226401095418356,0.050252574945243274,0.6501350784678219,0.003964805253653962
0.008072110799080068,-0.005879332121178145,-0.005256719857434524,-0.0006667650982161268,0.00020302004611333783,-0.0024395187803943497,-1.4583025740921092,-0.16638828724489885,-0.0223943351156004
0.0009479994504367987,0.0035446294586180677,-0.004840844352043377,-0.009070146621928128,-0.007230781518030671,-0.0033676593420316325,1.2606103980018866,8.412098325032971e-05,-0.001434425740705226
0.008867278569904796,4.703427768258675,-0.022063935102223098,-2.013760168239566,-0.005803790043391904,-0.0053813651294110885,0.01118532256893559,0.0015870395402626247,-2.567389038436632
-0.03368240626751838,-1.1163096889196211,0.00015987353567827912,-0.004642390665222276,0.32751894506640733,0.5666894040771413,-2.559577003379241,0.0015035080525133693,0.001821524711176161
1.4746818060304645,0.03175001185812776,-0.004129996069879128,6.333517394806545e-05,-0.01637388593034468,-0.19079294879153275,2.0847183555683912,0.0007552285749154487,-0.002937456710622361
-0.0015792670047644428,0.002883186571801078,0.0007420860259338773,0.0074409292263633055,-0.7200148768570362,-0.002030284557130632,0.002496804706905652,0.20807948269496657,2.5033594481667865
-0.024669665966029895,-2.1114395137805655,-2.8887945085451983,0.015077123748387976,0.00885720138894154,0.023853697661875756,-0.005544121408476835,5.160281407255475,0.00028052618394697193
0.0003833423568475891,-0.020292420956261145,-2.0353620744256338,0.038382334544622795,0.0030611271718342945,0.00122693805923369,-0.012914174622098635,-0.0023808801096726518,-0.0032906122752283714
-0.013317968884855452,-0.003315885298319765,0.0014994754522477394,1.5720028104406432,-0.0016012577258031624,1.7405026382359599,0.0073502099788255865,0.006037689005163513,0.018867176917035947
1.6190872046878493,0.006779133211323625,-0.0035705436014641795,1.3313255954914625,0.01691677223786653,2.1940876308761292,0.0037686326574745965,-0.0010004838938079005,-0.0006649833326825699
0.0013740489770258883,0.0029689647379638035,0.011638954354705675,0.006267532965508237,-0.005225546724842073,-2.3629422990103883,0.006099821369440261,-0.001983609777243346,0.004530674180763191
2.7552279400670763,0.009426856183988173,0.004350447097041892,2.5777847446175834,-0.18402574045810305,-0.009116690012692585,0.0011514011987623952,0.004804075107691418,0.0028617478877674685
0.11801408552404517,2.945139043812329,-0.003265250980610458,-5.263326882694224,0.0018827289233355263,-0.0040677538326501774,0.02094516802050128,-0.012171343136898823,-0.009392420099783319
-0.533963356319702,-3.25190965513322,-0.0014775722846708597,0.03559326576623217,0.001955507505172989,0.009381546900862025,0.0007100452209611169,0.011289486093178274,0.014164405968654264
0.00759050439467953,0.002245525545293534,0.0036196176593625276,-0.004374715976520855,-0.004225209101163949,-0.003020906545687541,0.0003507511270998869,-0.10839677283296117,-2.759833233621016
-0.00959238939669972,-0.005918332599544284,-0.015414314195722617,-2.6684782101538,0.006626940214063959,2.5735703300982897,-0.008962299048383221,2.335715270239678,-0.009417566488184967
0.0035956706280027007,-0.0004832658329377293,0.008338923087893788,0.004257949668666189,1.32026774829518,2.2114908202629877,-2.8785193298784506,-0.0149763213901003,-0.0006837824372621006
0.006046956007039559,0.002325937563512298,0.0027331728705380694,-0.007344557029956844,-0.0006538923781720697,-0.0012382326563337058,0.0001708027408475676,-0.49495523494676164,-2.411324135698259
-0.4964537878960746,-0.008885398265887433,0.0016230586988464136,-0.0061679901759968256,-0.000295893550112742,0.0007553594466244262,-0.0010586695909062215,4.195529721205662,0.004336961681477722
0.0030646291490123764,-0.00448330856021634,0.0016737255902234474,-2.218245214838877,-0.0038800025736590305,-1.1793908498480734,-0.0007370393309061862,-1.2076780269237257,-0.003187201915891044
-0.011526020878318097,-0.006664615935212559,0.0036212331803187224,8.010427118115109,0.004419224797522155,0.012257641170265426,-2.218993656631424,0.012563507698672502,0.01340640428331296
-0.0010032905204646666,0.003384376549549856,0.0017781778023738745,2.9441699874544867,-7.778186644489052e-05,0.0004749505019032167,0.003670549108871754,0.009389179879820998,1.2898836979057826
1.5303003482957092,0.048689047089018264,3.2150112909159763,1.416805517046385e-05,-0.0012570436918648148,-0.003386573201801005,0.019341776138105025,-0.006434355373505424,0.0027680237359184404
1.2596796523838205,0.008623901771256054,-0.004223291898470445,-0.04632184430232458,0.001278292709040377,-0.0029452124869506565,0.014346325340513548,-0.009166870862951239,-0.007794712609078228
0.001239386032171677,-0.5500155314533544,-0.07401597395805748,-2.8542997596660906,4.8844799767475156,-0.0016582332266854571,-1.5305618132732195,-0.00344939433056801,-0.08068073331940923
-0.010202993449686476,-0.012432040372961833,0.007297243768897246,-0.012986358895252292,2.4599785639708003,1.755230523598593,-0.012945692848516002,-0.0034989884092545,-0.00023888956039459786
0.002739216312601739,0.20598155487428027,7.646115416366488,0.005117939972101488,-0.8774644848882769,-0.005626553150755817,0.08760060140598303,2.285130368729314,0.01813785653895758
0.032493766784056625,0.007025032022120868,-0.005020623910534021,-0.008510004536273279,-0.004113589416377364,-0.1854319430018021,1.4556821930495734,-0.01511344152347294,-0.011190197685831807
-0.5214207569737239,-0.0062174405411027185,-0.004535406076633469,-0.003628946745576896,-0.00722829947114723,-0.00033697687427691476,0.00011114246833813764,0.11851986340285764,0.0039631415412563565
0.0019706441829356325,0.025742070212403212,0.005951062516705123,0.0038049304106639037,-1.2842055215306019,-4.014882690597689,0.0009338709175018278,0.011062106762501078,0.0021973525716604894
-0.00366119613363525,-0.0017210101811256082,-0.0075027578587529,0.46311361155911346,-0.0009079127532279187,0.0004399757384984042,0.0037885146753018524,0.8028755654902968,0.01666034172141703
-0.0005840214307556262,-0.0032931310318604357,-0.004055306880856058,4.6207931777190225,0.018316538334248716,0.007568997658009689,-1.8085395682165084,0.0007727392417572533,-0.0024981900499717862
2.7196178056951608,-0.01025845524594593,1.551677325416382,0.03270177125329246,-3.4587071064432173,-0.0030972996403014763,-0.13398961039482324,-0.06663800856285407,0.0009494865380696403
0.14652013227457902,1.6880816626087034,0.006420842827787928,-0.004303085637563022,-0.0017270807837301005,-0.0036809287552951,-0.0006444586779671205,-0.00585383168658767,-0.006127105268362772
-0.0035490807628270433,0.0028340100473124887,0.004336882066402445,0.007009186040319691,-0.0025407460845395524,0.0006787563546700277,0.9108323463414477,0.009104739123010415,0.054012831752635444
-2.038131729212243,-0.013683060143254254,-0.02431999538363004,-0.0044960362458756585,0.011658081985956553,0.7459421922581578,-0.007108581221149407,0.0034937347350261047,-0.005075337930206175
-0.0027060177697891194,0.0002964835944232469,0.0036279011808337197,-4.695880628351421,-2.764799739464384,-0.0036671285807205745,0.004430750408060603,0.0014195176107253031,0.0037932563278520494
0.33406089116493354,0.0021483458362215662,-0.01840145194772433,-0.00412938430478311,0.005149111444730348,-2.398297318983374,-0.0029413923154228416,-0.006590480726911319,-0.5323911169810271
-0.018089748309416426,-1.09505755824412,0.0019078084801479427,-0.010713968412436187,1.723172158421848,0.9177409402650918,-0.4667604438822357,0.0009977638659124793,-0.0007774477070208231
0.03800030248806606,0.005804612593482332,-0.0018152230102200725,-1.618877874073429,0.00016654017328718296,-0.9597984002083845,0.0010366041983148541,-0.960976988446917,-0.017481032305767585
0.0007465509976620627,-0.015435098791586471,0.0057170462899770146,-0.004928880095471225,0.1530902470032265,2.4114436131389194,-0.8729040181253049,-0.049286309538581485,-0.0034423954121480665
-0.009234209055943354,-0.13454129232615175,0.002214283027932862,0.0033577442827472104,5.170552156543458,1.3936861955942454,-0.15524131388848533,-0.0024808819487245337,0.0013506148782517794
-0.026939464689078263,-0.009854974562595042,-0.01964666234632144,-0.028149979459894392,0.03501511133658225,0.02294549387108613,-2.8972390447795267,5.5071252315972385,-1.8685738582573297
-0.015683842252962266,0.009945906583181952,0.03705208508249962,-0.09980187280697038,6.846161496878697,0.04988423420823729,-0.004641790986661931,5.179193404885706,0.005441205097653515
0.03016438233638132,0.0784288472286542,0.18732037087842535,-0.010657096507153045,-0.01726852405668,-1.3241978487702082,-0.004384254171386923,-4.754364722364754,-0.007393788524501593
-0.0030576913490286263,-0.022754512153696244,-0.013288064840904347,3.614977335621507,0.018919535869912893,0.006225515860858149,-0.010000753194889156,-2.6550213283685595,-0.013282092910914714
-0.03941104359432501,-0.03177599532145191,6.471827853051391,0.062459395116559346,0.005609382098629944,0.2481691948076681,-0.5152007511138046,2.536756550395791,0.10033287774378474
-0.007977126936367165,0.0008823358212048757,-0.004918619281657563,0.0021713146157516655,0.004587817876537538,0.5473191382910313,-0.001289901792207778,0.03976895068627631,0.0014703579202166063
0.00027794070906796923,-0.00796485701095382,-0.019831896277568484,0.029378811759084977,0.004191889392474543,0.0021201487117012315,-0.13103429192966648,0.0004425098926242408,-1.4589681873098512
0.0004737403071054661,-0.0024024925299458632,0.001870870925484873,0.598720893453934,0.005159114562451966,0.9583495482542084,-0.01741317424402615,0.00019015318488491432,6.285696453847342e-05
0.009589695136044029,6.669914751391767e-05,-4.11217253580922,0.00393469884725196,0.004748493405146356,0.00036069668319932326,-0.0034238136474964704,-0.01853749174084959,-0.651875679424568
0.0032096723967347737,2.3800223953943263e-05,-0.000711005072134106,-0.010575477543875746,-0.0037297497105028836,-0.002294349880273848,-0.0007596030542229646,-0.008718064110255136,-1.600375524901747
-0.008017171284569477,-0.007108467400594763,-0.007411553523714016,0.029658121083438155,0.006405576865887793,0.11731673432290855,-0.01837703600826316,0.020696013707587314,0.0015040562708101854
0.008407655098642702,-0.0017973313341468735,0.00017357460735866045,-5.0278146583394205,-0.032234353576096504,-0.07448901570768307,-0.002295577476480783,-0.027008114608105104,-0.013446377676444847
1.4720671605918216,0.015467277096294085,-0.0073243725003872325,-0.01285058597779139,-0.0026706338601020473,-0.017691516997771786,1.1005891352390305,-0.0023143347761658863,-0.011303099821650467
0.005373703682938782,-0.011235542149665297,-0.0074539521983642935,-0.0014134766667449979,0.0018531240796979542,-1.4617162805624444,0.006939848446408867,-0.9898229292051951,-0.0022239282956930916
-0.002006854810102446,0.9112669440324135,0.018562336266431213,0.0015275586994815318,-1.297794773128209,-0.0007041117983494494,0.017030813923598186,0.006438844996825621,0.008689791152347717
0.05411707720461534,0.003406487449470739,-0.004188534021050627,0.026113817580313312,0.008151772123760614,2.5594170101707414,-0.0036493551258854617,-0.0018714363050974202,-0.0032745991968873324
0.000756749013969181,0.3521126088835915,0.004860423298095464,2.8993177780146784,0.004724385024537918,0.006481587343327988,4.037269539802921,2.5836581167420833,0.008928971312944373
0.00511926417802986,-2.3522766031253006,-0.21641528065144633,0.0030162794036945892,5.4359684277362845,-0.0008998984669489063,-0.04675083557722082,-0.0035517306764311406,-0.010091747981356716
5.0909025780899135,0.0033692026713778786,1.5723428244541848,0.0045031454182965685,-0.00473349032543674,-0.007551534188931539,0.006814533273648865,-0.9125689945188282,0.01268226836371164
-0.001361445152525096,-2.357953054628144,-5.075341721563843,0.004697730505551313,0.004858409612891704,0.0014178600013103535,-0.0008348205171746573,-0.001144411066266178,0.0009288484896590107
-0.03652884236807556,-0.004992581557080999,0.008655414494899302,0.0016265656550193536,-0.006504769956774237,2.1248922998812634,-0.011679418397089025,0.006404889667144583,0.003602071084731231
-0.0017407426728684137,0.16099238043518893,-0.0012226194740951788,0.0006316413996127522,0.006805576365133742,0.006067487256777207,3.0173024038987757,0.624203562843519,0.00190235655896457
-0.013256594053402675,-0.0002529883246216308,0.0015211482335825447,-0.005204050390409895,0.008206083068209632,0.0049447557472426205,1.850136329242138,3.2203073678416834,0.010372975775701607
0.0035310335542191205,-0.0015575127445776465,-5.345075807978189,-0.007113949398386675,0.03488414189832592,0.0008956887743210209,-0.0006414360227112207,-0.1349749794996154,-0.013663472556610788
-1.198323055886692,-0.0002283189676898874,0.002718311723079748,0.012259060834745766,0.0027882175536290722,0.01879679471191113,-0.00015391758026173617,0.3703142935762727,0.021118904687326058
0.0006971134512213818,0.0019607458172775562,0.00034426276794081523,0.007116474455328185,-0.0008937197718904845,-0.0002219360279471525,0.0023398944277354915,0.0007036439498633449,0.002314743035968089
0.007375220393644043,0.0035372980288504163,-0.014559759549662652,-0.001117342546303247,-0.013454073755111921,-0.0046784587676573265,-1.9051220439764924,4.9826853762964616e-05,-0.5030998893431913
-0.00042092315030651736,0.004282938274451663,-0.0029035075314803767,-0.0032484011704248137,-1.5605948154283271,-0.0028210175018768407,-0.0003774991501507478,1.629749387373489,-0.001723082144164858
-0.6637901253160566,-0.03946615185852312,-0.009273864268722107,0.005259837866069258,0.019525533035221237,0.06931502464904155,-0.002007870579746925,0.002372851925090385,0.0023656200844936557
0.013130958100873294,-0.002126359029148454,-0.27947698824745365,-0.019005369595487286,0.0006677712874944425,-0.9372326047518534,0.007837393590566552,-0.025846952394260866,-1.4072031833880443
-0.002304073776443004,-3.1111479747659168,0.002046072234757848,-0.00991571487312514,1.531481442892484,0.002560044947121226,-0.01127025661839598,-0.018294917581338013,-4.490903405925919
0.00306290401335578,0.006428037551465926,-0.01669980164415604,0.0016225914787331378,-5.033219223727344,-0.0006271276959394223,-0.0035685722999275263,2.2002862126121965,-0.006370685165494709
0.0990669698995945,0.07765200762639597,0.0028442079710156625,-1.9938878241158409,-0.004811770493568766,-0.013166304546580736,0.04905178934581349,-3.2192374088443674,-0.002210206033149434
-0.03281791804518974,0.008010489157205813,1.4575442346531418,-0.029362642117612525,-5.389505501365235,-3.0367255517560565,0.02631971661926394,0.0032595849214389627,0.09418796312888758
0.0038554170892501904,0.01199860966148042,0.009995096761027765,-2.7885018304303824,-6.113145307555236,-0.01519501934113332,0.004344891073854626,-0.005733627641677036,-0.0018309670127129186
1.4001559887738875,0.009346104080577095,0.012711136194079216,-0.2493151505083431,-0.003023641062253543,-0.006563162043337579,-0.005430587688750078,-1.7910665945619062,-0.6120538125275572
0.004417195912857986,0.00936624056898288,0.0013036992058217765,-0.006638870308571118,1.7768554201098072,0.0008748415625761813,0.0033154746631191504,-4.049059454556658,-0.0033454995482291444
-0.002698374981724351,-0.01648682051839359,-0.00012797031877742084,0.0035763675255524926,0.9725678299864385,0.0062638484954507245,-0.0056187034086752526,-0.0004473766942819481,0.0009285994516287604
-0.03546280897150622,-0.0029605877860975887,0.0069483001521389795,1.7655844825401816,0.0003199489225136215,0.9563510087872782,0.0013692887843936852,0.011713220009213522,0.43562165347196924
0.0044259590300343475,0.006009443366143427,0.004194569684168502,-0.0006360668939062199,-0.006394854698329913,-0.7393349618652634,0.03218291548266072,-0.0034792765007991885,0.0018859062407712473
0.00599453050863924,-0.0044908686320893065,0.004104907372873511,0.009017621360184701,-3.0944711365813653,-0.005557311765562345,-0.017086162621495475,-3.4639548765217505,-0.0030899031471914654
3.1387547456826264,0.009471889110300308,0.003937545192018908,0.3698591765330388,-0.0014510091212558002,-0.00040414993385226583,3.434278100108644,-0.0016186718168597625,0.012134479328286311
-0.031823710677002105,-0.02494589646572136,-0.013728602770823037,0.5648264706942286,-0.00015789648933989264,1.4065017021861803,0.005703388033296744,0.0058068681452781035,0.009532960103913683
-0.02919028237856569,0.0020170355003284943,0.5260353129217936,-0.0007119375850175719,-0.009899801825059118,3.430423498893304,-0.0019358369124632402,0.012244978559691436,2.0128056077617016
0.0066392064846198685,0.004816153271811993,-0.0007150255554851418,-3.4470909154492757,1.892912753696954,0.00012154045615359044,-0.016213712846449933,-0.007362849421845154,-0.23735902100857265
0.000665475546914139,-1.1966599939597133,-0.00866207884220488,-0.00357456809991637,0.005638294181451975,0.00032894626818756037,-0.004784189448454313,-0.008977337545614292,-0.005480958362149555
-0.0020256966578510688,-0.02501736399533781,-0.007245901182901573,0.0015323023940145173,0.3844502908192455,0.004956204438064203,-0.01378485064927972,-0.0008997947214914313,-0.002314793433938932
0.0045305615695629365,2.6400058786280485,0.01548232932265102,0.00017090522864159356,-0.003443676268879696,-0.0009928930335011987,-0.005023594334490452,-0.0004493948357239398,-0.0019259452077954207
-0.0027882169505493992,5.652308036662438,-0.0025674715264255715,-0.016180577112660785,-0.007585788178990194,-0.0003658721880542993,-0.010313505195412215,0.04105788042936556,-3.2305346610781553
-2.544577868722309,-0.015023950903835043,-0.006442707419369581,0.0020497719526975508,0.0030529499014050263,0.010939802712652907,-2.2562761100572826,0.005885359617577614,-0.00024336458041348402
0.004542091812956908,0.020806746127897874,0.007153150893826541,0.004427301662367045,-1.6632057668647189,-1.1501422848280338,0.024687575657108607,-0.0008685388048554205,0.005367894828836403
-0.007540687501816991,-0.002001634393753861,0.002381492856473115,0.009650079409838641,0.0002537555101144195,0.0018959284853607343,-0.0014925430259021461,0.03155710054247482,0.010370088778830656
-3.4200033045399127,-0.0009096783710377254,-4.700254290277914e-05,0.001004280577302642,-0.019642152716933217,-0.0014556544592541076,-2.085392324983427,0.07614312518955402,0.0016137931227682215
-0.0013591218791826412,-0.019605613331216076,-3.2510150698749243,-0.005015797591477626,2.1502261037795396,0.002567830919354655,-0.0028683680708447698,-4.259505259213217,-0.009543425170623454
0.0007327713831624731,0.005095144678086902,0.006704062049315284,-0.003544126647965662,-0.006844204211895581,-0.0015507653793314204,0.0012460091085988632,0.001147091601497621,0.0011511715671537188
-0.8940832902300019,-0.18836715637150625,-0.0010941105792390067,-0.009367822486504756,-6.177985828904886e-05,0.0015282666732577277,-1.117956387347435,0.0023748053246945957,0.00010014067150643062
0.011171306438970935,1.9579096724625913,0.0016717487277048554,2.1382959513347997,-0.05285898966231617,-1.6472463115797273,1.582964649618006,0.002443426829396897,0.0037595866609223833
-0.9154438701063965,-0.0337272055264736,-0.0016600467269384644,-0.363032777573978,-0.006392511198356611,-0.007173418327237558,0.6652417421571272,-0.000762955739179175,0.006490493287605013
-1.432055767944324,-0.03083691097501927,-0.007912768327310585,0.0027516527935943303,0.005783109131987665,0.854470950142855,-0.005851593822710485,0.001960596632782486,-0.00033827798028655473
0.025263958243991885,0.012233463611326045,-0.0014556780768577374,-0.0010497237234459028,-2.7237169306155806,-0.9942722913830675,-0.004220888992805608,-0.0030804903806146144,-0.011584022543028321
-0.0018930548559303393,0.0015391774493544608,-0.0004677622780965707,-0.001360558893920266,-0.0006838656684507616,-6.263737433654016e-05,0.010932396160411511,0.003836783612258804,0.006060754584602159
-1.3896168659487533,-0.025046143789334997,-1.4463098583203386,-4.201198422341242,0.008432219137975145,0.004963630631337545,-0.0025175957142041343,0.001127994548670914,-0.0030019476202242813
-0.001554411882877759,-0.0005823992089919808,-0.023036980922003007,0.40411031426443134,0.003449375999569988,0.003933081688737725,2.0199130047714813,1.616671487754047,0.004709264018993582
-0.0032535405442306042,0.005419088796568189,-0.0029561377827088515,0.0013260068111907997,2.914485719585949,0.008380871123808434,0.003038222609730484,0.008837034163124532,0.0025242838047760353
0.8413809020769575,0.02117228362171568,0.01721888756518513,-2.988306760562565,-0.0002473930754485383,-0.0014249846834056728,-0.002107652223828655,-2.8684852923890305,-0.011113777037116176
0.001537511052543458,0.0019045581876114617,0.004182315532935144,0.42274900731514303,-0.0009050236923539108,0.0001043325861847841,-0.0018661131929294584,0.00017360554377975087,0.0008545763064174748
-0.0036365874281612124,-0.0059281438766437015,0.01247009374434981,0.0012568901586561428,0.020110760301315908,0.0037152852690658825,-0.003637405626495339,-0.0021405004996753606,0.002774559538069696
-0.002158222001741761,-0.002913109513548895,-4.720721531064495,-0.005194728648661218,-7.373797830186035,8.638513383910798,-0.03165127306723681,0.07139166046935674,-0.0197004149870445
-2.6631337560949033,-0.0067032974303494405,-1.341559087292378,-0.3249842452413012,0.018481805116210337,0.6867634653763649,-0.10141905329094114,1.5279911982576204,-0.442915626035538
0.01559632693529999,0.00671710178672934,0.0053450317312409845,0.015174026491722198,-0.023440149339832184,-1.6409945280675644,0.004209182684593915,-3.5934628712495345,0.0033076898573885932
-0.00028710379400703756,-0.011859400978985996,0.003272046921738575,0.010422950770925837,2.5155421783444325,1.4178910536019966,-0.014568674926742048,-0.0124663543052701,0.0007097426494290342
-1.1135383920976394,-0.004175713062644193,0.0029253254105834226,0.0011139259542345958,-0.000374514935886687,0.0014057508331417902,-0.00025787390220118403,0.011855008300433116,1.6696976755830253
-4.96484862930795,-0.0312463330410084,1.0539546226363012,-0.4871658581368509,-0.003415663400418557,-1.5210768197244933,-0.023252080249348883,-0.03099378649883435,-0.0058659246770880885
2.2654244776793586,0.0199390630806391,0.003725967168241727,0.008680100488987647,-0.00021705228147547023,0.0008040571694894182,0.0006555465591080098,0.003932911653369981,0.0010578620075862022
3.0263594635077653,0.10539488030215494,0.07147664350446165,-1.0288734560045887,-0.011390884024674197,-1.5758487706070115,-0.004470087671305745,0.0004209464023448811,-0.0070232614766766455
0.0899853955070021,0.004045325531284808,-0.012415442405083394,-0.0013693435414576336,-0.00355659149379442,-0.5448658110554141,0.008438120813066892,-0.004604355495180654,-0.004999826194887206
0.020987149324989546,0.007932392783064929,-0.005834549850563239,-0.00034838526558343685,-4.455690119912493,-0.850883183340942,0.0011271328576581453,-0.005470381536728103,-0.008470939092702811
-0.003723198235816138,0.002544590183723168,0.009428084714817608,0.019216705026150964,0.00014719711679098916,0.005214188623169108,-1.196755441751408,0.9429191882857528,0.007345262964971356
-0.004743499647987693,0.001114711628148221,0.0039627261475483,-0.011438144093730528,-0.004297389777421547,-0.0005684104894433796,0.0009065121383369284,0.09653640785225293,2.9847678761340264
-0.003512236200548243,-0.017356819288739125,0.0028190806491272453,0.02361394194518239,-2.10125405766785,-0.002051776318014932,0.00634848374651115,-0.0016402746047905264,0.9706984869423839
0.00012685148738805774,-0.012450804016534688,-0.014844752939584364,-0.0019780783301308422,0.013170308704052376,0.0013153301006797054,-0.005658324807259337,-0.1665914732826195,-1.0860041732401593
2.3586291039154834,0.031572530974414925,-0.001721673576074485,-0.004824813936668483,-0.010179815867707186,-0.054348754009706346,2.1274179186146625,0.0008879482520493913,-0.003974245408795957
2.2676010508205686,0.016343030528279096,0.003347532290504175,-0.002334658034501696,-0.008214091823310697,-0.008608316830842603,0.002206270328643456,0.0020515358228036045,9.870995899621815e-07
1.3181973913400906,0.024245352647158443,-0.0019446948038812696,0.0055755882302470135,-0.0058415486859572825,-0.006485877554362664,0.6815949170784692,0.00014917034915424166,0.0005635393343297618
-0.0017977499786729356,0.0032575748554267703,0.014687418355358209,-0.05704869924555636,-1.8538047377309113,-0.6322033494634614,1.8239286638770693,-0.003945500105329902,0.0015275731384332535
-0.009581593018828691,-0.002038781753634885,-0.0007992516827658482,0.003405007328431889,-0.00221171192338629,0.000372919394106044,0.0032884497426357803,0.084955578173795,0.03303850904688541
-0.42988414810475245,-1.9378599860210564,0.0022564930365997354,2.918427023865585,-0.0005950525616689462,1.2601005507689398,-0.0011287433439738925,0.004336669194925173,0.012356392543399305
1.664474172734483,0.0038667193317244207,0.0018280981662798625,0.0012078411151981252,-0.004150489086843463,-0.0052505897003532085,0.0006511236331686841,-0.003546361620270623,-0.0014045416513529634
0.011375647740208661,3.03209475929021,-0.0031826849899759674,-0.015589509480575747,0.0022871836777786925,-0.001045412585880534,3.4447648246669633,8.918038398318673e-05,-4.346140003117836
-0.00454169051587076,0.10003959631496961,0.01731361047573101,3.809009142822176,-5.27707423846267e-05,0.0038705490187702155,3.1684061667016294,0.01951397282392421,0.16406047207464303
-0.021350828557917034,-0.07526746793903988,0.0014926101811343513,-0.018540482792127114,1.4468127320708852,0.0025026677279443993,0.0010502838607270122,-0.0011603665233773288,0.002811828028970558
-0.0003507076589529187,-0.010170508331997313,-0.6597949685307408,-0.007089515039186464,2.679765224205031,0.0004617447701456001,-0.0019883343059349896,-0.0006008566491160685,-0.00455382055083243
-0.4986282349455405,-0.005829734640854036,0.0018603301853043798,0.12785885469931058,0.0020534722439373224,0.006905707196320299,-0.0010016170719498799,0.017512075435554796,0.2133837031252975
-2.9364442147946446,-0.004890695535313544,-0.01010915946484357,-0.03290403458159346,0.01631464723323861,0.09338137007190928,-1.7001621666175142,0.0043935261895335816,-0.010747688624057242
-0.001529303023380653,0.0037007514661848368,-0.00022410336969893663,-0.011066549054737427,0.05481800638834262,0.0285992556774098,-0.09470811100818788,2.376966233686264,-0.1115008655711752
0.01614119016792881,-0.004390795537624087,-0.0035957253876507736,0.006813072917708364,-2.7826216440504306,-0.02447167309290199,-0.7794611810976559,-3.9329973311365354,-1.9617481470401241
-0.009068074511327934,-0.0009657605445197708,0.0001427004902767523,1.1271090364783687,0.10504623812618186,0.5290863196217545,0.0050987317326397635,5.18595042024568,1.6014471896004832
0.0023856482205788423,0.0027678441734342515,-0.0028858506598128386,0.0023919411189706648,-0.04141599058128839,-0.7177342544427009,0.6207906721518446,0.00035517424275145586,0.0017323051832511998
-0.022673327215796395,-0.020482305591334418,-0.1491503290002104,-0.005001283318001419,1.2052667595782385,0.5359348392984074,-0.0009877729152749405,0.00553915813109538,0.0003448256275048584
0.1101186073996332,0.009352099960889482,-3.986103331803113,-0.005303724889486633,4.504150122294788,-0.00927759854688387,0.0031653258400702045,-0.021460699968318692,-0.030843028839589892
0.055267670458931245,0.002894880153698801,-0.017133468460784444,-0.290332180475377,-0.0014909568440074072,-0.42440822715625315,0.008194059138110686,-0.37824182363232184,-0.434529802256596
-0.004023404003265035,-1.3832808413056288,0.007873702158521876,-6.31010855874023,2.1987445542352937,0.0012698124684406564,6.623307041209449,-0.9479592767161361,0.0057121951204025054
-0.007343340571341499,-0.0030481495008155834,0.0015479839518925636,0.042500716031386096,-2.1284000072951623,0.0021106517411340273,0.0030501715645737705,0.9710020402225414,0.04024122588998845
0.01051174393894969,0.003977487200319849,-0.0018549873022791468,-0.010727355928141174,0.004040234299864207,-1.257268826892181,0.5186893897498179,-0.03189358488104084,-0.002513627406942694
0.004420230378795381,0.00791191288774755,3.573967096698724,-0.004170049126668768,-0.0045193723850145045,-0.001478467762542823,-0.0026260378189168617,0.0010643482790848313,-4.455618284485454
-0.01686232508047188,-0.001339333167544155,0.006062899567120614,0.0031160469019053333,0.0011568031830985204,1.2545432301183423,0.001955382606964068,0.004299214904983419,0.008008151461830398
0.00100111013935884,-0.0022026691448581285,-0.007829300147769853,0.01549326962672213,0.015918803438670526,0.002503944671799708,-0.0021813244625264643,-0.004855721392339925,-3.316841291150011
0.0011323307057353469,0.017945798168815162,0.15181040150916517,0.001609056770423117,-0.002674200091459633,-0.0006353705530835921,0.003194637220670088,0.005819457964937529,1.6528792090676991
-0.002220070692398776,0.0022716159910064226,-0.0015507237831495601,0.0019477117452676234,-0.0008796982898517959,0.00046079548893601115,0.0023011421509917434,0.04216475434814656,0.004277972379552602
-0.17862435431102108,-1.5846789496456122,0.0012674687724994523,-1.4074461855530802,2.191340654178873,0.015521457699166269,-0.011120360940556705,0.004301805251321663,0.0011611719407083575
-0.0016058239574542402,-2.359453687561327,-0.011590942673029375,-0.0008827848553349393,0.0448189518782062,0.003635980542674644,-0.007889021554320086,-0.010853113907976414,-3.151466777216561
-0.0012434334826958576,2.6379415599104785,0.010120306261751928,-0.00034979618796975726,-0.002383707828861409,-0.0001716570432566452,0.007328340000927518,0.018218645142732248,3.5026000770069117
-0.0015967437814456281,-0.14775360266308768,0.0034749255576659362,0.03834213103754883,4.267076167450567,0.0029608712462956266,-0.0018747493818377942,-0.0034720346958858773,0.004696295408510474
0.00261452627406218,-0.0028674103376713084,-0.017712426916003023,-0.01393360249946625,1.7475674695922754,-0.0007521733578707071,-0.0025316601480437854,-0.004515824260991282,-0.014051635266632067
-0.0075649265969458535,1.0489149202930061,0.30916346723501936,-1.7883200761612645,-1.4198012650920315,-1.2065946038014568,0.1645661986327629,0.009312124654790643,0.012254414275678634
5.054609703949113,-0.0013809885892933794,0.0002649845357673569,-0.001689711455409429,0.03048446599473187,4.76718030893879,-0.009210609385799207,-0.009742800974050657,-0.007299601932263855
0.020768619184868595,0.07862422809648462,0.01217886730797535,-0.002784670568970418,0.0009683198006462754,-0.0022824195624263632,2.0110714549690583,-3.7117310534223455,-0.0012353654988713353
0.01715397778001388,-0.002273897805343293,-0.003301871878750324,-4.443716167185304,-0.0028006877190947105,-0.6308529251384034,-0.002173224238384841,-0.2598932968562072,-0.017026107674927987
0.0011017950346072203,0.026161059343070912,0.006501990425587509,-0.00980385484683895,-0.004519026491504473,-0.001867214506999739,0.00995681541774776,1.4703590320464888,0.00690396945747216
0.011092251638408603,4.370100580135624,-0.5861392150009027,-0.0025968096611748387,-0.0007741208590797133,0.0002906757185733758,-0.002507236198507158,0.9490085678773781,-0.3493907476549336
-1.2344670584703539,-0.26913004246506744,-0.003731051241445108,-2.799697832194709,-0.00528516719733077,-0.0012384386478187168,-1.157669751627857,0.004394450859928442,-0.0028094166437276132
-1.4859223876019165e-06,-0.005617057124058678,-0.01195208245388599,0.004377081321896977,0.0006772649468603998,0.0005352898242375902,-0.009591740772690621,0.000775265682443892,-1.526632703612284
2.139551170906613,0.17443855281904486,0.02688415309991181,0.0012201057868199358,-0.15041778971451214,-0.0976790403832267,0.004807059261501958,0.0022773463357247947,0.00418327744189859
0.0034176511191085345,0.00020857589734788948,0.0026086608119534824,-0.0019327463703814555,0.07228203098136388,1.6413757458066593,-0.004761902201425694,-0.005300218258004058,-0.002658129125451837
-0.006577996547705642,3.898715905173688,0.00993546852496717,0.007501393136856077,-1.3193152623645643,-0.0025232233671073773,0.3564579593949966,2.657743605458891,0.11935580963550996
0.00839799436786147,0.03731196476787246,0.0037991302342349053,-0.013816290656928897,-0.010106289972385659,-0.018739733753692908,1.324259552854615,-0.0048330020890129215,-0.003881625081300007
-0.001500511567753075,0.00022740020052676403,0.0022543906969842895,0.394881181802195,0.002148705854707136,0.0018712164319211059,-0.0014101650831829789,0.007914273403942913,3.077677670410184
-0.0025788464778628145,-0.0011720009438903772,-0.0004095782583621447,0.003923645025790083,0.0008097926438254346,0.0010101372582294865,0.00017646600845076967,0.004471504651136932,0.0036431669611028277
-0.01801551592401438,-0.07149204610657925,-0.00337188161295432,-0.0005984477895717679,0.4467395239506435,0.15328657259447825,-0.013488216290007595,0.0023710155598485583,0.0004178018635591874
0.03111657138215798,0.0151397109797769,-2.6527338000950786,0.0011097392725857823,3.75027986529093,-0.002067019676287793,0.0038078901320025334,-0.0037721728592386185,-0.008721768600688715
0.00014741170122352897,0.0812710742362541,2.780949476527288,-0.003953394101058773,-0.0024001555819139057,-0.000905727163184958,0.011739906951466022,2.025173386990218,0.017167832302130467
0.007738640295182654,0.07399017669299679,0.0017236085051786098,-0.007330658914429317,-0.0007199896283049314,-0.0005425981025857904,-0.0001989157017234296,0.0029702809345011384,-1.1887474219567353
3.029963778546983,0.04544939428071901,1.0639775920088366,-2.028756751559136,0.0012421506698121268,-0.005360864900875374,0.5036279070454142,-0.036866013772465914,0.004273333011701949
0.0005273678182625002,-0.004140087567602091,-0.012879488679211265,-0.9474657943257381,5.7828044712208495,-0.0010789981455336384,-3.0988241737605633,-0.0009152952520341089,-0.011525745890732145
1.5416029038737533,0.024245225735289627,0.002480557064348479,-0.009419063252141105,-0.004671295787123327,-0.07027225834398887,0.3377847632044976,-0.004122236317682064,-0.00013680868383571937
1.334833758823206,0.011588396757508296,0.0025314513973191287,-2.547975953323114,0.023631212852591628,0.003756900410062556,-0.0060485120122996255,-0.006637980986466093,-0.1490408772712104
0.004442905274540061,2.135495387647108,0.0009658479361864744,-0.005547769205873803,-0.004331827619987599,-0.004516079134727654,0.9990772613159127,-0.0019667786641551785,-0.001306266852602854
-2.7561668310465417,-0.01411161190105406,-0.007872282240006793,0.022739327490946516,0.0019791931601416957,1.1418661917177908,-0.004547403112180631,0.007445014257016593,0.001284403530388778
0.007195952662843071,-0.002222022850350643,-0.015220687743344737,-0.018659601415868782,-0.007999141718662922,-0.4522454069953388,0.010241802002782394,-0.07175332307449778,-3.2727071870966884
-2.405670066304415,0.01239802000793258,0.03454334813452721,0.0003955660166081454,4.6373978464936405e-06,0.003948021408647574,0.00030314722660729904,0.45050465593822575,1.5395613124192122
0.0027066760754428324,0.012598361117144893,0.0029648433906606228,-0.0009817539584609965,-0.7682071302214739,-0.9432676115331486,0.004445663807445037,0.0012937745507861226,0.0007849746139920741
-1.9815074002108075,-1.0995879380805116,0.008738288654293477,0.01341992460220043,0.0005818200551288566,2.897962503526003,-0.001373716511806261,-0.004340298738258207,0.01785012594996893
-1.0964831554862262,-0.002764035626583319,0.02302415747558261,0.008411435364710888,0.001164616006686603,1.076126565803875,-0.0010265735275280519,0.0034131307261667117,0.1234511451573766
0.450996020046189,0.003439924992457842,-0.009058924789410162,0.0026832696579486524,-0.0008326535432519994,-0.002782288240951799,0.012292348702740173,-0.009925796653705847,-0.003245878722695524
0.0007068563857483539,0.03791466622569645,1.2278751096776033,0.017378907486894614,-0.0021073255989760907,0.00010540524692206552,1.4918232925867723,0.0012026763781660603,0.012851499318262703
-0.004591131220226067,-0.005215197263805193,0.0005174397351831934,0.001924455975882322,0.002106626737775161,0.0013904598204448383,-0.000768766801385236,0.0014606902483190508,0.0040712485550986775
-3.159681298703228,0.01042985557650726,0.09781734633640249,0.0007469387611942221,0.0013286935771673891,0.005405312186149974,-0.0006735159697668289,0.01212210270615418,0.009933880571646583
-0.023071600335895254,-0.1525922489302105,0.0073605092400140385,0.004492740944985949,-4.223658648469479,-0.00469602513041234,0.009683649076727963,-0.006689371532334572,0.4649158397591455
-0.0004762972279267752,-0.0038891847917236627,-0.01179507245849399,0.003579049535857498,-1.1318075143325892,-3.2545036290416345,-0.003604505245540471,0.0074128985703171,-0.0017665847300964571
0.0056904524047941205,0.00915287297702446,-0.002153727183701529,-0.0014206423372696893,-0.006447250287435605,-0.8263268747027658,0.3171491083447746,-0.0008245356669957654,0.00010081630873836137
-0.2011022633722913,-5.008788829852904,-0.024817121689904353,-0.004072666501321626,4.901288382317485,0.050754046234612105,-4.04987572168146,0.05841425448120352,0.0026579029038093296
-0.9872896106157141,-0.008552480158324875,-0.003937992023206203,-1.8767833194567227,0.01131943226185428,0.009874759393101219,-0.005938843156947597,0.0030021840211140755,-0.003201463087471726
-0.006273404504330957,0.0027003993196630764,0.05778576483575889,-0.001236955233022027,-1.1964236568744075,-0.0020752048461639694,0.003873835335438526,2.9455421508280084,0.1460431612880695
-6.113377541076255,-0.004851468586163563,-0.003685241503818916,5.654735175371343,0.0008801431813923039,0.0017262547811262559,0.0002997407219469256,0.00223330547245272,0.0019474726563376565
-0.02577743362835063,-0.10235082274075119,-0.033519762780075554,2.6402000622611332,-2.087306404174974,0.0009657689928851479,0.3610649963551898,0.008811878748037044,0.22096591148128408
-0.0018244198459681817,0.0008673223447037796,-0.0008898514042125342,0.02161906179969654,0.6314291440337486,0.027498288372874262,-0.0013895573957191198,0.0038853457400406595,0.0022022960204598355
0.3289696779938812,0.02008363084312022,0.015337618589909466,-0.0017500009050887054,0.0006280759568567384,-1.279817812981904,0.005132473926993911,-0.012078927974045042,-0.0008046208519310195
0.006203957309916771,0.06222289583692323,0.0037290022555491256,-0.5396592929477709,-0.003926780668328175,-0.9314178368197674,0.007532100125090327,-0.0009585227928721493,-0.0016566476841713852
-2.147745351420482,-0.01297061282762324,-0.011499841694432718,0.06273357686467076,0.006067684297897072,0.027027444412105545,-0.00197552812820026,0.0051357775440517665,0.0014752329383275788
0.005513247586186833,1.7501169628172906,0.003247377707402358,0.007315936141426026,-0.023892975960450993,-0.004520588354851175,0.8216738629520168,-0.0006042932243829502,0.0018473355225656417
-2.604349489028084,0.007064309696295462,0.010541607923164817,0.0024372930176437555,-0.00012656188915081273,0.002238153372187336,0.00571636793156851,0.008472932628016289,0.4338589965923827
-0.0348328628227392,-0.025242130340352463,-0.0044040684521518,-0.018054903064910532,0.5653386922741831,0.010912849076176127,-0.008304449381668905,0.002945861077896483,-0.0005740568570175961
-0.001657431137148127,5.42004609238187,0.0007670869682415982,3.7851255227711036,-0.021273723381549425,-0.003491788764436371,2.590607217821603,1.8361776907248744,0.015910509877797657
-0.0017497582962416637,-0.00046392911222428474,0.045532623683944465,0.009730021648045963,0.0014036362072298446,0.0013364159436122154,-0.005291140336472978,-0.00024134593669849352,3.1941585229860694
-1.7922758775636385,0.0003193291347317684,1.2066348733775647,-0.0019843438826618993,-0.019671608697588015,-0.0022062787833941958,0.0004902604244479327,0.01043967853298743,0.02173707737818681
0.005940971575172966,0.004087120218292672,0.005207097603376877,-0.008701900120796307,0.1049324022950553,2.5321751980152234,-0.005925599930764525,-0.007200917264495774,-0.004416684858782553
0.13386344344116952,-0.0004277801982813486,-0.00523863889465504,0.0014459985167562311,-0.005765370435353436,-0.3007515812195741,0.0023420098725634025,-0.0513660927807366,-0.00528456671130542
0.04857134457147885,-9.78527588000806,-0.017066372542701186,-5.503320979875541,0.00031659615122975326,-0.8378847159236396,-0.010674129515240868,-0.03204269105501663,-0.18607195351752237
-0.0025994874577713436,-0.0010723569812598772,0.004291448835643098,0.1382131402508997,0.005387367128240684,0.002368146339035778,0.002437161439354625,0.000796582686024341,0.28444856288531667
0.00573414906524653,0.0024402018816097877,-0.0034366799039704365,-0.025824063747494692,-0.0027588450499066736,-0.003371378542317427,0.0009427314359800159,-0.006126648030452197,-0.016045780492598985
0.013007147386356,0.059667561788995904,0.31848848745963276,-1.5072262137460108,3.1014097254899085,-0.002783612935344709,-0.006585687971275529,-0.010551948114803327,-0.014994326670219806
0.00015080125364750913,0.02631181929661497,-0.0012517075073666464,0.00479924062784793,-0.06849123369255672,-2.160080022896053,0.009378601049071483,0.015279014549428968,0.0028316212409048233
0.0018054071933993575,-0.0009502415907577642,0.00017122383111078512,-0.003855296360862629,-0.00040079096498402264,-0.0004580275061783195,-0.0034444576669840996,-0.0068606600521553505,-1.6794550051737371
0.6107042781338441,0.021695367475754526,0.0014180298947146213,-0.02391887094528184,-0.0002838082919231462,-0.0021159298106020173,0.0013756547269536648,-0.00498493934485711,-0.011437659070432793
-1.407919182716809,-2.508600184882611,-0.16890283508206172,1.6557476426238777,0.0017260538409142878,1.3181963396206133,0.004431691868802823,0.010792855811922799,0.007754178105855297
0.0006091857900754548,-0.0057631548181075465,-1.8332224410692195,0.0004463660523610713,-0.0015205629088108786,-0.0009415055281973121,0.000750960605846107,-0.00240092045491955,-0.0013849125535817077
-0.007896384438615935,-0.1960582512084459,-0.018718607688309734,0.005635809528838104,1.9330048042542252,0.04953298528904354,-0.010659728458884025,0.0049508585784986785,0.0018899167483906669
-0.02123084781804735,-0.0013770940264533627,0.001174558734759142,-0.010437571285265552,2.1079394316480937,0.004448761340416496,0.06712260244533451,0.005473196172651131,0.007346789040426746
0.0076953298493794425,0.004845172689965607,0.0007161328168856181,0.002168005764733974,0.14874065383806,0.005196775450294851,-2.527127369092616,-2.2171708928231415,-0.008825167878927592
2.184091497861781,0.02433722752282508,-5.652394213860435,-0.0024299095056546103,0.0026868605807249535,-0.003405856968152536,1.2038061407183571,-6.787450769187876,-0.005781792516254436
-0.008023010717668741,-0.9484356548122292,-0.002733716994237679,-2.855025578991929,1.6584801793972992,0.007314686024429279,-2.057440980844398,0.00045159841027760735,-0.0009233275971570892
0.01226396864770905,0.0030190829776600148,0.003715699769599856,-0.0005070149191615143,-1.6250594100941833,-0.26412163846846415,-0.0017930839389554871,-0.010470666744318426,-0.004185798429323159
0.001031608087190503,0.016598754854778436,0.06259193261745775,-0.0003454658214634308,-0.9978719841187441,-0.004335988171437665,0.014074902858119272,-0.00039642884679503025,0.003954889707790787
0.001930889385473547,0.018278915492682887,0.007473880867510284,-0.125002729924083,0.3016236989217682,0.0018498944294829886,-1.5540029341273183,-0.0016947091311422546,-0.008406940146813755
-1.038121834394404,0.0037947203114403463,0.007222565087716725,-0.001059484738019522,-0.0011245659361580427,0.0010560619896965214,0.0029662633630017947,0.20177606480408003,0.034876563496611716
0.0011525858283750225,0.003611764954640863,-0.0022069105058928518,0.02672433988249341,0.049828569719482324,0.008507563347431059,-1.5674697209799349,0.0017088245613953311,-0.0007971766823133622
0.001087088336129321,0.0005189144589286005,0.01956965374508864,-0.0008611525974795888,-0.24693217763337277,-0.009739070598850099,0.011622676699926428,-0.00607637644240497,1.3564004690347466
9.962356239901979e-05,0.007644153792015787,-0.001990897385616426,0.005281819205957487,-0.009349990150005852,-0.0019625161005959475,0.9960654240367746,0.20822625542745865,3.205115620932707
-0.0011812838512051506,-3.414463052030431,-0.05197933461593296,0.011903957796925733,0.007962854568498434,0.01361398038690205,-0.8898266041445035,9.235604550037488,-0.00677669644711168
-0.00884833144892489,-0.006482693333451639,-0.0010265906221561668,2.649633487571104,-0.012709110318268614,0.0007179715071409104,2.5351309962364548,0.025960395748987595,0.4962082432183341
-0.016231058430783665,-4.231469724638882,0.0040202594695261246,0.01544032201596049,0.01308700868263657,1.6009408124036062,0.004032687393458856,-0.0015984449245233859,1.996324342176501
2.9063053953961564,0.01971156116516386,0.014904587075286559,-0.02031834656031576,-0.000776410470603256,-0.0031967224420687496,-7.08712279075957e-05,-2.565674412587482,-0.003456228099078834
0.007747462788647734,-0.011893162704638041,-0.012618616510214037,1.9415530097041205,0.011081599392630535,0.0012372063148678898,-1.9388163637900107,-0.7472002719989004,-0.01507294424243499
-0.004958100761117163,-0.022321858681268403,0.0004115754885814782,0.037657308770562635,0.0060291882661014234,0.650706561703714,-0.015956265591111428,0.00023670743667663843,0.0017884307145444546
0.001966928336125268,0.0038332957344049193,-2.174894578433133,0.060967285432364945,-1.684334203368045,-0.0012110632521609432,0.000685178088770448,1.5495850204817052,0.0004382855577507415
0.0030688957528732844,-0.007891579299410142,-0.08774781746150837,0.009010916628904605,0.005094585578886532,0.0014852518877113007,-0.004246144825950483,-2.1318830996503952,-0.05580503131382612
-0.003979319268598384,0.0027842547579849906,0.020591328846513452,0.0007233344412382915,-0.44704436622663574,-0.0015019398355482364,0.0018391874202846764,0.020065878720415882,0.8579740277744382
-0.0005506333319754177,0.005755566025508951,0.009047738251614377,0.002962664804375105,0.0025802106527587814,0.0012928568118953194,0.0007717735484972239,0.00579836969666158,3.0981943962062286
-4.392516751457157,-0.003251474530526384,-0.005654141130006077,0.006412732685302512,0.006299262930482996,0.40063651933822364,-0.009984966837219014,0.5502301068132553,-0.0026509851280442503
-0.014095524100063187,-0.004087951814838842,3.922578294500632,0.0055603625601462255,0.008328069851645026,1.2432068925276794,0.0005257592465921224,4.4181130864542455,0.029293107706437282
0.021311897353119433,0.234642933516012,1.725356589565152,-0.0034711644026534094,0.0021224068768484297,0.0002741447658693103,-0.0004328268553861359,-0.0021052462932797666,-3.6599930139373273
0.010971150210157751,0.03705797642121059,0.0035571893458127522,0.018239792517480247,0.8446545088871602,0.2682208735917697,0.001663599069587178,7.751789001183882,0.0037021395140689195
-0.002864731634526426,-0.0011783000286137663,0.0005694183107409664,0.00025984955332311474,0.0005480187350725564,0.0005438968482340738,0.002018196146941126,0.0023136304423176488,0.00541277448620106
-0.002940314030223082,-0.0004702874344194714,0.0003297344174509767,0.002706333687696844,-0.001886745840278723,-0.00010544141401292373,0.002383834661097071,0.010942626600112353,1.307293044174883
-0.916041623577978,-0.0064199964389915695,-0.008454299754309114,-1.9505523753756455,0.012060159411494076,2.066553017356405,0.002230123424942637,0.003936546794317679,0.0005104901209070228
6.824392555176972e-05,9.001072796824118,-0.014223113348973429,2.69571275615149,13.190234341437378,0.06418667311045922,0.001030821126778228,0.04833644026649564,-0.00016283555786978515
-5.570506922040995,0.025038365946798008,4.949915951623655,0.005284166445620836,0.010808259682645815,0.03980900293692964,0.0033108312542614315,0.020908714026333097,0.04478631639714892
-0.004130998118472715,-0.003053628454982693,0.009472108593705605,0.014630231635268415,5.792728494763075,0.5782161808204727,-0.09112055616900061,0.004366065888462611,0.004400643678124908
-0.004575124438484672,-0.09420636580613927,-0.012070551548542682,-0.002037706582919411,0.22353294197138673,2.831421878148123,-0.004175003498559399,-6.629438822596878,-0.005786476542719313
0.003159674834065526,0.004707835384830827,0.0065021461009406815,-0.0032511922185643263,-1.6518641737909114,-0.011107163231077438,2.2044256468669245,-0.004558374572174987,-0.0007732046520028454
-0.000729732194740304,-0.01289823011284312,-0.004945200787579954,0.00273290515169124,0.0019715927513384536,0.0010393170060240334,-1.6549818874647342,9.785094348663476e-05,-0.001082815255370382
0.001783228394146354,-0.9743040215268967,-0.04712671854229925,-0.0019215342380569495,-0.0009228140280625879,-1.3318532116043524,0.0024539841581888155,-0.007128108292898067,-0.0022973164775671375
0.01894895611704302,0.0027067082311858946,0.001533383190837255,-0.00188162407986663,0.0032219111843194426,-2.072413227107904,-0.0011530949718487893,-0.012501439368859175,-0.0036131564409762167
0.008180818459718967,-3.15791397166928,-0.018191851651660977,1.6999713805097647,0.001082676610428157,-0.0007954190185772061,-0.010829475388208165,-0.007773769851864154,-0.009909423682884506
-3.2238293003101246,-0.001855604835325271,0.01601694294941548,0.0012716586532064028,0.001335928474847592,0.00692575790527164,-0.6498141892757705,0.001236144704198968,0.0016062824365551676
-0.043852989293910405,-5.664528901032341,-0.002689040640464005,0.004142643756526926,-0.03760007146711941,-3.083599353990397,0.007077843735931899,0.004301617888870436,4.543100455327362
-0.0014568718313244973,0.0013435087985017335,0.004514572705066381,-0.003109802402806547,-0.002810448665654741,-0.0005432067049747046,0.0005062098466780907,0.008790108798948898,3.6304620654539916
-1.0576287349570608,-0.02415220964114162,-0.05801523557643848,-0.08670332034177945,0.00461340589675896,0.004511262464079527,-3.216453912477042,0.007620938174576961,-0.005005677833815454
0.01539871156129006,0.02400205799271962,0.007759061524511626,0.0020631948854281665,-0.010864889036017261,-0.5797846940326026,0.017084226218302405,-0.0027532785945304306,0.001480191426754482
-0.000541841440909685,-0.04437815162620182,0.035530937994000505,0.019300888312268935,1.40184583477842,0.007117958599899242,-0.10936718631772406,-0.7705246554447358,0.0027764934088107696
0.014770514789393091,0.02047774308916478,0.015254073333253884,-0.03030995156158733,4.39968567035901,-0.010115043772175203,0.0022125719334595774,-0.6550506290999747,-0.0067594007225019945
-0.0013099354628890517,0.005885379222713243,0.014720125275810507,-1.9191473086802846,-0.04442886259171275,-2.0871354399255173,-2.372211738080934,0.0008740317767822539,-0.0005554982885059428
0.002073928121667323,0.008576309548513525,0.0007473881543520338,0.0004318513198064526,-0.01232228520001094,-0.002768767604866086,0.043091525629710234,0.00975055030077003,2.28254687934749
0.0021852227864710915,0.01295062580066614,0.04545071427003463,-0.0021953931622219407,-0.006466040219891018,-0.0023793393103914897,0.0058543960550190505,-0.00101624772306323,0.002961841462405708
0.008203162897946443,0.0038379001755779224,0.0022922573140674637,-0.005892935279218868,-0.006286294631253027,-0.5698094949237179,0.0070738381720013704,-1.3259628163796804,-0.0006185803289179143
0.003928429382953819,-0.016101663927764742,-0.0038938856025410966,6.474419690369468,3.6848742689420146,0.0033107837031373655,-0.010363399557067728,-0.0242012813084424,-7.515835108964302
-3.9086614330771576,-0.0013899379040480592,-0.0032932805747043926,0.0023178518262977044,3.2687756462743134e-05,0.0017187872142072512,-6.136885537397913e-05,0.014065022210571865,0.001137379871989995
-0.010058234645318881,-0.0006965414492653421,0.00697903452958468,0.004084367237790876,-1.202063002412107,0.0005657261253467182,6.664075908359028e-05,0.5572900624613977,0.015063532413329962
-1.0577411099162153,-0.043693368150542394,-0.00605350291152254,-3.252145437956879,1.4170938832865114,0.10400807807490564,-0.009016576712746945,0.002774368144463678,-0.0032795508426962834
-0.003491011572602995,-0.030452283353220366,0.005521857706617795,2.0132704761322886,3.0943983774570816,0.01867814806412116,-2.125187968638751,-0.0013822406354284163,0.006153571373381543
-0.0001758577601868993,-0.0038765964786074544,-0.004723493624578148,0.001699835497138296,0.007395504211887097,0.0015389372699995255,-0.0032823004992628244,-0.007620398197840862,-2.3821718823420723
2.5258221951334666e-05,0.0028877079854780665,-0.0049602643722392835,-0.0019359125981921294,-0.0009955073790475174,-0.0001569004240075205,0.0008759645519222872,1.29524802775156,-0.001056429729279957
5.351734383918916,0.0036012508337485193,0.003563723918419817,-0.04018631151380941,-0.0009227543799525673,-0.010315012271251933,0.007680265785535517,-0.07554311491152749,0.00032174393734042683
0.0017150296186600675,-0.009406965123888611,-0.0049305932797306384,-3.180880723460561,-0.01058848509825823,-0.04592355938700943,1.6388491698324656,-2.373456134067578,-0.0015217026728593513
2.87303054830074,0.05756520436622366,0.006415821331826461,2.1025523136378688,-0.000547805209837075,0.0028711233370282974,-2.2285163466042857,0.006420873921932444,-0.0010370985995029197
0.0180551868172139,0.006679522357355048,-2.8775352189361123,-3.92816986574482,-0.0004195368572804947,-1.161298250596956,0.0026696019775256236,-0.0055073868864467905,-0.03673143405227772
-0.0011493497908634756,-0.005257832748533385,-0.005258181567467063,0.004139748738470972,0.00464759669583567,0.0014552835382966739,-0.0013066612357581677,-0.0004353096957562785,-0.00035926301539876014
-0.05808332580712958,-6.9549811911189785,0.00016596330925039426,4.931038174745352,-0.02954339420057661,-5.0100091681690856e-05,0.006843983621851429,0.03127930599000275,0.04732553151733754
0.0036318290082458455,-0.004205790454739435,-0.0006069591136634508,-0.039679097880276494,-0.038766107621027945,-0.8687785642359674,-0.00829950240490357,-5.176258792205711,-0.010521268942279532
0.023552543753278192,0.005983149812287111,0.0032893901122956967,-0.28170238418932925,-0.00334906482043551,-1.1606270661500466,-0.2333856901222472,-0.00642499628363602,-0.19629157209861342
-0.002507284344046748,-0.00875584750210942,-5.319373968958978,-0.003655407825020834,0.1588304903043981,0.0070559626376151055,-0.010256136349683495,-3.546672878777906,-0.054976896831507416
-0.007303890910058912,-0.005171946026554901,-0.01672888023620174,0.002417107872079616,0.0057737770120382444,0.011211850289683429,-0.944282642051246,0.023117797364664613,0.0006793723988120274
-3.374472526138793,0.002360103344358512,0.0024158948511295956,0.017610306175015113,0.002544507405970939,0.017450404466765497,-0.0015550684434626066,0.8887018403347708,0.010656158075050257
-0.005212738125046372,3.630243191816642,0.003957695363497327,-0.0036309813484639982,-0.07110968551106112,-1.617403151025185,0.0097117957676231,0.012637706633842106,0.004350234810198965
0.01002028706741619,0.002836028025140271,0.0011782755017491035,-2.97653960337854,-0.004824152026952425,-0.004362831705765034,-0.0005247427646258469,-1.8909478452246735,-1.319090517214561
1.4733987356017146,0.014559832734082581,0.011841263806430084,-2.381638531249295,-0.01793876256596047,-0.027151751970674067,-0.0031836039265871613,-0.0017540913904766778,-0.012603874474843096
0.0010977823954793145,0.01393731666102771,0.0008019232315051548,-0.00040519368954321927,-0.009614046561046863,-1.9225615708146142,1.0963375842532983,0.00275828442466218,0.0022990115016539078
-1.9069658331936816,0.007775796422370668,1.238421531302196,-0.010601357034726349,0.010927333585670426,0.12096626555241641,-3.140221787595292,0.005821615631722336,0.004260623337207777
-0.0005575213806811103,-3.0338898615014522,-0.003739410172609054,0.009578178027096656,-0.00030921830119114146,0.0003457474012295512,-0.0017745325222671554,-0.0003473981727862631,0.0005763621556718998
0.1280451943098326,0.02204928720632627,0.00711296192943129,-0.09300578612177615,0.000673817344096321,-0.0008320075541782806,-0.0012194314312465974,-2.8507406904086596,-0.6063151144662386
-1.780972741335141,-0.018641302646240226,-0.005862763963057531,0.0071348496922463275,-0.0023887320352134755,-0.0009041738402990427,0.003224250574043198,0.0004663576184237919,0.009312457863783194
0.010844441581263426,0.0002989561146088016,-0.009275216743690702,0.008814440103135524,-0.011829935350529633,-0.8703748379554583,0.00346625618235695,-0.0010992399881016319,-0.00117088514976169
2.4562243142941322,6.279722677956313,0.6519837522552407,-4.844870964574318,-0.007059397905420428,-0.8117472965407584,0.00031817364174016594,-0.06634406183646155,-0.0022357669247398404
-0.0013150511438857926,-0.024365383188000432,-0.008115047952152867,-1.3699830643547686,0.010273359705678968,0.0012402555140777634,-0.0037793220063141383,-0.024456493928908505,-0.010229517874107913
0.011483105127699822,0.003069114552077586,0.00079387045985581,-0.00871669026762395,-0.008824837586106997,-0.1622211626879601,0.003294237297576684,-0.8770367508636928,-0.0035986666032354706
6.272416410634417,-0.0010839521258875773,-10.368406782015967,-0.02749180373367479,0.0018794121194413704,-0.004647577465842961,-0.0001515006920468978,-0.02617945500906363,-0.026018220271466053
0.0026665520611881917,0.014723001418190534,0.13522279278932145,2.7403149270389795,-0.02118800032129925,-0.004644938409387574,0.021189032691502074,-0.0002860663019577422,0.08158969956068461
-0.0015051094649921049,-0.019465341391216473,-0.0023836178589573265,0.02115977922883283,5.507167868981568,1.6221999514975423,-0.015888786050830543,-0.0016402176570440297,0.00010959924408982576
-0.07436598978350661,-0.010747498956389517,-0.0038818301038894398,-1.4691137664957408,-0.9957316113100311,-0.00021393955924163544,2.8126201360942296,0.02469476224942872,0.006242467398979533
0.007361397842884879,0.018123129213579947,0.005712187301856417,0.002968334165487172,-2.704487197819112,-0.006180048488408196,3.173333073561075,-0.0039978539418323925,-0.0011306993062540037
1.7353882641837837,0.013007125784202163,-0.05199585414993514,-0.0061659035104183815,-0.0008148065234668198,-0.002520793387379986,0.007430900638981858,0.002285340497950379,-1.8794224853270758
-0.018665821011338356,-0.020223673086333757,0.0029029489677220187,-0.001232097679810487,0.004909199203001788,0.002865443407856946,-0.005260934473027829,0.00052661046151064,0.0030905650931002913
-0.015208567432595677,-1.5497919925118726,-0.06250988536151793,-0.002657064711793164,0.0026400675088065,0.0011131895838618162,0.003122236355904459,0.001759638520532741,0.002365883572796537
-0.012974537702767288,-0.5240612330904814,-0.03190085125901623,0.08166786961366257,0.002593209371123756,1.5552053464111397,0.005543454153173796,0.002233550856172821,0.005468700392640014
0.01215949535118585,0.006051204362405853,-0.1064689710417025,-0.007144866858511352,-0.006997003690855208,-1.0731678236740843,0.07562828121476106,0.0006180927408358933,-3.841040468660974
-0.545358542232182,-0.04931983529059758,-0.8854901915025531,-0.002182984157408231,5.334055247901395,0.06303898539187869,-0.00457721314506843,0.015452265523856722,0.0013051476628645631
0.0033205895602849327,-0.000890948372174151,-0.0033227592830736364,-0.015547858737829563,0.004376922631313835,-2.0826216808375364e-05,-0.0021951947560613096,-0.06790291295850936,-0.22241470777673178
-0.01032687264754096,-0.0006187766184120311,-0.011567805048406626,-0.0038790537095871637,0.0042990601573551085,1.086759501627608,-0.00225444955096428,0.6004768962503263,-0.0011469887260194041
-0.005148176860718585,-0.011462719943150831,-2.696981745701436,1.3130620418367143,0.014600114791169298,0.01673108020212138,-0.008018414734354757,0.005894015923725051,0.0013990783034704014
-0.0013311987379611753,-0.00909476577385677,-0.0025625977747126133,0.011280766694949283,0.2585450339672284,1.066070576981712,0.0024126064539214467,-0.0032679009467057544,0.0020253559697369205
-0.005053622020167374,-6.961655163877126,-0.015642781847891946,3.0120579434770303,3.661586874179646,0.010088830584380981,1.612600340261542,0.0054360177300972765,0.007215730547890386
1.0955774793360822,0.005769557434583188,-0.0058468233240684415,-0.022161244828420714,-0.0006928329549125596,-0.007485164567221053,0.009059785900158789,-1.7925876389335043,-0.012674042009366795
0.005232761602220262,-0.0021874736455477495,-0.0043149503369611705,-0.01578707572512004,0.0026002279531510994,-0.001764053455860684,-2.4934231930842734,-1.3521482385140513,-0.13566163686096466
0.003882871061766713,0.003281806007839866,-0.01006664279184176,-0.0038222603900800456,-3.7067632515001137,-1.245968329040295,0.008636975002983799,0.0005747740289366865,-0.003038697627171208
0.0001723316963924363,0.002139614113685351,-0.006584540286749705,0.014880414877795105,-0.9902767135007264,-0.0037124508720701235,0.06340982233150559,1.887099988795237,0.008231976651011823
-3.2901164529360316,-0.014318025140897458,-0.0020804855638243275,0.42457342956029964,-0.007621978260685364,-0.0005977209510682827,-0.0005974246307946657,0.005778825463586185,2.31324479466089
-0.7533765476511536,-0.06929540516373027,-0.007686145351148526,0.6635873595397729,0.008085532551583865,0.09429019132897158,-0.0032884798761662476,0.0036042293132031874,0.003997979861159065
-0.014321897689199191,-0.012968714667788737,0.002732646308960876,-0.007568014669558663,0.0018647010215578508,0.0007406004045084264,-0.0007364872193377951,-0.0034472629913112167,2.3536842067445294
0.002884982854325209,-0.0027301092156007956,0.004094284034178555,0.00019061043640178701,5.26655848350638,-0.0010355206292145813,-0.00867732950633523,-0.006158166434698634,-0.002512874761988075
-3.979858486355116,-1.435093316941782e-05,0.00492516848625988,0.0033040738136156374,0.000305738429317276,0.004023685563493846,-0.006743694992069817,0.009516864289791314,0.0006740161367469744
-0.07024199613450272,-0.010276419207095322,1.0396606975521188,0.0022448173109800434,-0.05204970633025097,-4.784137864679267,-0.003127546412280441,0.000809499910712122,0.009978273404255972
0.0008212562804776975,0.0030280155963094304,-0.0005388730761121716,0.0007713923556885499,-0.00484836793132591,-0.0011858084641673627,0.002426023495733785,0.002247440185477945,0.0010015524551896212
0.0005339480815760855,-0.0026087022953728,-0.02452311406615202,-0.0662961921435222,0.005495200530511705,2.886528920770584e-05,-2.6138904697406904,-0.00047512551876975704,-0.019655263801845034
-0.006174320736204119,-0.004681077245645529,-0.003091940237925965,0.0015716267461174434,0.0024441815970163983,1.5546996271232891,-0.000976413849514482,0.0031845565253128833,0.0009590484510429587
0.009969222102338617,-0.001850285309659458,-4.723711582419876,-0.0025466199465428493,-0.0006104110392928797,-3.9953242580575696,-0.04222348651177299,-0.0024524631384014103,-0.04816192428363625
-0.00041728500987221057,-0.003755421120700708,-0.820021114796752,-0.023225577707369948,0.11579863002506513,0.0024301019391065534,-1.8975951971190335,0.00014660791652130589,-0.022339551597379104
-0.00816485162542277,-0.004108073525387973,-0.006319484323242341,-0.03394919958720714,3.0452837242119695,0.008404313502277605,-0.013039942820388208,0.005271962755500953,-2.931289702411948
0.002231546138853383,-0.010853216763657672,-0.003300391624243033,-0.000782719366269726,-0.012314993060062437,-0.4881870544767162,0.008204930452331727,-1.4709468956303102,0.0012548494464618039
-0.004008362656378607,2.7469474591232315,0.004476869986207263,0.02325751328719151,-0.0014659184808235304,0.003422937532783712,0.0019674797913291353,0.1794588245941203,0.007848354814037643
-0.0007794971760750613,-3.9694021131644246,0.0014336878953400758,-0.08331111370042038,-0.004509241895227181,-0.0030317929917608316,-0.011934439325833324,-0.0075750756853803225,-2.901096948689517
-0.0010874520087398934,0.003337161977376754,0.8305884042926106,0.0035565318996891686,-2.1650628753967402,-0.0008937321542620905,0.004251073599823895,0.0005749625631043592,0.007617954790402627
-6.144300576294722,-0.014287935965683007,-4.306962655100401,0.5469462746941157,-0.0003053679027102407,0.006045275712152111,-0.00403203528917212,1.2809566053841959,0.0019216445524595505
0.002461124606749021,-0.0019415958532522418,0.0029871521829176596,0.02171693400553635,0.0008912109108235051,0.0008093250692569436,-0.020438931359219942,-0.00409009910012266,-4.414363813204578
-0.7914825986806712,-0.010094075180172432,0.0031157840373404536,3.0138143385896816,-0.002152549974072354,0.9828854036302346,-0.02479381280346804,0.01432255634943913,0.006351722814291805
0.0024396828040015514,0.2912676130508798,0.0004143352557587354,-0.00019423223745971413,-0.08388995746382358,-0.002897129048422542,4.640491558759714,0.0036533074399318164,-0.0008907139736250326
-0.00385542855152232,0.01411218308676945,0.02059791154148613,0.009460125860517027,-0.014973895474655219,-4.625136108262347,0.05547511503150848,0.0035613560460750412,0.025098803787534943
1.3012482082865389,3.5566985967216054,0.009413782948104854,-4.13959873965625,-0.0005836795474770118,-1.4000389978936014,-0.000608634649127221,-0.014215119297422725,-0.006714822288602165
-0.002006852473156432,-0.004880613585650451,0.0014699283408849337,0.002945197592238429,0.0024208488790134243,0.0012035985953484372,-0.0023418336229722265,-2.644463872612507,0.0004167688177507331
0.005762380029131203,0.01403912392298607,0.008516215906197857,-4.367567685890177,-0.01149592422665863,-0.016804764163546024,0.0845600138126278,-0.004721995299312156,0.0023496818066157665
0.024100471937830204,0.002801840081563452,-0.00030287164406248533,0.011105231199324791,-0.03278097074035867,-0.5623004781328432,0.001219572488232283,-0.0032979855941066257,-0.0009394923508500713
-0.003747399776032917,0.008343160149294926,0.005708677518558129,4.287692797792958,-0.0032662275312899413,0.0015152742477105782,3.381305950913468,0.02155312352137005,1.0293345540830745
0.001284991234539224,0.001747376097246428,-0.000898126669113883,-1.3383921588345469,0.0021646154687843242,-0.0006681834759310126,-2.9792476080790995,-0.0020536465796938868,-0.008396777598085443
-0.4929685084390699,-5.393670582314169,0.006919197281674477,0.006913560470345376,-0.004395084273048494,0.004961849046508107,-3.4078639802695285,0.014056279401433915,0.018643612883646802
-0.0076728359232364094,-0.08807235242364417,-0.024729720111415134,0.006309571428610392,0.005575031865168088,0.003268707494320104,-0.01101215706099028,-7.751852727267948,-0.012313125906060512
0.008099391488340418,0.06433466393192404,0.024486332633338128,-0.02472947658317065,-0.005538403224916336,-0.0020497973831221134,-0.0002330932141140575,0.0007698458313625395,-2.4423146042095287
0.0017345322950213377,0.007209174863827383,0.008252257443890968,-1.7449385061206995,-4.718509495671713,-0.010183970605094184,0.0019577952410025886,-0.0035095060834697284,-0.0014423115309221898
0.0022705797422563796,-0.0010002461809707577,-0.0012422978495625135,0.0010827289571161483,-0.00040788287635901924,-0.0004959127793693493,-0.0010476247728108388,-0.010802952879601174,-3.2954845664622407
-0.00028893762213375463,0.010396554703963968,0.006083275183618212,-0.0005243766891342245,-0.007284157967951221,-0.0014643732736897494,0.09283353087862345,0.009988854680817444,0.6673558059067003
-0.0008896199304572487,-0.0047651403619012375,0.0005806731296055476,0.0023789032464172698,0.0043557491349397685,0.001434653899898084,-0.002583768415493195,-1.3575520196706121,-0.0013886823168164624
-0.7654015469642483,-0.004707836042326191,0.007193215492759573,0.006229363915211426,-0.0023846656754794374,0.005384933763845967,-1.9390495995608972,1.0865951567855117,0.019970928361880275
-0.007769542774617499,9.821957758307201,2.6156845048591366,-0.19741679373111354,0.15522530302275328,2.381453143384978,-0.012025835003866864,-0.0023836727605257013,-9.97774319968444
-0.009591149944091527,-0.007196663553660065,0.0025918116613662737,-0.08236440762945557,-0.005592213502215171,-0.0012900692601439767,-0.046788020770843236,4.847491409826436,-3.0913846918775603
0.0008628904076604278,-1.021057015085998,-0.009071817077863625,-0.010318382481642605,0.0007190369992500119,-0.001454059400701476,-1.8513598645243778,-0.010148538836163484,-1.7125807543847953
2.4119635984208303,-0.01720286521833208,-0.13493983326446876,0.0015385787175710868,0.00044714728545504345,-0.0019002954040150714,-0.00451769916971911,-0.014303967779173362,-0.2593388708629414
-0.010139999951266765,-0.0035286419172775177,0.004200209127412797,0.002203693002415264,-0.0006056405165577048,0.0008430137821305184,-0.000362215288966391,0.006041608750118524,0.014812579553097845
-0.00166096561974276,-0.009311695029083442,-0.006082873031620837,-0.018475873483413376,0.002151137656650105,0.0003496910361517657,-0.0031443433706658513,-1.8354339405202897,-2.0946919113211315
0.01935249078929383,0.010325831487939093,-0.002581181874736233,3.917538151481146,-1.9236586656776031,-0.002659117918377925,-0.021078877190366236,2.7185494426744676,-0.032749377835322224
0.0017774991637711512,-0.0009735237933008259,0.0009886868553862747,-0.8432389742778422,-0.004464418422588531,-0.5946715381033072,0.029122981783354943,-1.0772861975373784,0.0006201003314351208
-0.0048496567378531735,0.002952864219340892,0.0025804277422882232,-0.004048521301979194,-0.0034950804015662757,-0.0006144850157708606,0.07480675653256937,0.023871026943752115,0.39941691532060086
0.007998808371542274,0.002469322709581419,0.0003132998790696944,-0.01573422995158191,6.908964480073818e-05,-0.0015211093260037853,-0.00044910777249046067,-0.06897914559441774,-0.018475403941907644
0.02142350312788582,0.029752679539905447,0.00027410715747767933,0.0034271254980662623,-0.042690051220422354,-0.46474309337131187,0.10131749385655187,-11.407517112464479,0.003693035115520771
0.022195007495924624,0.002337320512290769,-0.008844970397398677,-0.006538079667602212,0.03087403698952529,-2.4513582576040065,0.015219653922652676,-0.7031964845102809,-4.015757950797222
0.0072148186543822095,0.002133935766309686,-0.000726410693503488,-0.0027794306005488583,1.8145954646087352,0.0014487065540692012,-0.010739485961442407,-2.0133770766159813,-0.02041024848246918
-1.3856000249821137,-0.0067656948028628205,-0.006659107156016393,0.004232767245646663,0.0028670177163043695,0.12149635989675645,-1.8273102176044658,0.39220949686186424,0.0011922402908640332
-0.005396599374048693,0.011856131702738679,0.01489253955332131,0.004190034097345007,-0.0041479507373473,0.0014232068852899939,1.795836656621546,0.0343972681156935,0.10284377378818417
1.2921720180668945,-0.0018011624412246612,0.0015230088413413709,2.448857139032974,-8.934077282361178e-05,-0.0006376822643786189,-0.008548632369755955,-0.017497509079565574,-0.005697988659872961
-0.04950806573402835,-0.0029188994521463013,-0.0012129703850497105,-3.9024429214317975e-05,0.001497722637981587,0.002141843142883148,0.0010212488275050094,0.37776489749848174,0.01236787767771906
-0.016300517213383322,-0.0019675921733010313,0.003054570254591802,0.04620740485497306,0.007505433155546946,0.32417384439935537,0.0005147254652689663,1.1775248396672322,0.07734752978153828
-0.0038698485855534915,2.744352489518674,0.003926651942054701,0.44111818807302655,0.0036747021934334517,0.006980359096676451,0.01077867604966494,0.0364573373247969,0.8063714203938633
0.010026439503870888,0.049829410242454214,0.01322195501332132,0.002865651133130573,-1.061640118780355,-1.2637005083070276,4.1094827239081255e-05,0.0001824866940866865,-6.521849074021813e-05
-0.005223751188768902,-0.0332984077931745,-4.545434662128739,0.0028881777744487365,0.17651669861588357,0.007371978826450271,-2.437595987995617,0.0036294180495455818,0.003102198851118197
-2.5086910995418337,0.001063417528874546,-0.007073102156711399,0.0022827365591651843,0.012272068548393328,0.0432751908145058,0.0015384194369004421,0.40619269865488705,0.0022318523803896637
-0.004480746615378757,0.00153096128997065,-0.056660505930499955,0.00791183893511792,0.006741426960574587,0.9708749221841781,0.009111893242217284,0.6285315358813657,0.002116631834257846
-1.2986568769751065e-05,-3.2406435818618986,-0.004189465082855243,-1.12107523040795,0.01623733674902947,0.0019829103419401525,-0.10605872041666664,-0.0036018509854193587,-0.01399390645934313
-0.0017693407262757174,0.017021994138699724,0.0027404749098930863,0.061965416722681285,-0.001407053907671324,0.0010357276263022264,0.8105232667148322,0.041611583692566546,0.49318124834485033
0.000836713070446549,0.0006335618968466641,0.008712835495785333,0.0055764534242984925,-0.9619943867994342,-0.0033063204654959037,0.004057599256242957,-0.0012315740330540296,0.00408033038974376
-0.25464643849945917,-0.004541460204974522,0.0007523511964828076,0.00561689205544546,0.00020962959892019493,0.0017081039860870277,0.0008431201021888981,1.025512024163015,0.06349704560919596
2.6979760809808844,0.003550503508714456,0.009446691115846062,4.646480716716603,2.8327479658122683,0.0032221268132246184,-0.00043331638042299784,-0.05270042676059691,0.0005006569915141021
0.0014375075048246816,0.0024643109823842386,0.000779571219976776,-3.1370595466165994,-0.0004307626330254024,-0.0007238529270708367,0.0008349303777419365,-0.001622927170732493,-0.0021168560720191184
-0.0002339275312301485,0.02027109706935072,-0.0009115125158722839,0.0370624850102383,-0.0008305175981593855,0.0009505257857835552,1.1550734944019514,0.008551240840689093,0.005305367290126354
-0.004413120295420188,0.012035316818139852,-2.698611404603449,-0.2359573366323355,2.7882306043108294,0.008152867372466038,-0.0044948583464896235,0.022747889677563225,-0.005848009520822803
0.005545716753659481,-0.0035512650842125237,-0.01823359517983582,-0.0011243637377075736,2.461887262333784,-0.00042793658850361765,-0.10303683015086931,-0.004645911434069626,-0.023475002540015884
-0.7306059357669417,-0.014499693262846516,-2.2074249237702763,-0.0006882090105875373,0.00018900836860752737,0.0010457565321571587,0.001444118638395244,1.85984552429525,0.009991598295796406
-0.0021398856289787105,-3.1538537235486146,-0.014812214898458895,0.4648342211745362,0.010933330389037044,2.4813551612216562,2.3603169377388866,-0.000879117800695696,0.0071404392733371985
1.8275558530689953,-0.005502601524279012,0.003697735315851342,1.761687463962712,-0.0005671101503049829,-0.0017794179012258805,-1.9398050296485212,-0.03934385747455332,-0.0027107047720833707
0.032025933946230656,-0.00780097087109255,-5.27335956894057,0.014360209236173316,-0.003256414693548537,-2.564072133682953,-9.615399035656225e-05,-0.8051866525793638,-6.867037136927827
0.005192691304518271,-0.15610764849920478,-0.012841885938377238,0.00965543148733343,1.5551278859832813,0.0003594283600506995,-0.00603581143111988,-0.403840531073316,-0.006141035252741905
0.10229939107854931,0.016553479418093344,0.001513679432633962,-3.021209980639395,-0.0013381017238754678,-0.0026268199028109266,0.0031914183216695292,-0.01210340281810833,-1.3587565994463244
0.017440326169450945,0.8701401025044575,0.0014661762585216464,-0.0011784791101936004,-9.097070294768889e-05,-0.00038519239674878955,0.001420865868700381,0.0019092543256452044,-3.8833933650689976
-0.00024310336473865046,-0.012305495890850726,-1.9347083234178264,-0.01442682974817662,0.01426730558092748,2.603963840543619,-0.06087361081706,-0.000876712389193117,-0.027808163960617395
-0.0027211034735305866,0.0034869575843368256,0.004254303601218774,2.068306079219425,0.0008782353043865522,0.0010110922784318359,0.0069147187137054205,3.363795701948737,0.1463387373833167
0.0028591082193731993,0.00828800679445521,0.11631618412527797,0.1490239718607631,-0.0032607037338239805,0.0010729875272323108,-2.332304204328375,0.001162293348770202,3.46539795378359
0.007962010563089289,0.003736064922383758,-0.0005563210810894592,-0.006127628796854245,-0.0018079690812164697,-0.002230221699554966,0.004880827819128538,-0.027730108553624344,-4.168062600577329
-0.015582885206792232,-0.02369622720483468,0.003928918265488458,0.002764616327817853,-0.6944265546471748,-0.0018028453658323045,0.005258568041273592,0.0014200542171954032,0.16513700145151655
0.006389895627181157,-0.000127065921171364,0.008760641170262862,0.0025062422911861695,1.5902048875695431,0.0012494984782836366,-0.043504611342017614,-0.6526188860983277,-0.005220037864892451
-0.012345832983886085,-0.010909134590724623,-0.0012714560646596307,-0.025788752795328773,1.93573785704855,0.011932336008520603,-0.10457712377990312,0.004736347890801694,-0.0013316448946484316
0.0026540340736508077,0.001984405996526228,-0.001133255267295919,-0.006575736862343786,-0.0006973713542790572,-0.001070311268970555,0.0007368465073618304,-0.0032097578041913903,-0.004217603555570826
0.029217445417821362,0.07496936194730094,0.3512214118143249,-0.004051952787951097,-0.00740614811769541,-0.5508059458910215,0.004531823458699232,-0.004993373813121847,-0.0003040018670211696
-0.00376725636111043,0.015903343378402435,0.0018008552725369332,-0.002171710311542542,-4.545540354641049,-0.0009095683438767321,0.4568950142180342,1.8177629296094355,0.006884213581754235
0.0026718691594868533,0.026213454906599758,0.012901976241967032,-0.002140020388447733,-0.013513470647157796,-0.004880661211683523,0.07255132787779961,2.820944139143263,0.03348623095494478
-3.486451264799486,-0.0029321242761433386,0.006946323687716416,-0.0073181083055428725,0.17667017328357026,0.009143792118963628,0.0029337831606117415,-0.007221119580435073,5.3442132559600655
-0.01201475088599913,-0.0031939371520923535,0.005155529318851172,5.7184717097081705,0.0038390494367351365,0.017601664821418117,-1.221856464822073,0.0420682694838443,0.01124581750354877
-0.006103763488949169,2.0933549227611894,2.5846666212002676,0.00045674367243649355,-0.002020631162324038,0.0014964360401452216,0.0035849685886351033,0.03405384163660964,0.011218192689222039
0.22654216430932975,4.3527297921873105,-0.0037690563437368374,-0.004374897486925275,-0.002038478867632823,-0.003656943026822034,-0.008591272663575678,-0.004587892841859056,-0.0477740839992594
-0.010387731275314024,0.00016326049248172048,0.0015860492900656251,0.0018972120728471468,-0.0005138077137191659,0.001833280977956566,1.2833231809243648,0.7288481873786582,0.05317979525499883
0.007922732209704155,0.0003830365964808532,-0.012361237864108268,0.0011586260887820384,0.007845477815546231,2.909272682963653,-0.005610124195831401,-0.00021307482520102877,-0.006427501074291325
0.5251439731270489,0.005816425225593468,0.008880491709975827,4.445356372914144,-0.006400306285231281,-0.005267812980077412,-0.9505768070267042,-0.008606442432287156,-0.009999288685674592
0.00194216708863181,0.012989349891370326,-0.0005307129855518193,0.00181257179729809,-0.16093516475251063,-0.004069832428516283,0.013159131511803809,0.8838658003539528,0.004677080601350286
-0.08189931841137041,-0.0103449646202592,-0.007479312410687437,0.06320417227527586,0.0039042949061849214,0.86136087689465,0.0010590143228670912,0.03379319583431484,1.9283295695066829
0.0024882954132730275,-0.007536947636875915,-1.2861268345642367,-0.0163358625734787,-0.0012292689077485015,-0.001947811860852758,-0.0003277278479966411,-0.0430319805424995,-0.6777285884705561
-2.091630617500307,-0.014530584822667274,-0.018545861656847178,0.028708691519112636,-0.0024387941217697516,0.0006379149206115727,-0.0009979861401589844,0.012632125215265775,0.0020665950220743814
0.005972814394004511,0.12484088983085967,0.07542228306597648,-0.005171911932451848,-0.05877931034870183,-0.02183077053920511,1.6050890589311226,-0.0037522536697833257,-0.0010174346756079587
0.00540947356315542,-0.004865741125764961,-0.026763317382143412,0.0005992161453562753,2.12063877164838,0.0007606261653316654,-0.0034498934653239576,-0.0063492594625741815,-1.5512793948616734
-0.012136190349295146,-0.005748063196666736,0.0071576847665908855,-0.00034348767364691946,2.661102481310815,0.7008749712948514,-0.003270679536055008,0.0030630758400804065,0.004817973526264506
-0.015927024824351745,-0.0074514380955672255,-0.001411790926309041,0.0021668060174571506,1.8980461641877135,0.03408925823631195,0.001894631349056904,0.007905091955634238,0.006666169842619682
0.00042824832765052737,0.013339937663763762,0.7829694301890952,-1.0494998312481074e-05,-1.616405150989659,-0.0030122334017856287,0.01072013804848295,-0.0002994338961447565,0.004402527011102941
0.005409596448385477,0.0005100939619330082,-0.018872962670999013,-0.006825924687229079,0.0004623453888716781,-0.001046909327630392,0.0017051425528213093,-0.011454301723905517,-0.7545932186262455
-0.39335708978557404,-0.002129290850878676,0.06003587154801262,0.0035100302930715257,6.123132592102121e-05,0.8723356966961434,-0.005597444398587337,0.00549496782048167,0.009914739906680466
0.8139791834822039,0.06403323556325902,0.007894342193258007,3.158124405629613,0.008180918082947668,0.000698426825708108,2.64681567373089,-0.010181453153553354,-0.0016840105109017858
-0.011030639999518798,-0.0029387329764673457,4.853834887272875,0.031065423283799444,-0.00019576294424340085,0.9795105309700944,-0.0011694441583008433,0.010422726817247497,0.026622537233228924
0.001585864744669038,-0.0048454292867093525,-0.002282159961647964,-0.004960348075027104,0.0011899833112506795,-0.0003574690341727294,-0.00346577649672366,-0.019431176742848177,-0.00861567014656965
0.004376881061917186,-0.001185556242881419,0.0018245761915023605,-0.13469175247043674,-0.03175610248730229,-0.4056319099981547,-0.0007171336663484504,-0.015116493766240052,-2.8970890858002782
-1.9122901967683579,-0.01023376786483085,-0.010012417434845669,3.900727354287553,-0.0193512450746344,-0.002892120603195887,0.009178716186162228,0.025628388698056948,1.6465673850852056
-0.05501985773478761,-1.4120911928985247,0.0007873686433339314,-1.019424278422896,0.014915148447650746,0.009337021030844354,-0.36728970020116347,0.0022827127286776543,-0.0012899676666014949
0.3240079915089697,0.001045003043707469,-0.0005754713748335476,2.5932822267871454,-0.00045559740640318294,-0.001217828500203194,-0.0014362885141247996,-0.4091193468352925,-0.007810406463823226
0.5308602499786613,0.11052734970680059,-0.0025396198894149357,-0.010954659313590964,-0.0114709759744748,-0.010766554528417845,0.011934654384495237,0.00041231931004287806,-2.527819321396781
0.0056972586666874546,0.02540343816374517,0.007751016846655954,0.8719719306132027,-0.006624818806104965,-0.002091040834243309,0.005796110788288632,1.9300697415407946,0.012317610248770178
0.059789223581628,0.002693487512944803,-0.006477481481676251,0.001733648768963614,-0.0028531066852957674,-0.005346193585140474,0.013007144715676565,-1.4032460075415127,-0.003178892897696066
0.007703969098054894,0.009964920615131061,-0.0002447947201780194,-0.012873990029621044,-0.005813884679654853,-0.008111380345129563,0.0239401308428189,-0.004701032790382012,-0.002629666212908144
-0.005409289910353187,0.0036353158247258875,0.003231158688128727,0.005872596728468743,0.002187240744457697,0.6735755342896995,-0.003382238712819459,0.014364769339116856,0.0026621948075798672
0.00381177332930549,17.37305619313195,0.5151121862546688,-0.02107191227730465,1.1915760798506945,0.00345264775947407,-0.006439481690114934,-0.015687470795418268,-7.050631637110902
0.005589706906210065,0.003771833192060741,-0.0007266791346737295,-1.9242118459016992,-0.003870274236305333,-0.011450569818922621,0.6661482848075937,-1.3463987185537463,-0.001932877223978731
-0.004952398291616921,-0.005734712008779227,-0.0046179827794315224,0.003074865145634915,0.0352031816485628,0.04481920792397209,-0.7883127563573316,0.005183986364755062,0.0003515094132097952
-0.002984045518235017,0.0028949718885600013,-5.427850722571157e-05,-0.010188744976889761,-0.0007364432800853197,-0.00030486068901316174,0.01270226939783432,0.012595022123069156,2.264939753438445
-0.5709352376525374,-0.33354279667426345,-8.81257003938224,0.024625536652951335,0.008154485833471406,0.010409257419910514,-0.008956881294278296,0.008047804194368333,2.560464892228426
1.1223630841866843,0.007992968507892228,0.004923141853810535,-0.02422446517867794,-0.005613460734601228,-0.014357147874917566,2.7480605051435902e-05,-0.9441526757137868,-1.8875492586210036
-0.14998637735551298,-0.007495803330179617,-0.002788465295918245,-0.0030380148917917484,0.008868444179063156,0.6989554503535004,-0.00033258735759421343,0.004806346197259493,0.0020640404906992283
-0.8866749888989521,-0.025580636378923678,-0.05528701684780715,0.00173645189067386,0.0030073022236704883,1.2687577002438721,-0.0014136357990766207,0.006772953252876321,0.0003866879372119922
1.953679547082768,0.0022600502933299254,-0.003126046060164339,3.4950159979928905,0.0003382714802746458,3.2550737570401e-05,-0.0011969401764756558,-0.0002882048852618143,-0.004971098776846088
2.5030808660531925,0.018884035605008453,0.0460157635260799,4.331984459109485,-3.524055212658226,-0.002560203376699155,-0.6785161394546094,-0.001192349524091349,-0.0020029962580463464
0.008765375262608295,2.9036773732772527,0.004475552886773246,0.26859943387592033,0.0012292984743804483,-0.00014059307123081687,0.02888433715033832,-0.0024624726269649767,2.8454767884663914
-0.006959285131356796,-0.010942893157976807,-0.013712723323472654,3.288861123761889,0.004551187637376799,0.006913991223121611,-0.009996758822174833,2.7485332729003287,-0.0023021737542663068
-0.003527468660219253,-0.007008851696813477,-0.0020571225925569234,-8.285006013957966e-05,0.003927647688928745,0.0018451988399973292,-0.0031460181046371683,-3.12110064121263,-0.002025079293760168
-0.0020844359428440493,-0.008146474953624524,-0.048385847041687975,0.0014818267326093051,0.19889416350967526,0.00466031426701111,-0.005734957623561002,0.000480038070798737,-2.0257379025075344
-1.0709203972522632,-0.0017624333458576974,-0.0017574610540128932,-0.005713984207857091,8.030008865710786e-05,0.0008199558092705818,0.0052635658861371545,0.9940338155282471,2.4780062969088315
-0.0059848608752206545,-0.12298621395624654,-0.003043984413654416,0.0009782716793166335,3.3341483749049274,2.507119308442725,-2.1203303068428028,-0.008984207842143599,-0.001237159905565926
-0.01950821840291817,0.0001490488051291541,-0.005108086568987072,-0.018923458140743473,0.007166845839077182,0.003350782630580727,0.004204643182643275,0.19097113395192233,0.004226753308125058
0.010841407482257676,0.025117507251707305,0.0014006470552852257,-0.007684562523546767,-4.574851076725494,-0.8113939798434142,0.0030771352445455175,-0.004886819487511629,-0.005188658399563328
-0.002424157954520535,0.005447973318658426,0.14947830703807305,-0.005049961264372212,-0.04848395310550957,-0.849809611549965,0.008896999419023728,0.00012163746080309876,0.006274444493186336
1.564295672371449,0.006894290864611106,-0.00835908238826705,-0.00027514672061741143,-0.017346357759977282,-0.3111434804528957,0.008394272307214679,-7.555098786613837,-0.005115223208249142
0.0009500241694931078,-0.22562199633826818,-0.03950453170477519,0.03241420509450227,2.7649175624100266,1.7718859897860781,-0.027285601841694818,-0.006097956679391725,-6.506087519115638
0.007297791914583128,0.014716785356969787,0.002783404136222094,-0.003835831397108121,-0.00676899647749684,-0.7740607586455518,0.0063086466396751265,-0.0016993377588825917,-0.0004787390868507251
-0.00015378767546997407,-0.04525397598918862,-0.0029138961561918273,-0.001345162132781838,3.1370901784393324,0.0019511900915013258,-0.02487175998800805,-0.03070717566150985,-3.8226708140611794
-1.5652677734337301,-0.002905731326302904,0.0027613814681595504,-0.003512351140406253,0.00020008738775863753,0.000991142459463448,-0.0005667178511323638,0.0022384346379756065,0.0029468341679822
-0.0010321952403693387,0.01837404131324477,-0.0036083940787886215,0.001204895283130416,-0.9508562729969059,-0.0012482249103474338,0.010668534993045495,0.20790853661566017,0.003054459203582804
0.0011220644374426649,-0.14242158075011518,0.002089484927282656,0.0005463053482822849,-0.0007253671984438492,-3.140464986471984,-0.013165360263290293,-0.013548031825272248,-0.0017821636138611284
-0.00030923991691398506,0.013364745452232159,3.2894046778070845,8.14790237331652,-0.0016522446164550161,-0.0003808922186627796,0.008020815457366715,2.4511027023618643,0.5871077882393267
-1.5217601828863654,-0.010356884855082137,-0.003941266293677755,-0.00615893897047904,-0.003976380033065042,-0.002251250192765423,1.4512948530677703,0.003064106938288312,0.005884731290920285
0.01239702776205509,-5.014077359108249,-0.00522037319531124,1.9883709703409522,-8.600470642532116,-2.2459101957582774,4.593265208627493,-0.06617752738255778,0.0021195279340878725
-0.010624401392039587,-0.0012617005926578045,0.013351882698538313,5.555823292654386,0.00186572260385846,0.003322498589177077,-0.00036795688269242784,0.007793373614049602,0.09073290741304033
0.013745254544664768,0.023562655276837208,-0.000445045778535897,0.01932340511033022,-0.02050621971916944,-0.987513836171333,0.07323593752468394,0.001248013810732238,0.0028351218159362044
0.010009850147363296,-0.0032818396188527693,-1.8607671225917575,0.005587205495950898,1.2137247522140315,0.0012624302908678768,-0.062273056355063194,-0.008774847555339037,-0.10153645482853568
0.16188619136466964,0.0966497666463011,-0.02024116812150096,-0.015175214325254871,0.004777797132897499,-2.277195730146353,1.2785502189733418,0.0006076055393938323,-0.032866567788126244
3.3159934226933574,0.004175890856879716,0.3825483221300503,-0.020932633808331633,-0.008456086625091813,-0.037347477362276234,-0.002991052402953276,-0.2332242184635792,-0.0037685990855515633
0.004970551187798235,0.004336872270095333,-0.011498478641862611,-0.002177154056561455,0.04461166864195931,1.3841546830897125,-0.014287482876416513,4.342643585280894,-0.0736075469505868
1.2155070078508607,0.000283047300273187,-0.0019427891052344558,-0.0012872442527947351,-0.0040893092622875556,-0.01918455146755203,0.0029489092198582527,-0.049431586332912746,-0.0029844076596482957
-0.001097604679756464,-0.040483121621328486,-0.39419469301225146,-0.01876275178980013,0.008983641607600073,0.0010119829572704823,-0.0053619492989286895,-0.009382204523750326,-0.5110726685352982
0.008028340159881207,4.10405704178482,-0.001161963861359222,0.0012768969355396453,-5.948688280355185,-0.00951025333948835,0.029241177836991705,-0.003854176618978621,-0.0004776587463660494
0.0016580722499621864,0.006943579797862032,0.002147837165160474,-0.003902146128492162,-1.676133050819248,-0.009500037254017282,0.07055871420922694,-0.0016258042274743516,0.0007149187064607373
0.016813522095153226,0.020302524022223614,0.006489711250086206,0.0011070788071088568,-0.019656448050927117,-0.34723954006316815,0.01204769087883377,-0.0030941096526030673,0.0006890635241033605
-0.009241950877766268,-0.05368311842770823,-0.005928619039332077,2.0078974622718437,3.262932060954943,0.014366981865706507,0.004468044816481154,0.003063566837912834,0.011417569396511536
0.00020174702452169235,0.015674949122622184,0.0017855558693266951,0.002205007065830558,-1.2669893162399681,-2.0030025398846556,0.017681906894766064,0.008418957494646245,0.004830610484363378
0.002244064562446478,-0.0032635827439013465,0.0016407038387842299,-0.010897810614783903,-0.03607158615409908,-0.8784551324221701,-0.019106804271285055,-0.0019473436543274766,-0.005720719782254845
0.0033831787939214084,-7.64452728994479e-05,-0.002102096060750871,-0.004917969151712286,-0.004269712303687348,-1.3278327948928264,-0.0005902809381983301,-0.001668134464235912,-0.0026272484964233733
-0.000585459780726844,0.8732860887831412,0.3811189818393387,0.021197380321931143,-0.010982469350164722,-0.0005533588863418965,0.006874555835618502,0.01204421351622242,0.051624153748917025
-0.0075895283331305075,0.016165676385522965,0.00820401248640397,0.0020575762882218407,-4.196360563983603,0.004729382124521342,0.005016423687825231,0.09827577024457834,0.010054496060225656
-0.0010966149585801721,-0.0014793448016837923,-0.002297482463304715,-0.006360743335426968,0.002376733502000337,0.0006385806914915056,-0.000806886212813419,0.00015567085646550283,-0.0015651434252353053
-4.825495294003268,0.0023417680505265614,0.004148258409287106,0.007517041560820452,0.005417593049665548,0.4067023619806273,-0.005823684269472065,0.020214270521692716,0.0019464433224873345
0.0006125853660180255,0.004859550905044685,-0.03086902172805607,1.4564782020032754,0.0012975578281312211,0.0006556113588874,0.017096876750268195,0.0062718633552154976,0.0030024114867182507
0.033051426708737966,0.0019309035636246022,0.0005099835909167516,0.050280168950006886,-0.01061647188501913,-2.982930461382825,-0.018737901612701113,-0.0018530103120111413,-0.0024505483742991233
0.0001479606286026911,-0.01012367162326603,-0.0017210024696511297,0.005926117321025156,0.01866473217300796,1.3693215360157027,-0.0026398321635896366,-0.0034907106483388285,-0.00043986304333294354
0.005129865512628118,-0.00262782797874897,-0.006493949252992105,0.007712883824913433,-1.6328525360910824,-1.7015726295578242,-0.0016011571370456792,0.00018088989412140544,-0.0021300218732236108
-0.04443359131676527,-0.03405846288653097,-0.04448021653507783,-0.0037135726604617773,-0.007382655527425563,-6.534772263398575,0.000978700498529217,0.004647394675844572,0.0003477494500993411
0.012177476202882967,0.010874999435791302,0.0022010379659417574,-0.5620359294786437,-0.005550587963275204,-0.011578383713673007,-3.2038440606804746,-3.641170324755609,-0.05308471555908478
-0.0010215210501132495,0.0023960552851055457,0.00832128980642233,0.009323188217597549,-0.0013255355827915974,0.00010826735884624363,0.001433026394208468,0.004633871426267151,0.9467178414427982
2.932229162170259,-0.029199413693516474,-0.2767821214173585,0.01598722049419338,0.0042273981350857415,-0.0016719712441492923,1.6125337940417284,-0.05539323715148761,-0.002886192334285477
0.009702909343052384,-0.0008057960972247605,0.003806908877967259,-0.000500882002316445,0.018393948272857508,2.7210161498614593,-0.1534110790905403,-0.009221902426863882,-0.005791483511777183
0.0021983829864172665,-0.005236136265512449,-0.005599693587145253,-0.00730135466462519,-0.0027204677870240057,-0.004505686660763207,0.006640547666391254,-0.14250343246370337,-0.0019790353096173123
0.000576964302332977,-0.005181728767466605,-0.0040783268861948755,0.0024731894055556466,0.0095255951608639,0.0028464929729139733,-0.010415841088710635,-1.9059285886965738,-0.019287663522947515
-0.00283761540413189,0.6483716922556169,0.0029061269428072565,0.011566565057298807,2.1459903841324652,0.284150133502604,2.821311742283155,0.01725766317042652,0.0071737293296717485
-0.02465326808309065,-2.6115344200267137,-0.00703297205783629,0.01652963902039084,0.08626637126331627,0.8613501413912938,0.008776136505942778,0.0005944081136919216,2.4667969280475184
-1.0734135212403553,-0.004148808419705866,0.004193365323269641,0.14063927683212482,0.0014023232963421908,0.010380859554156352,-0.0015227630314909764,1.3635062210221593,0.057847033239306844
-0.00227554428560811,-0.00525176028972526,0.0018962166253336347,-0.0126852263360382,0.007956405175030597,0.0013863177654138532,-0.002869810272685498,-0.0035184832796549027,-0.0011399134340328676
-0.0015935162112989017,-0.3230164905895163,-0.004416779956925171,0.0004468972086743017,-0.08028285600428152,-1.0385263920417531,-4.254940517246226,-0.001034657102599805,-0.0009421430268554409
-2.238750265563059,-0.0619548127212996,0.009615351064273976,0.006066612659069132,1.5081286098847588,0.04547500005778948,-0.00426866412295146,-0.011471067330512837,2.7298663918061816
2.9316054227760375,-0.01207390668882866,-0.0007511373452871763,0.00395588515818121,-0.0026418258203309425,-0.002399713782522071,-0.42208815784811754,-0.02964326617337286,-0.015818180079261293
0.005565705962537484,0.45484745625597256,2.520923310484391,1.942649622737323,-0.012953889139470633,-0.0027656674721851515,4.620751632536442,-7.970484068664204e-05,0.00604716568779376
0.005366420338901587,0.0018856980093679336,-0.00013241251545874436,-0.017798918438964004,-0.0013734624551652087,-0.0024144245776953122,0.0006575796824567814,-0.018305151448885275,-0.008483826171200663
1.0528357409540012,0.00297373564892944,-0.002983805595539558,-0.012598122473565917,-0.0005925958590748143,-0.0030625517506032394,-0.0009252521930900055,-0.008107356100716051,-0.052260524349012655
-0.13091996449381083,-0.00532864583985383,0.002628863763290558,0.03407273387051892,-0.0023165904685502753,1.3380677010861104,0.0061722222161430945,0.009516478189655803,0.1341869581205647
0.001385487915372587,0.011109769342395921,-0.0008240370642948053,-0.01701468337534507,-0.001853919492619066,-1.472330496936273,0.14281916108349835,0.00017087954823784193,0.00021388546785049492
0.005369521948250654,0.03295994582310546,0.03724671903632473,0.001148326434761475,-0.010231350266669645,-1.0007042183859247,0.9574242296510631,-0.002522742566555443,0.003917830280116117
1.7934760750852154,-0.0037621879604982367,-0.0008447100408120398,0.0365234356425483,-3.77704265933607,-0.006085827982983905,-0.005089404541285656,-0.008131372818953736,-0.0019140070457561876
-0.0046895053979845586,-0.0726067489452123,-0.6103573881431301,-0.013708211590646516,0.011699042470431631,2.327306974292328,-0.9490522898238662,0.00026619233935396697,-0.014725989011156203
-0.008799087147586752,-0.005409087938324762,0.006734364171985988,0.0304287294962875,0.007644327944212048,1.0463174944972793,-0.0012202729081191022,0.0010786174002489143,1.8806384492001618
0.0020761334388603794,0.003428523942469869,-0.0021265679647658187,-4.215373670047509,-4.135003524415969,-0.002333462075808479,-0.024777087506013984,0.0013837418258580165,-0.013043610338443389
-0.026937637901491198,-0.001327263834807353,-0.0028393832232960687,-0.002596202116396429,0.0024658391322236292,0.0021622615346047445,0.003972488091754386,0.47290972274579257,0.013020259281945619
0.0008811182227990884,-0.0041642077351222995,0.003257936096084214,-0.15610248098555787,-2.1160101587721525,-0.02141124865816782,-5.666046894465583e-05,-0.005454149696653975,-0.002745335537101414
-0.01509151218884449,-0.011790306047278945,-0.006850437080147401,0.7277602027212755,0.003946673915846743,0.0036215361762053275,-0.0014328889824049965,0.00997550811532601,1.6488470220534608
-0.1168341999090009,-1.9482047712916692,-0.007999251686346444,-0.0010083631976618105,2.4239582414915315,0.011031595312281678,0.004960178001900739,0.005738105505568043,0.006511540051879389
-0.03143917301137762,-3.8377721135298746,-0.009659385472184603,-3.876690182517857,0.009562868019127313,0.02351370396835789,-1.4566937411675003,0.013695122807922037,-0.0002965411314703667
-0.007390828037313464,-0.013043151348156541,0.0021520199628013437,0.024577957508182233,0.01614946418676821,0.07466177649110063,-0.030797573007682037,0.0021397083778039285,0.003418988627449681
-0.002313964335348485,-5.668874832685383,-0.00020883748011397973,-3.641498322096186,0.01366266808046357,0.003085833005433296,-2.235234403760604,-0.001899519279990507,-0.0034122135913567664
-0.7825072630063749,-0.005904297827388334,-0.001065239818292138,0.0004083945997384805,0.007835252459305761,0.006208207031114719,0.0020026827744076894,3.270221714191737,1.9434056751052387
-0.003106926164725493,0.00356042059623915,0.02626825228959278,-2.5032190383320527,-4.79967978302159,0.0006421746548773977,-0.910587470502744,0.002233609532802055,0.0006608400126504811
-1.8823253851207409,-0.06678307735026534,-0.06388219609103603,-0.001980622234056848,0.008348924447841868,0.017271358545835752,-1.78204571239643,0.0050201964407832304,-0.004307553451252395
0.023981421496228398,0.010616171742695354,-0.06236358817428253,-1.36270268854336,0.006184060046200646,-1.9238414546193412,0.004129991062766791,-0.0017103378946980597,-0.14888340240986797
0.00041326578266389496,-0.0011602398474101772,4.1251592632402865,-0.006431684208111417,-1.3196682397527235,-0.5808676245130888,0.7007822129162355,-0.005457988645282581,0.006175383338597809
0.0018269307326866276,0.0027745657039300207,4.893077944230177,0.0408990029692905,-0.07908247674784583,-0.0007706957044781703,-1.1892287407138367,2.534204314398631,0.004511276029749406
0.001965403717068508,0.00877564021678172,0.012166695926550236,0.1979697714007823,-0.005133925318853334,-0.001748026545276824,0.006675464420475004,3.829983814271182,0.12082847088198528
-0.0005305933219992287,-0.006318010459928608,-0.004528470603406128,-0.013362690731110613,-3.2904851278038922,-0.002558548864302096,-0.11281313485651344,0.0017988531276974529,-1.8107317663440936
1.0847151656750744,3.904198783952159,0.35384237359044135,2.345544608035947,0.015922487175649022,1.3986426375305463,-0.014612735468851773,-0.009075576980412565,-0.004248418646450803
-0.007494142828213133,-0.008027463300486997,-0.0005117040589868588,-0.012485410398069769,0.05892124004499882,0.008515346530877724,-0.17481106478803551,0.001923294431528889,-0.002141919884177721
1.1457919885322112,-0.012431043251556355,-0.3305508319736453,0.0033290220393118134,0.001929894449397257,-1.5453686339612902,0.001973948309954107,-0.058885995351425816,-0.007868519288476442
-0.0002779086078511673,-0.08753234272615174,-0.008381904044044559,0.002204248414728908,0.2641810096153913,0.0027672105838246197,-1.6879554253782743,-0.0032574625148278774,-0.0024376733933843446
-2.007610273602492,-0.0010125110796628198,0.3421159166767743,-0.0030823366272022855,0.011618743811119027,0.018299195012036366,-0.003593850140477188,-0.0016786639612257422,0.0034319601466486424
0.0028921542148011292,-0.005290869804638165,0.003930378137217351,-3.0170153458721867,-0.00789140315147007,-0.00767937404314438,-3.2909969823769347,-0.010789093461710673,-0.005336525326636719
0.005314613263355708,0.03681150551365159,0.004016216566255726,0.021821045746521144,-2.347857243439438,-0.002526575541025561,0.009546116744775995,3.585744649654744,0.010163849826939353
-1.9370591063156763,0.004760000917558849,-0.0018839590268040693,-9.97988618505687,0.010285073515337612,0.22518784356054056,4.351258510697376,0.03857488009882376,0.008084853309917152
-0.05984167224047954,-0.0206381008725649,-0.0604871462835625,0.10814022302750304,0.004994082417567469,0.006314317341248781,-0.0032636517000336762,0.6641344432304566,3.1973731814145374
0.010328374298064852,0.0432441462272366,0.0042640663314752305,0.0023957238158989844,0.0035586075108952992,-0.0009466603417273914,3.6045668009637892,-0.00484692025534836,-0.0022549796198640185
-4.033081607206131,-0.013965188771758737,-0.0021052183620243643,0.007623789504464487,0.008669908280906358,0.017108390097868423,-0.004893287543394659,-0.003170431006591652,-0.0013208587307001335
1.2538753193471976,0.005755558347541021,0.006134514785142769,0.004456447702688405,-0.004110608344988078,-0.003925934521992524,0.0006796501517730303,-2.2484004126519945,-0.00025755054882473094
-0.061700170634768126,-0.1607201741604536,-0.003514468598530443,-0.2540291333093858,-0.0032079947893512983,-0.006668640699241363,3.242266650696301,-4.187742643945131,0.001086536487693815
-0.9473640336594105,-0.004485616290664508,0.003670363213409307,0.0032044173916884544,0.0030247037937588296,0.007785790138875947,-0.004271114454240658,0.005043962275149104,0.004395872919038875
0.0025481731824012056,-0.006902757829001857,-0.010092710459531425,0.0057962984670668115,0.004099051886869686,0.001667180360320453,-0.01437759138982813,-2.6527781530474686,-0.09686500805383713
0.0007422736235008314,-0.001914154481081369,-0.005863919121160037,-0.006208893949787948,9.39023242221837e-06,-0.0013015611275621723,0.0058826510204765745,-3.9947965820939784,-0.00208143630394865
-2.5746871892173067,-0.008108921794255592,-0.004963232214366425,0.0046062590582688495,0.005628304408568541,0.8216192092660973,-0.003506095062205339,0.005112041170155893,0.00021141167549730555
-0.07731872755617744,-0.05972696000174077,0.004515416500445181,-0.0023221665216484858,0.9287161852477175,0.1797469842740138,-1.3560231414621438,0.003231529297112152,0.0043717633517874385
0.0024342851921375207,0.0079329149577661,0.029519732925630534,-0.0247925679144303,-0.01767050149576358,-0.0058262537719388574,0.011908866009183984,-0.004143804083963129,2.8596252667045143
-0.2636238275305932,-0.010123215711251759,0.0021136768202150436,-5.300560756596111,0.018012440561837754,0.009176243241109957,-0.0044019375287321204,0.0041076050059815974,3.8040662926101763
-0.005163995462881321,-8.17415894154421,-0.0032267844769335724,-1.9001106527376277,0.015561130414897317,0.004215720456407016,-0.006677767184823463,0.0015610546724676394,-0.0026796207072887854
-0.02227370753412183,-0.01031012906462753,-0.015793397888336905,0.0034235611333994576,0.0070414223870332235,0.2709371824315238,-0.007133544710531301,0.01566815586923052,0.0008947749939269673
-0.013930798118181376,0.008972863881095416,0.016452373725019474,-0.009596169432349491,-5.014599130543122,-0.0013100307978645143,0.0432073047869318,3.117321869238989,0.021865057565947865
0.0013279908068437388,-0.013962430710938667,-1.247027548875369,0.003454263115764647,3.627272353433552,0.0010892963829529506,-0.007599449539110647,-0.0012779958885141586,-0.0037471225014134545
1.5238254632377635,0.011101933480056633,0.012638137776523478,-0.031010098572179637,-6.763651136937332e-05,-1.7732930062355288,-0.0049891829494111695,-0.011640718986020074,-0.00911125359613213
-0.0010868582796992737,-0.8482088397036227,-4.353607730870694,3.4835917249308728,0.012687923749086973,0.00568352485539432,-2.328373493072454,-3.0200971867243864,-0.009468232006904054
0.001371310605298951,-0.0008205542320126139,-0.0013632516126557044,-0.00941769529566617,0.0049413719984972475,0.0006951386350385342,-0.008159143021568642,-0.0044935158810850955,-0.023225095895223896
-0.0001104344378501862,-0.0024371152892131154,0.0002745867780295368,-0.005766253754006373,2.1032345063160958,0.0008058398237945699,-0.0019474328985345506,-0.002136317917586947,-0.0017514333943982286
0.0034468208756996614,0.005779045671843868,0.04183232978536679,0.005233962199580597,-0.028864498101689774,-0.006100031807036336,0.022683253427898276,-0.00392587774027493,0.009004183427285097
0.003633356744956781,-1.280185054289002,-0.007932521578833767,-0.005322473377823485,0.8293802041059681,0.00016721740365582133,-1.8307093844881712,-0.7398861456756674,-0.017713988100531174
0.005714836875721264,0.003596542159668723,-0.012339858010539079,-0.00010669289252781058,-0.0008933450244333137,-0.0008918773541310861,0.002672138122311633,5.5342131940232936e-05,-2.3871037774570576
0.002591998116208631,0.018687013805785586,0.42362937870581285,-0.028428584041956,-0.006937832577721251,-0.002860069580809573,0.006068796869132826,-0.0013976347402367278,4.655027773175684
-0.011178331950016693,0.0015864538331873306,-0.0006945700432883575,0.0007138251352778323,-0.004345773645985679,1.817897739810915,-0.003047795156659941,0.32893244587538295,0.001524880308761252
-0.0007613722576366461,-0.00439647962459074,0.0014470449626742387,0.0019546144582353185,-0.041803535025092264,-0.009624664877040851,0.003540916164097588,-12.077183633791954,0.017755870664814544
-0.008024117801080317,0.5974723780853939,0.41209234586182264,-0.0031248698957913592,-0.7081252225607525,7.4936546844081575e-06,2.6221530413553014,0.034838347577068225,0.023335579698055914
1.7546947008358886,0.005114415134283812,0.0008004346321526801,0.00018208933594220783,-0.006589014342955127,-0.41851891226677373,0.008536190971070098,-0.005325440116241084,0.0009607969162567787
-0.0008154543573776849,-0.008661736012909982,0.004328189509455498,0.015126218370362494,-0.006720164600108073,-0.0029844332434397873,1.5556574281436526,-0.00690306074765433,1.2289275477313275
-0.01799966427324276,0.0012697633349660342,0.015824626400986135,-0.002688691844477874,-1.0573900254628548,-0.00023307078873925288,0.0116787099776564,0.022660458766836575,0.12542396631282116
0.001688089263329075,0.013826162926849789,0.0070998773336929015,0.01280792949363433,-0.004835861608328791,-0.0009697968044144715,0.005022877313102563,0.012145760467221552,1.544939174663619
-0.18955299415717253,-0.014690659778625034,-0.0012428583283849992,0.023146884079671113,-0.006774564993190235,3.506991777718302,0.011858372158554231,0.006215074037327236,0.029363428378172143
0.00022873984089484545,1.2948110330434597,0.001997909378031213,4.8303660082540665,-0.006753483923676673,-0.000627713982289186,1.9998018943825255,1.2424836067982088,0.009118226858571776
0.0023830024363755645,-0.0010986080015796046,0.003165972500803086,0.005092242289930797,-0.011527511067001745,-0.005235989316969199,0.0033538290450791583,-3.112197395272937,4.029458100978422
-0.42270866872633284,-0.006553403591689714,3.0981634787665153,0.0001785610602017644,-0.0019566191785680455,0.0009981450315015893,-0.0031017929476299527,1.7070803175418918,0.9148663538502015
0.005032581147063158,0.012368717018052179,0.02696390108285715,-4.052457755576901,-0.015036232239860123,-0.006028730550333405,0.009468251166041837,-0.004655300983140043,6.211883690051781
-0.005723742318676648,0.0016316532990023548,0.009991559466904077,-0.010218429405546021,-0.0030038697499709076,-0.0006894811786356935,-0.002766588036536309,3.283636890723682,0.003607200252208835
0.3600752828571447,0.07938862056246862,0.00984077081979906,-1.0150740623369574,0.0007385150734955936,-1.3337362211737531,-0.0003649070397198778,-0.006116943866153095,-0.006676722621208945
-0.010016880920230446,-9.251816231659678e-05,0.0008563276674446371,-0.002118785132333189,-0.0015221322033241909,-2.3814325396700158e-05,0.004822291815212607,1.0144444366241894,0.024941737279657487
0.0034432855634295616,0.006670761713142061,0.027820835337153647,0.009033011985356687,-0.009953565917390474,-0.003573609720851703,0.03507117634372789,-0.0034419785918225264,0.01067875384398718
0.0037520375143726414,0.01940483422094476,-0.0018909870662142765,-0.005299731083182788,-2.1373443115538686,-0.007605011067891965,0.0011170454617554929,2.640804164122359,-0.005064932353779347
0.0026156762752068373,-0.0014123016340584064,0.0006840811770010153,-0.013549572927581998,0.0005038772470130444,-0.0006255754054513926,-0.0032257601679917917,-0.7032351888356163,-0.013503613730122028
-0.0018654576055884067,1.2809843735094723e-05,1.4524491108284519,0.004272394498132803,0.006801228135042803,0.9554354765431274,-0.7720906076549743,0.00014012847455474944,0.001467260394291174
-0.0034289262659570087,0.01183463127158324,0.0014426091707955661,0.015114407438352847,-2.0475029649930834,0.001269405047175376,0.041699016579826255,0.3579989426493948,0.02009272804449491
-0.1104298827418565,-1.321317953393987,0.004411466916884408,0.01450250976697385,0.007746110052745121,0.012069862011325204,-0.0010689159007988037,0.0019537108548727824,0.019695814420823243
0.1393629046596519,1.3740444536814227,0.024344785659593457,0.002538500125605643,-2.43251482844914,-0.21290125648301217,0.002488823515868377,-0.010988487924992775,-0.00262847666132569
8.118759924593859e-05,0.00043391543246891294,-0.0023954120139548047,-0.00382351564902201,0.002695670294850529,0.0007717225359785949,-0.0020725312433219007,0.0005397316435840491,-0.004136745997819253
-0.0003983305850430094,0.010644781764483191,-0.0033892872306197116,0.008191172679215177,-4.86615701342014,0.001416396726752353,0.0049613998142254475,0.005832529532167516,0.002298587413711327
-0.003723050505930789,4.622268207849357,-0.004057146065586395,0.43911928722164284,0.008903377667940665,0.01958085548968458,1.737360600936249,0.03473480625131489,2.855230824713291
-0.0036187437777044466,0.0007815452211018259,-0.0005612928844482071,-0.001518035614368844,-1.6801743142980474,-0.0033208946085915778,0.0061161710705806786,2.282208346760266,0.005347679687717183
-0.00957957490467597,-0.04364808226344935,-0.004577572711004049,3.71534018237521,-0.018339561393199033,-1.7610138206241628,0.029414999230802902,0.00031078818044720123,0.014464276265926605
1.7266375063607808,0.00039860761145381167,0.9308409128808096,3.9636339970382255,-0.0029504598790564066,-0.0025468357098279233,-0.00993586042407088,-0.044577845765116,-0.0023740136157470613
-0.0029034400391307943,-0.0012530133751794533,1.0076897187447609,0.00617625790877928,0.00023555141764844412,1.7267148354150141,-0.013074934485290873,0.0004345564852725383,0.0025448602289962832
-0.008861061703936572,0.0026669324980644338,0.014018922635200166,0.0088194389401538,-3.1845471284390796,0.00647345526281079,-0.0025729147957490968,0.3948104176522318,1.4839017631660776
0.013081445861518291,-0.0008246062358412687,0.0007318194370169312,-0.004196825435274361,-3.9873163090195938,-0.14814172378285795,-0.006114412229096925,-0.04656838129644596,-0.010028372858877432
-0.003063790689694705,0.0025284156048241014,0.0021623068104624967,-0.014286920878395391,0.0033237122885637943,0.002105061939499887,-0.002630379404423827,0.009664715426166886,-0.00038855355909891596
-0.013493353560986708,-0.00038828509368513467,1.4911034375395684,-0.014995293411743079,-0.046439472006193916,-1.912584428362437,-0.0005298284575627199,0.0016217100098309817,0.003444851397767809
-2.9461367496561617,-0.003828064964418951,4.7619742366457976,0.004436706719023095,-0.002070789988799719,0.005975265034108864,-0.6251690081478791,0.03258459359351845,0.0028333551240031507
0.0025723984262567856,0.004821524926308791,0.0026335723495802296,-0.008900344908177963,-0.010739090511548517,-0.004569487766215634,0.0038116881849293563,-0.0018332043368912512,-0.0006402418689346605
0.00034458093495438045,-0.007233147644643471,-0.004895471595193071,-0.004654497211712644,0.014781170882092827,0.0018252119564588615,-0.0066740711183341725,-0.7667140541241938,-0.019218781122803917
0.5850510022952461,0.008888189157182657,0.010241561215906358,-0.005284042220292946,-0.0037653389603211004,-0.6674916699293081,-0.0002516607435886671,-0.01441315523820048,-0.0034561767303583554
0.0004889869128373832,0.11541121770129772,0.0060275045862180875,-0.006800556739683543,-0.011138661973550817,-1.1583965098240991,0.11127633824347427,0.002622555157291352,0.002786649636350721
2.160726161032702,0.04590070398452761,-0.0017407043441181047,-0.0287198970702906,0.01398751687666877,-3.9087682391933525,0.008054971353260831,-0.0012914247160954462,-2.718120064354448
-0.004946712622977387,-0.0922482166534192,-0.12376307176283748,-0.023505580409577426,-0.04442656196956503,-0.006260080725828038,-2.0617195398905572,0.0039835538986283565,-2.283205209757403
0.004152936643426402,0.012096079022246145,0.08484421882981899,-0.003640044664934854,-0.010961234130394355,-0.019056615670114102,0.8887416824866232,-3.2926956942759955,0.007855547312160378
0.003363330498152785,-3.69466639901022,-0.0039046741955238856,-0.002344965663673041,1.6352372754204358,-0.0010841728290311228,0.0002733765482217307,-0.010346431536559364,-0.003113209596525191
0.0012829630017752724,0.012485644182031352,-0.004051189666355176,0.0058844921043844645,-2.272656694515952,-3.999676205375522,0.012615148886721411,0.0310944534445885,0.003439178366300498
-7.299151161308376,-0.04056593439800691,-0.008082357661758022,0.0018323233579332883,-0.004293906438352396,-0.0007395073527680087,-0.03470949032968573,0.001375134404966981,-7.1373873104648755
0.007370235835888118,0.0023900125901645253,-0.0016457383487159343,0.0014861166715762243,-2.9829313154689716,-0.008793630061913055,0.00032183766208034807,-0.005151720893749686,-0.0031517095392614254
0.00583346674309732,1.0063266958816701,-0.008066552179125804,-8.193444454782199,0.008738195955302897,0.0031474550766322907,-0.004876175773509229,0.006825593648298206,-0.08822006873048804
0.008126844752666479,-0.0018435043047787814,-0.003604624075681682,0.04955211427686179,0.004080119568544427,2.6011085307628603,-2.0163733247553157,-0.0010177668742243906,-0.002842307692706679
0.0036660336474375194,0.8522680092650008,0.03238645312639621,0.007276207107170529,-1.0494330780711678,-1.5193059516923748,0.011547597569697685,0.000822756107260153,0.00761360994311861
-0.016097209521932783,-0.01446789322447355,-1.0111163227177327,0.00030662826562184806,0.012899939038329427,0.005763660324441045,-0.0011207624709446249,0.0062754328111676244,0.003447816480709384
-0.20415369284957438,-3.4699073417844106,-0.001613658303232339,0.0023201130564993347,0.0018296271844966197,0.0031801678152076156,0.006825193170596107,0.0059144801022387,0.012669813365689314
-0.013540903311492703,-0.02656076289451774,-1.037109255092755,-0.010334527692018546,0.0038029055066587936,2.5991610809061227,-0.005838871438021392,0.0025750090651644342,-0.0036285218250668716
0.0018064585445081091,-0.011303316669650676,-0.006095176707857903,-0.0020626187231784776,2.845895640085669,0.0026778947372842754,-0.018004998188096335,-2.3305046042871194,-2.0680713667543316
-1.9880742728401986,-0.0028564965135269007,1.0264249077946612,0.0008383097170181211,-6.344044882894764e-05,0.0015909474996170288,-0.0017845996607962194,0.000599473570635989,0.011904555245775439
0.010841003706956148,0.0016068114549973311,0.016476142378566774,0.0008298652825456457,0.0011257445489194495,-3.312379033027744,-1.6063096345676744,-0.6137932102597876,-0.0034222133459948234
0.0015559455888450018,0.08428539290772297,0.00717079739893463,-0.0018997438192836888,-0.014227715317869599,-0.0028325969816216604,1.084253891672142,0.0010377453843857956,0.0017157910833265717
0.0020910157638142704,-0.009395581415958087,-0.0030190425529210882,-0.02892551722914342,0.006785585117096058,-0.00036985589578257885,-0.9266172250311944,-0.021857085069323583,-0.03033716877833527
-0.010681745920124164,0.026092083005604394,0.06207327781373617,-6.941699252894718,-6.689052896534347,0.006669418937507388,3.466829399844903,0.15559412152561003,2.2578237859530823
0.002198673595237101,-0.006545122974049328,-0.002234134359497257,-0.010243199768723815,-2.5390151103856944,-0.8864485835726112,-0.0035237145502208522,-0.004739135890990426,-0.00535461072105399
0.004698833095185303,-0.0031481430790269755,-0.0025527380509885746,0.006844580784640758,0.0018765273712070122,0.00027392589670265674,-0.015844701531931207,-0.07053643106372061,-1.0007352001950285
-0.008050207447912378,4.299091577926795,0.00986240019141768,-0.0011668252120661492,-6.114443930478391,0.0004071073296543215,0.05669797231282814,0.007815510893156068,1.8232892097784434
-0.08834578668239657,-2.7227110015176295,-0.05478838492750418,-0.003313610988935241,0.010882336753947328,0.00247837004576122,0.011773390010046195,0.001024312847979894,4.210011032062925
-0.005402442240948241,-0.008394685591021732,-0.0024607105272955107,2.4513238547420606,-0.027353883458950845,-2.022645218655415,0.02122218228525291,0.0019155752864476708,0.01154233305687501
0.02579399907101565,0.006297357233345799,0.0029872361636907457,-0.006115725279360749,-0.005747003644114819,-0.0053390350472052265,0.0021305877513043674,-0.0366171966173998,-2.101501444714346
1.7537689589911392,0.002330218901338718,-0.004477762836800613,-1.7817669651204053,0.001549601318979455,-0.001582579290351275,-8.280882391113048e-05,-0.00873699193758264,-0.026313945315806636
0.008257013710119915,0.19232213749531135,0.022290984977384805,-2.4870349101022002,-1.2685620292196713,-0.0055454703535032235,-0.005560823365543404,0.003530973893959101,-3.070356791814531
-0.001651583046770622,-0.4077670777115555,-0.008613882469365371,-0.0037356409192495863,0.012953917382975029,0.002028706048717635,-0.1105095336924855,-0.03252650215601534,-1.293028711466988
0.02159996480728673,0.004673800521412757,0.025187936614916806,-0.00023075429916658789,0.006145607982993573,-3.760676222448971,-0.004065583442213666,-0.38995596851361836,-0.0025272383994763697
0.031252411696054395,5.719611809227203,0.005299685871255941,-0.0084873685229687,-0.006715867947889795,-0.11223095978546825,0.004814708632853104,-0.020859959196139973,-0.003273874043181674
0.01137497495930273,0.5653382493751383,0.040899187756493996,0.010770190496476734,0.0021031937446041827,0.00016383439586134356,0.0033329288868773075,-0.003735317715642228,8.763039755819081
0.008418484503688237,0.06521420020079771,0.01303617031326298,-0.11811062733669664,-0.009816337470962071,-0.22664934524299574,0.013012381679731328,-0.003796967367458176,-0.0012783936928429745
0.005310364973208171,-0.0016496242739618902,2.2726068361854654,0.016330876652909,0.0015991566191318595,0.001333640817226615,-0.27924990602641475,-2.5033048790720893,-0.004142997401014113
-0.01683064350966812,-0.00063033868802536,-0.07954142151663596,-0.004326137020568464,0.005711844178432429,1.49316762300222,0.010838260137324238,0.516510882504845,0.0016591167952160063
-0.0025940396343398743,-0.002768046882592028,0.007870721065588969,-0.0019325725980587263,0.002004007262842677,0.001107283516843153,-0.0018178222083457072,-8.011689451545447,0.0008252417275940727
0.0033807914965844205,0.002951127494709521,-1.2297125319690685,0.0031769197905625046,-0.0017780365012330934,3.600289057053864,-0.960070505142351,0.009982001967559606,-0.01342034062219677
-4.456234135907022,0.009280975934335967,0.0017220163866512993,-2.8834419546641503,0.024337723944159742,0.009868148556471307,2.71820667318967,0.0024320940124960243,0.003428216006990198
0.003273579244362437,-4.413463157170408,-0.011675950981617344,-0.0053672649494704095,7.597847123931578e-06,-1.5044105280751978,0.0003789488652307625,-0.005448467546610378,-0.0038245693040038185
-1.3063489915222777,-2.795372685315705,0.009593258064135812,-2.8100773176234437,3.2156776407649463,0.010956505030455976,-0.009115558236651555,-0.0024300736198051044,0.003105195020012875
0.010250460861394814,4.123985303629327,-0.007246862079668175,-0.0799891693556243,-0.010381926692342405,-0.007076205105070564,-0.004561602763026314,-0.0009811269567871184,-0.10368977481158133
-0.14659759460576346,-0.016367749817991366,-0.0025187498330724394,5.1643225480069315e-05,0.009701078168848624,0.007782318599927866,-0.0031137505796222965,0.004389215190416159,0.0030335792522421627
-4.035067166533401,-0.006356353534851644,6.644196499807217,0.012618946400246217,-0.005389321613483128,0.0004432065360567006,0.00023689322577011285,3.85626061105598,1.488705103366513
-0.015002712348138991,-0.07704170520568565,0.0023610707709733965,0.0028182875909258213,2.7791459670814724,0.011440926671198226,-0.0019015109676946641,0.002017004768671303,0.006392091030889819
2.8802692767689804,-0.0022441822717624675,-1.6231683862321238,-0.003729407298739397,-0.0074635378677507455,-0.048491978303526154,0.0032113806958959518,-0.004786284803408258,-0.012779609683317483
-0.001541949948366009,0.0009045600764294517,2.2503336485014813,-0.026523905592597763,-0.0030860472415191287,-0.002778479647053503,0.5455592399825913,-0.005662899171801215,1.9589880249096088
0.0040523107483780565,0.004191085388921693,-0.0017963283705545834,0.0039653359474420315,-0.025162757668983016,-1.5833664507331138,-0.0008748015741672083,0.002290063946541056,-0.0008294546424205736
-0.00013273932321271678,-2.5287359142630574,-0.7192482300326519,-4.638319172037111,0.03041434546165686,0.00312051667794621,-3.0312603634177044,-0.0018230970168560384,-0.06569275191301116
0.014963056205641593,2.590370233900202,-0.001175151589604708,-0.060124220428026655,-0.00552618723997355,-0.048270082342876525,0.010680138088817112,-0.005565279543701433,-0.005253572958150875
-0.008659451419958084,0.029388396743227272,2.8759878896673543,4.740760606769819,0.0049616814832627865,0.7044909566801123,0.0039407135480588225,0.03909583533048326,0.04357197613929248
-0.00017339626996222546,-0.005888529099925197,0.0017233339290978922,-0.01672132549044228,-0.005153051881266447,-0.001731241875032377,-0.0045970664933107225,-0.007915290576754178,-3.6894464337170394
-0.003783543750200102,-0.0014847539004092486,0.011251103662137088,0.012959062314739379,0.003125708787746255,0.8867267707108824,-0.005955534392884536,0.0012887105063555259,0.003599809799872451
-2.0521042001873244,-0.0027399040093781845,0.0001818786529955308,0.6376816186645374,-0.0004266686516280413,0.003056766368861582,0.00010760466609609741,0.016703370284698274,0.011989541695971911
-0.00021651769659999237,-1.8671624162278562,-0.002456248619301554,-0.003714643736198814,0.0038767594620564456,0.00044856214046360527,-0.02073602010242801,-0.8186345644178554,-2.9895173150257355
0.0037151625477249983,0.014037388185147187,3.0838302607222676,-0.004395731977427916,-0.0007548747967223157,-3.34965101155489,1.9418804110876025,-5.37763109783344,0.005316205197951285
-0.003834822559707848,0.0007331410185397718,-0.14507581386132673,0.0030885089332878023,0.002145906980815765,1.9087216161266738,0.004485389686372257,0.6748863879725973,0.00028126208779123696
2.6303852321164314,0.00246641660510738,-0.004468692034703972,-0.011793445183566842,-0.002985094878440342,-0.720075826753281,0.01831742417921378,-0.045525223780527646,-5.3287067788008144
0.0076741193554390845,0.0035569311145528886,-0.005943390661973344,-0.0008513411627746909,-0.00035996024439036156,-1.8832619110104334,0.005058092528197472,-0.0016132056166419154,-0.0019213612856365733
0.2164954591491739,-0.006915888636012436,-0.23564648570273627,0.004387322594909357,0.006365233204750909,-2.158840843898148,0.002804696889217473,-0.17902106031925713,-2.6225983506375483
-0.00030886626005439954,-0.012046859437848112,-0.013668780073776029,-0.010320330699184352,-4.334396300107447,-0.006124419502136491,1.7968381452329227,-0.0016907895113737956,-0.0020603009959710237
2.5183086425347914,0.0363954377671684,0.6150657303309098,-0.04311890449581825,-0.004088460277613462,-0.01937387375409231,0.008730746281272808,-0.0062020618509950306,0.001938773932066963
1.2838380963922784,-0.0014365534393769933,-0.005425796120737008,-0.007944579925402966,-0.0026793487244583074,-0.02260089760479487,0.0007140619989220304,-0.2469207820889208,-0.020586830198289087
0.02117262114539198,0.008587412365514602,-0.0035728932440816513,-0.005931345098561441,-0.005994103321146582,-0.9096658207596153,0.847330925854541,-0.006674623109067801,-7.518766353431419
0.0016209697511244334,-0.004792290574196224,-0.0008240297519760825,-5.0241249571236954,0.0007769711060863493,-1.3537551954112883,0.1357510350546285,-0.03556981628599301,0.0014442384043471396
0.005080294832460615,0.00890357830352427,0.008177860566161493,-3.569566041739476,0.0022347641121066974,-0.0005608713508346679,-1.2051560454439454,-0.005583033525050492,-0.015743434146062753
-0.0007947117370035086,-0.004975329048374982,-0.013141334032461777,0.0028035908754788074,0.019190874312882498,0.002493257977229214,-0.0030079411354515927,-0.003420178047630666,-2.217583136892411
0.003285144942362331,-0.005561371673334675,-0.008345463965286695,0.00240980181936766,1.3279622607716852,0.00274443916800619,-0.002058798996287789,-1.430212764556484,-3.1849752106337856
-0.0004051416964721017,-0.00246016593169443,3.219862998062114,-0.0020671471931835565,-0.026596032779990182,-0.0027382662680535104,0.0018899818716099244,-0.001252745956449189,0.004701509790359645
-0.013940745448082506,-0.011970834302363974,0.011100995475306538,5.897276185260684,0.004080023702889117,0.008365117308109432,-0.7951075177362981,0.004497390681286692,0.016112521808337263
0.004123047721830957,0.007161543860710074,1.1290793287741867,0.0031566250705676643,-0.035229339610914547,-0.020394104647251506,0.04784388458352587,-3.8280366326859876,0.05177712850092145
-0.0010711661193935605,-0.005715292968675175,-0.003957733000169404,0.0034556271873094724,0.013675023449982837,1.5780144025941383,0.0010327795709187126,-0.001150316473039318,0.00031998344394217233
-0.024549856487285276,-0.011790956817305354,0.005450456617831594,0.0010323555871568808,5.320076631764268,0.025302060448270547,-0.004213601800061383,0.007056218962900138,0.007243146712810885
-0.0034398882654682397,0.01282908125178217,0.018015294329285097,-0.0028554189930570634,-2.1198758218490092,-0.0022255791397113797,0.016712099925148948,0.006862648033147125,1.8009144797803427
0.07038238623795777,0.015247904376842359,0.013780797971497083,-0.014267025402078803,-0.00298549621298147,-0.004348500405739296,0.0017826006733545592,-1.630710735443422,-0.004823752435488347
-0.004991284921247664,0.003799162015694982,0.009237188327416655,-0.06410320069998798,-1.6597476614527205,-0.0011733298458987823,-7.592247685927719e-05,0.005444979519823973,0.0019054931158488516
-0.0041073942227642804,-0.00584697984671604,1.7877790204510775,-0.008242329416841866,0.007513058445835658,0.0031547662391653826,-0.01710140598650553,-3.267619382945561,-0.003598525352208691
-0.0023028324513227312,-0.00413354419661277,0.0006497304955861834,0.0006538027674541907,0.00598298772015388,0.0027931779080831985,-0.004819927253580318,-3.8436102912059735,-0.004425845433247325
0.009952077660754684,-0.007428654769266691,-0.011261382411681509,-0.004355274924908552,-0.007388357847513988,-0.9030699524841435,-0.009217615451800332,-0.008851967000615718,-0.8434445937486839
-0.0014693936901781024,-0.03869620508041892,-1.7632416574968868,0.005030055372575965,0.04500067034969188,0.00360614569978233,-0.0027299224898544644,-2.010938049695581,-0.0042295849235442495
0.0003002187855933756,0.27338617248442765,-0.0020416648817481097,0.007417674683875261,-0.0013609940174512205,0.0005419001117244254,0.9687279292183004,0.012638034391522432,0.002990454901872744
1.3146547462460392,0.002207986557957689,-6.098461453494458,1.2886252187092488,0.0025421105601039877,0.0016746838372782118,-0.019034260900154157,-0.0025250781699439374,-0.029737279177240394
-0.0038500313648253334,-0.00207385160893378,-0.0006195480919187289,-3.9288470467721788,-1.6430539186035464,-0.005404575229462999,0.3161982184485716,0.0026023509445635288,0.005870270678135895
-0.005487962612365428,-8.545867419973575,0.01932855698629831,4.415289974088101,-0.36484077881931143,-0.005387162969512516,4.855291222300012,0.0008423060652455582,0.14361287173752957
3.7815168900156744,-0.008059134495822372,-0.0049709199515356375,-0.003315630684822149,-0.0015154903848684509,-0.009549952465711196,0.0023051171521279792,-0.393848429968663,-0.0033689523851032216
-0.02487774124149654,0.0039609723850949005,0.008930457797284505,-0.013183157995040074,-0.03390279567162926,-0.0032617461829646914,1.7158473548460829,0.06959058236649068,1.6512206287935984
3.8934588056667483,-0.0069508211468887835,-0.0045002485002749015,-4.175580957690734,0.008247355337628937,0.002844460181162363,-0.006355929356758119,-0.05024746070791557,-0.05073628099255717
4.723919653003547,0.005582167227529994,4.7413017969798785,-5.17787485131699,0.0029358408881010045,0.0006116467139831577,-0.007240652793995411,-2.928050666034921,-0.029095379868514293
-0.0007783589263576967,0.0026631549184029917,0.005443479630991139,0.008219274405873729,-0.00305823901742703,-0.0002314985935070326,0.0019211223313576275,0.004183922190077573,0.00894877524236243
3.0716346258124583,-0.016800973580363927,-0.39268941022226106,0.00041519764250496846,0.0026862645536950627,-0.00011681648627870963,-0.0035097595208992832,-0.013887218597009345,-0.40292952829007356
0.00156831053372792,0.0005491467688120209,-0.0005406437247904107,-0.005133127497450634,0.002636481043820529,0.0007683137061718259,-0.1419178546768345,-0.0009950844806590775,-0.4149537798489393
2.445323718090266,0.0013873327484560491,0.0009999686724910459,0.0032746891994883424,0.007751090250162764,0.004532905564548927,-0.6036574605855854,-0.006302234225042582,-0.013340889925367444
-0.005674073710679405,-0.011135674655781353,0.0037270052145323,0.0023428982648296733,-0.006458955699441271,-1.6419473223364818,0.024416843008388006,-0.0029894075905072927,0.009382977009235304
0.008012169752662938,0.02548803831370533,0.0019988215804160442,-0.004025734437024744,-3.3014100641858457,-0.034052418024372755,0.12216740433476478,-0.005975936429217255,-0.002051352772955233
1.4042069062984583,0.0281952902442405,3.020761312290541,-2.3789800764142033,-0.005657822090134386,-0.017575612255524148,0.0010679484820356883,-0.005986979869098697,-0.007241820223231263
0.047391349677410065,0.009793077634540475,0.0035713647650456714,-0.0009421753746349925,-0.007139055659449764,-0.527467215746749,0.00172831954947315,-0.005805421239886743,-0.0023948086024256085
0.001937030114864509,0.009941385804201744,0.0022561242469895416,-0.008229899657230895,-0.019022338670640793,-0.5017159072292378,0.028940073281943923,-2.4441431467728996e-05,0.0010500769390055869
0.005233701636511122,0.09997120837877208,0.012002340901711614,0.002844412753193544,-0.015164059472757905,-0.0044344245291176865,0.02410182110974525,2.229758617525993,0.01950302349843619
-0.00607884726186171,0.000845068673887197,0.007913284118151238,0.0002322707411484843,-0.4842586769380791,-0.001435581242272309,0.004070695766195089,0.015125946920312987,0.5545999109833984
-1.0993940191634288,8.372896559336864e-05,0.0018311053831546534,-0.000373760679864315,-0.0030689241127929492,-0.0004048571897221065,0.0098751286362673,0.018488058370196642,0.07957903624010391
0.0357558282578626,0.03560580654323102,-3.3578408697246394,-0.01421417110109554,-0.0002651521454685307,-1.539104901298405,0.003129350725893404,-9.252885972256542e-05,-0.02306753719700512
0.0038020236507761394,-0.0004872332892483247,-0.010465211306028477,-0.007673484714739911,-0.0012821504727632959,-0.0017850242681538603,5.084578618489966e-05,-0.005421119806611905,-0.0169253549347214
0.00041633294775247865,-0.0025025141073518452,0.0009330407002440206,-0.00045177817578090904,-0.10398831516402043,-0.004864502916858608,0.0033698012792116004,-0.001772036720556345,0.002549300270015221
0.0047505627717182464,-0.1809697204993701,-0.007565897456693907,-0.0030462869585479585,-7.314823850790102,-0.3873017012568116,0.001803276829196062,-0.14569115481415218,-0.004768461329708791
-0.0009311065764647172,0.04463134931676643,0.0050485350198916515,0.003469088066851936,0.001251296290749741,0.0020521500634548707,1.1879721523109341,0.15569279162965377,2.1404646018374773
2.8794733753170183,-0.0024485936987104634,-0.0036779167310576483,-0.005301690043704586,-0.003168198342703793,-0.007543756873920809,-0.0008393082140443486,-2.0714580450772697,-2.473155645698938
-0.004064628708517111,-0.010639549977235567,-1.059816470803705,0.00782359508335133,0.0012480508132530713,0.0013757437489482897,-0.0020116925394836104,3.816506293151026,-0.0011014757723082635
0.0002500647425660255,0.023819325740780932,3.4551660818553263,-0.006690555310282726,-0.013735833770276927,-0.0017257772447080138,0.0030925989158994346,0.01601069886564915,0.001975501523980478
0.163713975943629,0.024944790505795365,0.023296332703797527,-0.013175940782778972,-0.008917830085420228,-0.28343659675159977,0.004426981565435823,-1.532403498497058,-0.0019375333227955177
0.02636908872082373,-0.004326592725981998,-0.009527538068735242,-0.0006659756371121359,0.006605497100277247,-1.8353663851892208,0.001199359987186413,-0.6157385440905782,-0.006994943014636594
0.0001189115398923116,2.8186056095274914,-0.004301244632020702,0.0031721878397891826,2.469986742197066,0.005637099429101303,-4.382917685528352,0.004717134434112103,-0.001796243309749479
1.1232006962562964,0.3803796079206491,0.00535527649708277,0.00998214292189873,-0.009620104450132672,-1.5295209131640597,0.035674468470409726,0.0002732902231757893,0.004205704919773821
0.005990019669905341,-0.00022362616128663443,-0.0013755556497123036,-0.0015653898582417714,0.01676037078089295,0.0009469736858081466,-1.3194659127082182,-0.8613104096124936,-0.022947199214763417
-0.001763436696457607,0.002380022587551156,-0.44012169643086585,1.8153956325605276,5.0283171596460665,0.024666325545857792,0.0008101551455158018,0.013773483961498521,0.0007875210645782588
-0.0013260752188891355,0.004852872796850233,0.005539028407941368,-0.00293947292009348,-0.02625822769555971,-0.0021662317822522884,1.6720822286353194,0.00237479397644455,0.0040345783988678325
-0.0001881801493483748,0.025592392030303834,0.010026573169108361,-0.026497056694193805,-0.005392004024643088,-0.0011587677524444594,0.0029822911785360455,0.01061027870579674,0.0023114978069384545
0.037755704382083304,0.0040958164015185775,-0.0013003792677304254,-0.018421175070220907,-0.00010433441572416102,-1.1654256282307935,-0.009440345028419596,-0.007816066996662263,-0.03355663463302885
-0.008045150301954941,4.380732803020678,0.019691414471549568,-2.950148847960409,7.274696113064583e-05,0.003342079460863956,-0.015523848050513392,1.4628669478625609,0.0009267345103452218
3.9557100353203696,0.011625087478400242,0.01397042061245389,0.0012531472460090304,-1.4707464019134129,-0.020281112259690204,-0.0031204368462040676,0.0007012630370075296,0.00018247757185703428
0.0014613122785677238,0.0228656437119317,-0.0022658824804448075,0.003395099799778825,-0.5828064630457588,-1.4700157096392612,0.32588567436992233,0.010281428862367964,0.003076069855814597
4.857575192972381,-0.03974490742625424,-0.017281158247975447,0.028334205789750003,-0.006617992770980394,-0.000925024648187691,-1.625028024650505,0.0009345966524076654,-0.006987203278108145
0.012177407851034886,0.006473319717826921,-0.00024745965216096217,0.022390901202432117,-0.8476354911809239,-0.9871370240229433,0.0030059868407484452,-0.0008399766502593872,0.0005695446955078275
0.005286052425547575,2.991478701434689,-0.0054593885376166,-0.003890593403579552,0.004103688989276835,-0.0009283739978221649,2.2831252789865966,-0.0015152541523761488,-0.003999186070797656
0.003799197919868074,-0.0034582891083405967,4.16158234939925,-0.011166561096844746,-0.0187015459336828,-0.010614415667392161,-0.008939801343374193,-1.24377651167657,-0.011001164354029574
0.0010509513933341314,-0.006753103960553154,-1.8915002477392813,0.001757225343507634,0.5257617140351901,0.002388714314543329,-0.00866193807577139,-0.003082566433298012,-0.009992455747236798
0.0009715128516007841,-0.0011994750247289673,0.0031787945589555,-0.023334131062594285,-0.0015225305864315988,-0.0017275804147305646,-0.0003679201816602811,-1.2457483864458565,-0.0022495894128704737
-0.002434194173499637,-0.0035502182632698304,-4.552744739966587,2.668999743004315,0.005697667139080924,0.0052212268570030786,-0.005157489446111486,2.379244801419325,-0.0023972214883280496
-0.003918473223924852,-0.000727895593276067,-0.06849083971056547,-0.003492949220280033,0.014178406162824599,0.003560564856621939,0.003517565075241443,2.8281527536399595,-4.461654841803747e-05
-0.01760112438872949,-0.008344205453199693,0.002544085008669405,0.00012843366041305482,4.659098326366174,0.00582645963473466,0.01468107938482002,0.003973253209224949,0.01810409360674465
0.0011195987478695504,-0.010020936105928663,-0.00453038922740021,1.1026644309955738,-1.1425101719256716,-0.005810717639010657,2.083610065072531,-0.0016536753116087382,0.0031121828634538724
-1.2886600888310955,-0.03281202054857563,0.000209632704821109,-0.03129969964974649,-0.012613270415662028,-0.02538379728632989,3.6712335730106345,-5.741374195635462,0.003866597445312675
-0.0055425001288986475,-0.004152348613680801,-0.004336840627122524,-0.002712030811026624,-0.005900002262622574,-0.0020725816217805337,2.092119305125518,3.409865112596657,0.005733367902150718
-2.339502668029155,-0.0038063718315183882,-0.007997678801709885,1.08522970281701,-0.0030899382711664994,0.00012789931164157323,0.0025141612542615745,0.054918274439903284,0.008050449075732657
-0.005475935875602527,-0.00877026996711411,-0.005881443942531532,0.0024940209011023915,0.4151667432316184,0.014131668438927429,-0.0032648944471590758,0.002854853918745337,0.0010329549760347504
2.966013807067071e-05,-0.007824694892455433,-0.009152781774270095,0.0037818721356002957,-0.004143891505428515,-1.514789227479565,0.045856874757829125,-0.0014691866917497555,0.0021166362708710407
-0.019959578606767916,-0.004695486015177504,0.0016079401438218247,1.4961111710038995,0.004083991554664882,0.3398641549529408,-0.0030950701084212825,0.016190187752776794,0.009280510981147008
0.0013219380180526277,0.0010508691706127347,0.014580965046144288,1.9536990953261366,-0.0005719011867502694,0.0001653998259322066,-0.006813813550235533,-0.0014905710165515043,-0.00013146895271108888
0.009813258322734573,4.019922087013703,-0.0009910774994452282,-0.011286853173976078,0.0003328775481009766,-0.0038602054505536224,0.01565266973555221,-0.006791739144672721,-0.002730052816365624
-1.8823731339475498,-0.010625654971733317,-0.02634994943123159,0.21701849600967582,7.745842312643914e-05,0.0034255566572473396,0.0013617026721765568,0.05160655693112537,2.327808877747993
-0.00977936869071291,-4.974560480709209,0.0010425937968506424,-1.4625648620751526,0.006317456927180526,0.0040402675315867435,-0.7288524691203571,0.002682504272820694,-0.0018923080695016394
0.007582947490143684,0.04097054396190354,4.7745498550743175,5.348569637696901,-0.0425673006346765,-0.008289714790614869,0.011940286434576355,3.179732049739616,0.019311881173527556
-2.082607655662612,-0.009838628523301134,-2.2750112678281473,-0.009159171001593053,0.006782944846279032,0.006725653130237099,-0.006443717123562596,0.004750759462335261,-0.007217990298489322
0.0005952359551852906,-0.005459641856978215,0.0003825479163859168,-0.03656378107360652,0.0006158797413471629,-0.00030887436921680643,-0.008976648612179972,-0.05764663625024945,-1.157073600371252
-2.5991603617356613,-0.004451723906998384,6.080859055665927,0.0038711950017026025,0.005913494154013085,0.022117696614417648,-5.190502611731876,0.004463281652270459,0.014320920685508748
0.0002570062997200417,0.006907872081643472,1.7453137400685248,0.006118007839379926,-0.003809482676176854,-0.0008867838471960402,0.008039023474141867,0.0016682105910092136,0.7164705540378997
0.000969723969576574,0.023337525932749292,0.005604022633715116,-0.0017925544250152114,-0.009296161533075078,-0.003474257569089933,1.5139781774129968,3.466078337662939,0.006254008798280919
-0.008826854434385023,-0.013348830922627175,0.00084582229449593,-0.021790367609657538,0.37531933515274407,0.005708412137284402,-4.580651001484393,0.0019999422605354172,0.001589115593888541
2.864128860833711,-0.004740809746230354,-2.6506041467511956,0.014438330303391728,-0.007498686011737171,-0.003523241833256037,-0.0034445002021427362,-0.0022380042191526978,-3.150667264506593
0.0040926408393789915,2.884550481945489,0.04487721734452099,-6.240111485508102,-3.6463045083019168,-1.1994808815338907,2.373803603925543,-0.009651182651854051,0.005679496155431535
0.0026141442844024518,-0.0233115550076477,0.004906826047037757,-0.0041813074217171425,2.2673658210305043,-0.0009731888715485623,-0.22116673221962205,-0.06691866812449915,-0.00517733669378958
0.00044513423352480694,-0.002446495670322596,1.1810290988427035,0.0039421311370463775,2.2822494287762147,0.003662134939436748,-0.1175641271915176,-0.0024346018613612113,-0.00012396303821681615
0.00807740611383089,-5.4692380958493115e-05,-0.009026032878059906,-0.025916769965890984,0.009570718241126097,-1.9133465955650644,0.0022453471074169173,-2.4260172718598207,-0.012684436560133697
0.011802137753991748,2.841934669645518,7.872795382138314,0.02165808239266709,-2.7295405343189376,0.0008317480676568456,-0.025541307096141053,0.03243391059723377,-10.650544025916341
0.013743902958098159,1.8651134891308019,0.0074271911737654635,-0.9931118408581181,-0.0018981277791493556,-0.0013756556351472377,-0.0028723353733900447,-0.0002994552349009291,-2.0837257678523864
-0.012046779262155624,-2.1377590200061913,0.002872605589168225,2.9290237344488954,0.008085357946027966,0.48269324659417356,-1.560944567778721,0.0019638073579639308,0.00782455166302581
0.006325459158921409,0.0102627923049129,-0.0009748040015123412,-0.0241335326149483,0.4802282149382421,0.0017446559951963952,1.5492137852070569,-0.007139166981255829,-5.103765223509729
1.2274769439622202,0.005105808564720708,-0.0007123163400051193,-0.02417344887119368,0.00026193432779143995,-0.002721704643996141,0.0010131406996576938,-0.01090998025205736,-0.010984868312335853
0.05227423231855485,0.021593240963329957,3.087247773221131,0.0010859524183321435,-0.006058805590879374,-0.01858881885958208,1.3119414014005426,-2.1062482866974666,0.000842479591875887
-1.3719865741605082,-0.0070971716962281465,0.00489022685946615,0.01015454742925747,-0.008157791045835312,-0.0018819457451545699,0.003094548808368555,3.9212949168315356,0.04907084862400335
0.005133838533725771,0.006691415552309338,-0.006151685347533829,-0.0026052663865672792,-0.40008541968435724,-0.006775783358577366,0.001395614412767962,0.0004502225479510074,-0.005505383646186483
-0.7194799120516825,-0.0055376171786229375,0.0030617589611436217,-0.008496884378774598,1.2167266056656465,0.013753062437390454,0.0002568389322896601,0.0021594589215764596,0.00400509882671523
0.6232329865606612,0.031116239092578962,0.0024825485830257655,-0.003863929902409228,-0.008640540762069165,-0.06343446943778042,0.021322872571102568,-0.0036176143245291318,-0.000506851972056163
0.00011127446737851671,0.0020934652933022116,0.002660479575043437,0.016363865791804683,-0.030245104041735693,-1.276308640224276,0.025654667908522194,0.0010063025354678586,0.0075659684553855255
3.258916899909987,-0.0022763223520330077,-3.7226833456116237,0.015097112352488645,-0.012144636160374964,-0.007698183878040948,0.0016320278163415788,0.0007966806004430227,0.0012043094696519707
0.0022612224893633313,-4.618863041532527,0.005846161767565014,2.5670205349781927,-0.013951732236262171,-0.0039110359652414625,-0.001532338555197743,-0.004816080345489935,0.001766021790244144
0.0026357332880433248,0.0036427925115625494,-0.0007748182101881699,0.37650960980351467,-0.008495576219977357,-0.0019256216498516562,0.008220876177407724,0.002399169789822044,2.4537490512335935
-0.001449769200164418,-0.0008704402210517865,-0.0034172260238379422,-0.005312302943392551,0.0006553913873580692,0.00018185391411572078,0.0013345112574329678,0.0013959468822564588,0.0002699938062008177
0.003080906833446733,-0.008415023562969401,-0.024216522065340643,-0.00675537348000432,0.012948971683807277,1.5029564141240404e-05,-1.6130361097026054,-0.0075291280046999145,-0.14986236591050733
0.0004387091250412922,0.006097805257701094,-0.0018163448122384407,-0.012520699715557915,5.561107038831572,3.170092022673394,-0.01012810122337049,0.009311378679789595,-0.02341372537535337
-0.007113192060417989,-0.1332453152694955,-0.016527791823635802,0.002273937178401185,0.036603177254245306,0.6151138906325146,-0.0035145896206882944,0.0001104683555082426,-0.0004836228508356662
-0.015294277966882345,-0.01231623231828684,-0.003393741204292252,0.002870527567868082,0.023091673460406636,0.27961730256603773,-0.0028856289988224166,0.003245308669931988,0.0021343109471919585
-0.00656058153729816,-0.026991066690797982,-0.3309965616982954,0.003303636340694971,0.03442658134099888,0.10523798081082625,-0.9686394751618936,7.442735218701264,-0.012423144235190586
0.004407313953890851,0.0115371923428772,0.0033064775534266608,-0.013885494655212202,-4.64128023119131,-0.5509067621783306,0.5385045201880144,-0.007256216227470386,-0.0014128987271774442
0.0017479531464475884,-1.8408763151402279,-0.015201789319192107,-0.005746319538503966,0.03135512045176807,0.0003389264583500174,-0.0007490699961770417,-0.018215710790534398,-0.005540697300246484
-0.003552916217681861,0.0014970250318820412,0.001707667747881651,-0.0026055666412351302,-0.0008341442459108787,0.0001381834221949157,0.0012449071111735035,1.5514002537558924,0.004801919621693743
0.0009474531688673919,-0.011781929039244625,-0.0056187175050286696,-0.0006754602144411338,-0.014294819778924895,-0.008213679405142497,0.4015168194434893,-0.006109210232652118,0.001875353450176396
-0.0006754359933248341,0.03559777975218181,-0.012742045366209454,1.395027359381107,-2.803876597508865,0.00214723064584163,2.2476580382427125,0.06115468814592666,0.003047578734520686
-0.0024414922893758466,0.007719396337710049,0.00733245681955815,-0.002038139622598403,-0.008699885463518313,-0.0011769697231149563,0.37847059892526813,0.02181801583348191,0.5191369612046688
0.00674144138519258,-0.010797834919538254,-5.750009793512345,-0.011050411113678998,0.00799051329857281,-2.8731301878800903,-0.005878608906680821,-0.02460147939839998,-0.023462541087798328
-0.012803288832865217,-6.201040676603078,-0.0052932365018225624,1.4834155678457075,0.18114320232495595,0.013202438079386931,0.024067759682641965,0.0023170792975074073,1.311663822741574
-0.0005119370459951157,0.004480535469351121,0.03063227123878487,0.002226876948570744,-0.0009316383400751987,0.00023831305936982026,-0.0004332827963458314,0.002244730904339977,0.0036937055141541032
-0.014552748715830968,-0.00611497819871365,2.756258758782971,-0.02644597131928779,-0.13144305069895285,-0.004050444345586136,0.8990757890010763,0.00172506289930783,0.04791518665497675
-0.012997803051435788,-2.0547713791096527,0.0064189948166525415,-8.22884234748732,-0.00015357409375470893,0.0003951294981468234,5.459143967552813,-0.0016711156529136259,0.013386279455904154
0.0021748779239323807,-0.005451235883117234,-0.011263323023338446,-0.06446558848186855,0.9164548792436294,-0.00012863684391025906,-0.0030685646526228683,-0.011570360028791485,-0.02511311462053804
-2.7894909314697847,-0.006114340159071297,-0.006241430611458796,0.0007499135464985116,0.008323546662620723,0.4363751397867617,-0.005742188302801987,0.006485227363334177,-0.0025534640273283393
0.004280680978235474,0.003051421875504459,-0.0006169957818726322,1.5907225646038008,0.0035733667760114024,0.0007552836800806401,-2.7380660250050695,-0.002172091222162437,-0.0026614247551708485
0.00925114223061349,0.0007539821273411379,-0.019002384316353503,-3.846440852569502,-0.002141180517241676,-0.010954695566329248,2.2105788390919017,-3.1477714665434458,-0.035135088068647624
-0.001723423753172875,-0.0005147897443092162,0.000616136073606498,-0.0006227500596628424,-0.0023775732760468386,-0.0006377033479104163,0.006148255046077004,0.0014334068268805854,0.006890843472032938
0.007315844808152339,-0.0034943987460842596,-0.002181082651085839,0.03603951192450888,2.6102821970862777,1.8213023490341218,-0.00357312919011573,-0.005053094390382873,-0.0006864891127616249
-1.0028734789646498,-0.0033997257306748407,-0.0009544470932550068,0.0073680651854308435,0.0067132602948713725,0.14559903962981818,-0.0003698145890809086,0.01662449811844631,0.010623150743059126
-0.008025760547359602,-0.21241254449815328,-0.04998041703367102,0.0006313748676747017,0.01310171916167762,0.5304903487608088,-0.1883051967892132,0.0024310913724098653,-0.0026861557657562453
-0.19446976235505842,-0.015633560760102083,-0.0002242363846523751,0.521322898109716,0.005517256091625275,0.667951038861813,0.0006846249476528121,2.2322782884233834,0.11113993327783722
0.0277238020291328,0.021415871661302096,0.030075693104572008,-1.40013600672511,-0.008498468996549723,-0.022347323304476068,0.0047759495831006795,-2.0277884829746804,-0.00102988019451275
-0.011782705200709457,-1.9323551312274017,0.0010799001359922539,-0.004533998145321071,1.9765772741446463,0.008188274701597414,-1.52058484594528,0.0023713025502629334,0.0014176134767759935
-0.0003468070698490009,-0.032907289134310874,0.003333659900028492,-0.003851110701538479,0.007939773069847623,0.0004239367737446584,-1.8896326151497553,-0.010229251138427991,-0.0014246348026085353
0.010294002656354112,-3.1874531329529745,-0.014193949031463399,0.08650051170141229,0.05309421208004306,1.574246248905227,-0.010070678506952313,-0.01238713899174605,-0.0051949487674555535
0.07265804236800832,0.05703825453148409,0.0012576351460635935,0.001892646987744695,-0.13606264739597895,-0.4059822117783325,0.0035373576806067304,-0.00043379726939559555,-0.0015094621279841411
-0.0445329126528906,0.003671992760419112,0.014444046218860786,-0.001765552243016931,0.000200577115593209,1.455132990209505,0.0009014677941648064,1.5940477880729294,0.012294831997275796
-0.006929056024075877,-0.01291917802619321,-0.004639768642764216,0.01992420948527663,0.010127281736874523,0.027194967130024932,-0.08397844647964016,0.006179977782332236,0.001166703267862378
0.005717920352995516,0.007266956233897448,0.018109440691389696,-0.01119878190114066,-3.1785177633009143,-0.14337850240512373,0.004690878931392254,-0.011773049664872864,-0.0026220154602799176
0.0008254624240617987,0.007308627782473176,0.010586122772848025,-0.006960762674676521,-0.0026299587725160463,-0.0014082919551239408,0.007699562223265341,-0.0007847019806836148,0.002752825656499885
-0.005412494353874385,-0.0034697706985962586,-0.004123974442725015,0.01115151175701802,0.0016425797204064228,0.001852137952354528,-0.0023209911478565986,0.05975997718174869,5.369457195095386
0.0012323793309038863,-0.4949126764646966,-5.482393740899112,3.4065991856348363,-0.017417876446298934,-0.029876695965064204,3.122750672026175,-0.013656666882982518,0.0037021887116460914
0.0031674261099067305,0.0017835343058540051,-0.004103014733963753,0.005902351652998378,-1.0860638074578812,-1.1041858665593782,0.007420210517323736,0.000834464074251938,0.001119459722696955
-0.013635334458675413,0.014373549566040832,0.8564164558820896,-0.0022810325450961406,0.014530078498504961,0.9068260358008673,0.0074617015616616905,0.008332037054620971,1.0215522414914155
0.007314127486897748,-0.002544058428334689,-0.000727636105939922,-0.011442081608030372,3.7391718992351604,-0.004067870666690093,-0.4444894818669414,-0.3305966648649815,-0.03302333903358135
-0.004149131175108118,0.0023513597071686343,-0.04761496673464971,-0.004880086485750413,0.006720627285011327,2.4892708722209416,0.002777593240930798,1.2799457449130027,-0.002264947416438255
3.6629936667093546,0.089471946902483,7.470752600189506e-05,-7.158987655640502,-0.0014743760499943415,-0.001492170645332999,0.0065088701005469735,0.010478900404965193,-0.00010532845040539529
-0.00021735751498337674,0.0022843270533897397,-0.010927844231277862,5.414429086563976,0.008775199053887461,0.013702205464305617,-5.187349364812599,2.016023339871501,-0.004201248164319674
-0.0008862437380656738,-0.011896930714955647,-0.003712737221372506,-0.3826386824536638,0.0034289199806993333,0.0005397780086457793,-0.007853363799764512,-0.005560260368362084,-0.01163114739345097
0.008081265382459783,0.013893776943209354,2.66622686991773,0.022320985927986432,-0.0052235794723043405,-2.8789113775716606,0.010201691947398894,-0.002069549418985954,0.006967244752711637
0.0006768943265075059,0.012426905000743671,0.01251453081550583,0.004456836353140908,-2.613003219585446,-0.001077942460410826,0.003954897360379523,0.0007015575010685584,0.003069142683013633
-0.0002934623614674278,0.00548993098462236,2.0451688942679884,-0.004494104987499869,-1.1207765430478325,-0.00820689693262764,0.010946674959404462,-0.0009664261458791103,2.632818039382542
0.1046403027724946,0.010650406108761593,-3.61101838083057,-0.03024258559497323,0.018252114365520766,-1.6669366187433416,0.004822342160201193,-0.01348306717178201,-0.20280943778113913
0.004493640969871543,0.004240115212353194,0.0017488051398061105,0.009961024803667963,-0.003210907764899895,-0.0022146735264095213,0.048907448411708104,-0.004381740702250899,0.003412740976037212
-0.022096651241153585,-0.021761963142251074,4.040380667809464,-0.008692280319101683,0.010150266562939547,2.8150278718675676,-0.0018492028519881826,-0.003634462661420052,0.0018434344147458606
-0.003917677611450643,-0.034687833739580565,-0.004554806397794214,-0.002809592753529408,0.012208003987408162,0.0031800090606734534,-1.4006074797972703,0.0007156733653865318,-0.0008559388214218868
-0.006174375386581998,-0.0012597076184891376,0.002501308399805397,0.011144351910226745,0.002568523864380761,0.0036600419362360355,-0.0007843578376886384,2.903364487677904,0.008439847390802196
6.5641242135329385,-0.011160767783310082,-4.686307452291233,0.0005739221368757485,-0.012115627780178717,-0.6274802297458958,0.003680539732445573,-0.009766495044549794,-0.0003891445850353614
0.0013534086334976853,0.010273684753269445,0.014743856902838665,-1.3053746020784964,-0.8226246122805037,-0.018563140134285172,0.04635475272345198,-0.0015399506185541506,5.118381873447682
-2.592412723376014,-0.0005250634104186093,-0.009492596875678383,-0.0003344556515652748,0.0013412092862365999,1.669629625814439,-0.0010989243655981085,0.15772999564679174,-0.0003500734386578802
-0.011000210462558863,-0.004907168961221096,0.0005772833740295292,0.0014116454223375534,0.009544027595359796,0.21147370165628762,-0.3969688749785807,0.007744686593715919,0.0011099510541513792
-0.01273816926199716,-0.004758569541530688,0.0015440438945153326,0.0070250979598228645,0.0015804367918823656,0.002496084151817811,-0.0011803894620739655,0.009524394167676534,0.012356331872624762
-0.00021828481531427704,3.6964783610283316,0.004691247553898076,0.005793301894362994,-0.003891603023332413,-0.0008998609564857107,0.04798928262071067,0.0047355246657998055,1.760974149384117
-1.7397337166823212,-0.01388952741796947,0.0008625328648412529,0.0010118766368260564,-0.004960577376706218,-0.0013650727495151047,2.330580891364445,0.0015038775579321994,0.11501079458183627
-0.00772431353632076,-0.09201966126816596,-0.007354622628494634,-0.0796975630817971,0.01191631571628059,0.002871781432847811,-0.6889918311250735,0.0008146375754751745,-0.004173472949007816
-0.00474201601164312,-0.016761791007925644,-0.005718366730476416,0.008580558831657807,0.012196191804382514,0.5993198218297291,-0.004700158078778972,0.0011570196553095389,0.0003616577967205407
0.0010109751819433437,0.0016513602096439846,-0.00014303494238834016,-0.005939193677202359,0.00036125113087202707,-0.0002509346668860259,-0.00011352466718819811,-0.0010973853353242356,-0.0026497063095404696
0.11803868417205876,4.862188645559437,-0.025297433791134083,-2.87122615275804,-0.003560105960889959,-1.1006441611098396,0.020926317899942926,-0.001811580661727069,-2.21444791254532
1.4148786958430768,0.0075335763191065165,0.05331218439115582,-0.13683941960578574,-0.004520170819288301,-0.02082942855581702,-0.0005470061050599564,-0.09963445965394846,-0.005413073240830627
0.00264655839251918,0.0025401139386487916,0.004136601445413567,0.003270015450376644,-0.008174639700189015,-0.9208939145785686,0.026512892802118104,-0.0027525812505894446,0.003645973340995072
-2.8972896145358313,-0.002773354973903026,0.0020617168937011356,0.15297576443851,-0.0007009951139188252,0.002045260839285886,0.0007771343300447993,0.005467274086310053,0.01805829340187834
0.44910989725438843,0.06149936210120817,0.008205716725813642,0.003970200232844523,-0.759441435112076,-0.015404650411469462,0.0019446870946671895,-0.0024385692649235573,-0.0012518509191525406
3.5557917203786698,0.046413891202445656,-6.96455769753176,-0.01572637039782454,-8.841115616077357,-0.09985275946909589,0.0028663425280673845,0.002740234408258435,-0.020294076064619943
0.01896576833127904,0.01952500695105007,-0.0024326020561192263,-0.006892402149595037,0.5163932925327614,3.131857312549654,-0.0008170114030692788,0.0012697873315236502,-2.404091718334847
-0.0009231183383200947,0.040557873032762704,0.05709248811600525,-0.014372584729971674,-4.429551862429527,-0.0018782375321446387,3.6683157610219794,0.000568511678696048,0.001501608502939858
0.0012626454855785086,-0.0022458464270282735,-0.008940450206461736,0.0006349302015604136,0.1684327457687299,0.0032467902872816033,-0.000978375811182396,-2.171774954645505,-0.008982698254057724
0.009736528347365984,0.005841435508553537,0.015288708546340082,0.0033100081478961837,-0.034574208955477526,-0.5248639960329046,0.004093948401974173,-2.381882238091291,0.0030472209124275187
0.0025270487520009633,-0.011596622678220356,-0.0020841590175610697,0.0007155573146526784,0.010564434638834169,0.0009287373951507392,-0.6839363992242254,-0.39933718607251933,-0.00952855341525416
-3.539457785143559,-0.006786280848227598,-0.994311891605963,-5.391260370397411,0.1551918466602784,0.349246206716313,-0.003684740685409957,0.0044196701078805,-0.01092783076646953
0.010636464224357295,0.003105475999331725,-0.00763370405654901,-3.1144691371950346,-0.00785763312898119,-0.07667313658121144,2.956942187521953,-3.474211610996502,-0.020288232616828772
-0.0020441332539810272,-0.6410825803147921,0.005532471207807423,-0.008727513441357488,0.37213327382455025,0.0018927882275666177,-1.3224274111827636,-0.009883344045572359,-0.0012877676145521474
-0.0015626741426189176,0.0019765259024938837,0.03117932580452781,-0.0002837493676309229,-0.002102110383724412,-0.00036839900194375353,0.0016384019807607357,0.0012645132975865666,0.9529907956187395
-0.013131453416485278,0.0006805956871950292,-0.01028785051980093,-0.006253853223066725,3.6634567791493597,0.022107715741637723,-0.00014868467244530165,0.21587109372404256,0.0016016566218691125
0.3367487159321717,0.018185365617564328,0.0191917277129992,0.0029975645570415378,-0.007901762664748263,-0.006484090694158033,0.0026900510627218387,-3.2797393585946875,0.0004880545630043531
-1.518762495470359,-0.0015867548109392488,0.024178176665036164,-0.006020596895075321,0.0005008100577558062,0.0014662370609965362,-0.002856904286852502,0.0006102654045489933,0.0031529552298590717
-0.398200907286267,-0.14925472468910445,-0.0009681215819961377,-0.0009338697018915344,2.0328099809314524,0.19031346878253808,-0.013238287260748612,-7.024355981147483,-0.00020287219033732207
-4.750834715741759,-0.0065303344076670655,-0.015740568631256238,-0.005505024213785304,3.5481708907024494,0.008281224828869282,2.9551832803670868,0.005711842263081399,-0.0037358701108917425
0.0031420502595345,0.00044520135149122425,-0.0006665043228723296,-0.03446093758940505,0.0012509777161492455,-0.0035364549901985842,1.7256234059752054,-0.019155189831332443,-0.004272356342502335
-0.004339322264794554,0.014243462545560776,0.0030925098847201828,-0.05261797838202467,-1.6567662222934842,-1.0476101143713192,0.08813986529849116,0.0065407579889979195,0.0024118006169562478
3.2961781010521785,-0.002413217792956419,-0.0038672867263697657,-0.01634661788183553,-0.0024119037775702998,-0.024856552758890406,0.0036737426370911097,-0.10596504312335235,-0.007988583820693312
0.002345362293323865,-0.005189939185264131,-1.183975889750588,-0.004646815961562544,0.003898359081413129,-0.00016473536275743482,-0.0015256270525807099,-0.026750685757317882,-0.45496065804141494
-0.014969310712778489,-0.0069179557966919415,0.0006886397408833187,5.6413870716264505,0.008438615353931301,0.016687498330974836,-0.003755520475437939,0.0070135146691654,0.006732816532766618
-0.003832123767868288,0.0055281639542874295,0.024848501704592296,0.004431527054553368,-0.11460390180548075,-1.9084951486931778,0.07649712889793092,0.002082042296507401,0.7627552632158618
-0.021584136246266775,-0.008374559911252704,-0.0037039104914461567,0.6682978197526863,0.006521647760649641,0.01933472285977837,-0.00312349349261751,1.4215719983396133,0.005911456497200842
0.007774923681668809,0.002613654091800456,-0.002358288539788644,0.03198001054541664,0.002317567615570784,0.00085441031596282,-0.9022212065081844,-0.0011819173893185754,-0.0049221056755935425
-0.03283256048762669,-0.1019200720695911,-0.01282801288173335,0.004932396626549174,0.010487734294553491,0.7080042670947625,0.00021054590046945543,0.0019283498918074011,0.0029370463428264664
-0.0013827417956560899,-0.00842208201911024,-0.009096138150913115,-0.029872550604022927,0.3550555673644841,0.0028313491975678713,-0.025118279603317036,-0.0011107601465001253,-0.015374864858873974
6.037292093204194e-05,-0.013855940253823695,-5.316764772521982,0.007497608834274586,0.004182596358951929,0.0022983513050431545,-0.025652316845691317,-4.141495257928773,-0.04551858919146179
0.16720796436461238,0.018495379368725518,0.012949578401043549,-0.06378114035192822,-0.006587618787282076,-0.012255015371969139,0.0036594558250007715,-1.0589876552718636,-2.4485562242366354
0.0022280294959997485,-0.009656677853717252,-0.11340540025977253,-0.007464414238349452,0.767802040199759,0.0004318382333992378,-0.003620891980317688,-0.010045506219923995,-0.026522399670695515
0.022617197343281457,0.003632112280795284,-0.0069853055977554205,-2.0545206388002075,0.0005105140800063385,-0.8960599731503449,0.0019041468508974799,-0.010695336862544171,-0.01616144613266058
0.0037054025438650893,0.008743327137207137,0.0016263084509141117,-0.03475178176429233,-0.0012928425109588314,-0.0011684674715115462,-1.444128192362009,-0.00016732937905589943,-1.1663818243710797
0.0054732746351645045,-0.01236673632760349,-0.0029296646378303287,-8.772713922755758,-2.1257041486798367,-0.015612284793128095,-0.23501689524467959,-5.992037094847649,-0.02670080212981507
-0.012869651243741245,0.00015123152755091435,0.012528082574083152,0.002939022115739806,0.010672729494353606,0.4237148325397169,-0.034929724099725334,0.5808146574673838,6.71379065335532
-0.45582029092734855,-0.023507746297685417,-0.13808422923800082,-0.004396422829785981,0.0012566150784549864,0.0012891883936049864,-0.0011437525503889545,2.4984925809236196,-0.0005704226682178154
-0.0009223917193231287,0.03812171325584435,0.04168375519790771,0.007881214747644657,-1.0954891638178228,-0.0006461122293945284,0.008302653998462705,0.005584230274210716,0.013768867422991476
0.5908392227441108,1.6556539561751773,-0.0011693602798507202,0.0009026636353350508,-0.004341995413782662,-0.8882466239773155,0.023752988390146668,-0.002967075902381661,-0.001176721004890094
-0.05398088869453495,-0.008261944671223825,-0.05120215503971619,-0.0017269670026436026,0.007003871990373577,0.5718346033921325,-0.0016922618690677488,0.015142212011023407,0.0004769990742871516
1.218584997712001,0.01605837169001434,1.4463189771125298,0.03357028340911943,-0.011830710801945477,-0.009556119377589711,5.045521260352759,-3.108088500216378,0.013993475496446153
-0.021858560533534382,-0.0036947935547478605,-0.0015700194313398941,0.009110324446322909,4.395927622706891,0.05920360192587426,0.021402383411636854,0.0327220448923882,0.03245357937988991
-4.896904643802806,0.0035518414369109727,-0.0017173696276081979,-0.001078720769839289,0.01278968852968751,0.20219395492036246,-0.0033354593891162312,0.023778098060110595,-0.002594767699893308
-0.11459063726159051,-0.030635115429708863,-0.010252539121180015,-0.0008955514175137483,0.011638738536793841,0.8183718658306984,0.00043905923475369424,0.0024502370473163206,0.0021130013436556567
0.09069866820584745,0.01129543968287173,0.658733474846123,0.012347156969722039,-0.005472717504793865,-0.003927315470476157,0.003098860218030874,-0.019193316242925758,-0.0005416099314858516
0.0215843571596143,-0.010320112093065825,-2.409300924908828,1.0813490320132184,0.009205522157439158,0.002692458232973094,-2.0218749094595325,-0.031501879630830676,-2.844776144457379
-0.002624025686796231,0.004484072101475504,-3.2363378910727105,-4.3077872471388785,1.4145948772737588e-05,0.0004521702354138065,0.9459694834496295,0.005749914408248832,0.004066858701262922
0.005598615420876418,-0.032066049030201105,-0.004984004730108682,-0.0035601023749986874,0.005556158304388936,-3.1171218576427417,-1.3499206922750773,-0.32844690335772,-1.855691887573828
0.005627728650146472,0.019405054159895428,0.0001344729801734301,0.001449291429769563,-0.1618375220785677,-0.008557824016865044,0.17313807588180583,-0.0002507746760182282,0.000847879503376795
0.0067405368646610495,0.0017235329884806895,-0.026225486409968923,-0.022793245835774772,0.00033983628906044945,-0.003239834237718276,0.9198427940636839,-0.01004628617411571,-1.7539686662871128
-0.05064768573352635,0.0030845828699428944,1.4273221770814617,-0.001980076049098757,-0.0051793056640150326,2.110315598393852,-0.003709354359969469,0.039529380964923755,2.7887651652429932
0.001322724445116925,0.014985448882365235,0.01728912878679289,0.027437902710481785,-1.021903659243017,-0.002473337187886759,0.006771040202511862,2.7183241247694454,0.7880754613092464
-0.027077687915543755,-0.008158317690528263,-0.005095691573852486,0.0030800254837959054,0.00972007363833903,0.6499084885039356,-0.0007351429023192066,1.7289545298873408,0.0038022380191593333
-1.919944503914762,-0.0008805489749299574,0.0033486908906157978,0.010588402114329928,0.005494905626431568,0.37082568522956344,-0.0023887220600602235,0.02523463563353593,0.017665779260563813
-0.032077325807950946,-0.022339117049788082,0.007524156036614285,-0.0018871139787782869,0.005550370197689836,1.7207664547583177,-0.0017896204140099015,-0.002082089255878202,0.0036946435983055033
0.07552355904371393,0.03623675613612913,4.081755364762231,-0.004575603369306885,-0.004431316160775134,-0.8591293840998677,0.008830409099805897,-1.9020073119213383,-0.002150858384405839
-1.851420635367607,-0.22823234366784279,-0.07586060026595637,0.006085535529246754,-0.0032236010935106363,-0.0015114528659472878,0.012972082879616362,6.091183133284661e-05,2.2939529073842775
0.0007992326085274181,-3.1386794711044175,-0.0024583152719460655,-0.04868626103875616,0.013462897354087025,-0.00040697398899689624,-3.1468657369568085,-0.008804073939104429,-0.006804065460153972
0.005146193089397011,0.058745886942531245,0.024034909477953226,-0.042051596708902794,-5.646007056677107,-2.0132297029992863,-0.0002893965851585023,-0.0016645289301129296,-0.002904528883678403
-0.0008035929054068316,-1.6682058416597738,-0.0014615786945720924,0.011151994638946935,0.003717404715656042,1.7358873960675356,-0.36944502724287176,-0.0015454470020457543,-0.0012250869629843956
2.991425884255575,0.0025332503279126284,0.014617128111651737,0.015229065159604455,-6.613640571351043,0.0021047062040037146,-0.41823348327994914,-0.005872743999002811,0.0007202078257420794
-0.008461199929830092,0.000987860216471903,0.005719842953449289,-0.0024501488161259508,-1.3516757644189934,-0.0011010814428378604,0.002536960626489518,1.334634916314251,0.010878918797874546
0.002409700766307029,-1.5893684252786366,-0.006592011749287519,-0.9659372091573595,-3.8314868198301477,-0.6373777155367613,-2.769688149749491,-0.01617101082123125,-0.040157011446474475
0.00863765073468046,3.8536758904075015,-0.0030379227950084985,-0.00012123455258228246,-0.9519911078346208,-0.025610776581590444,0.005670630922754563,-0.0016562475229992427,-0.0018124907256762313
0.01660327122497797,1.3630537762521113,0.009287617135125586,0.006228558885570012,-0.11944021655208614,-0.4049066355932671,1.5043677949921541,-0.0033415750626398337,0.0008870121559187462
-5.687458138044208,-0.008236435577755413,0.006847518456465265,1.6754383013124166,0.0071289010438054246,0.7840123443715997,-0.02862156380392228,-0.0006611191759385714,0.006288591521048881
-0.004400865744720726,0.000429999530882292,0.0032073619692637237,0.010679249535041832,0.0005229132920680159,0.0013721626650541386,0.0008773657775016824,0.031641536697158495,0.5347354342272597
-0.007594396386597424,-0.004024353393004609,0.20016340156406304,0.007022347408308673,-3.9844119481839324,0.002597905281735466,0.0007358937911532851,0.002757462526140838,0.5078486671465665
-0.6955368272978726,-0.07208392879314496,-0.0031679234350511787,-0.01085034337884126,3.1526184620143414,0.03564192802300936,-1.1738771337353568,0.006678259141814063,0.0006363553560667333
3.2868876368660525,0.005515258042236166,0.8011129113621496,0.004244240212164392,-0.003953692439658485,-0.007623670064626064,0.009109795332811914,-0.39228613531707773,0.011853578357245383
-0.0021816679854422816,0.0046211174174046465,-0.00033887120894027234,-4.414368595492377,1.5584059819559428,1.1244918994109927,-3.224347134504124,0.004232691004900091,-0.006674952251311345
-0.00019837779406706472,0.006757642377077119,0.018410846916451423,-0.9177713311600981,0.4454666338082115,0.0034994834520418166,-0.003993011239198755,-0.0014307602659223216,-0.002895115092497
-0.002024461450885775,0.005639361654785027,0.0024729234598979224,-0.10415628572057792,-0.011382118687675682,-0.002579386168782928,1.6179158232345405,0.002697122655303831,0.0009860891698132918
0.18596871572533075,-0.004582419587447675,-0.02128824725521089,-0.0005615757653897394,0.01972208750540161,-3.4515759536821724,-0.0037537262607664212,-0.3225841952714681,-0.8214940165050257
0.036049249309165615,0.014725484030736063,-0.004200812011757739,0.00032640773262843613,-2.3763447686686834,-0.182054402676457,0.004669224031202322,-0.005712346056321328,-0.005391256275197914
0.004549527929630048,0.00959955792710273,-0.0007397616347267556,-8.707366701418627,0.0003347975415282003,-0.0007827056439451332,0.0058301654507857716,-0.0018932480277203318,-0.002713535984916686
-0.5765437924812401,-0.012486179259177891,0.005061002313624351,0.0006253242027835548,0.005268670590367002,0.004493466406345733,-0.0024426368485047675,-5.226280878647005e-05,0.0072447328229643835
-0.0005125701028082597,-0.21689251999393921,-2.1755388621369303,-0.0073208339873048435,0.3665791164011023,0.00177852390831648,-0.003828207725812883,-0.6894344389410111,-0.011757791296312652
-0.09654929022844788,-0.01265768589139587,0.002462222180878093,0.003091426257579096,-0.0006318349270542003,0.0011615501727457501,-0.0033235980977124706,3.678582375593043,0.007410643741902173
0.0036760975054704915,0.037181693025486115,-0.8045261437065694,-0.03173218683360588,-0.00048551622983505904,-3.596139847411873,0.004084590232739993,0.006187689861788788,-0.007402474141117388
0.015173558450060586,0.005101406296779443,-0.0024545451173721565,-0.04408474653501302,-0.004519212837260799,-0.3021164254304518,0.003011752242117407,-0.008608737823455366,-0.008569249457912896
1.6487810102856635,0.01398168984333107,1.1241110989648664,0.00427324726982251,0.0013874928464079443,4.15065168588441e-05,-2.3043614018264487,-1.709954334079854,-0.0027581725572501936
0.0019844172643254387,1.587575328173937,0.008476530366893088,0.5249500892135723,-2.856686715320077,0.0021187727976280657,5.607780290942467,2.503801683174792,0.014608373895304338
-0.0015909808993549801,-0.007191886140946224,-0.004713720618863991,-0.002265351950654069,0.004359613702414689,0.0024231171835178795,-0.01738534784453296,-5.935202695485035,-0.01955115668650323
0.0023322012793468676,0.006610288391069287,3.9107099276779587,-0.006134589047667405,-0.00433527981328253,-0.002289277068963526,0.004725927089230288,-0.0026699743369545687,-0.0003740400869949711
-4.206690765247108,-0.017143747163758,-0.22927685623847854,0.009740797431462845,-0.021720858473301283,-0.0048905779217056754,2.4484352118119883,0.061735421048690925,0.008523610328152131
-0.006710786893305842,-0.19246945177583052,-0.015384667042846079,0.0020308679753264364,1.5673567637377026,1.8884044887074483,0.0019361017861627416,-0.0028687401899377685,0.0011338577501375652
0.005512606446419734,0.005487541309317653,0.08069987806505272,0.025591601392650196,0.003270063167473969,0.0006084578492622297,-2.9248972814927576,-0.0067475497079184585,0.0007804688028554118
1.320419122492767,0.011858575872840619,-0.002905446421587826,0.003425271907970141,-0.002365625159482132,-3.799628833743626,0.0021893698331619527,0.0008084346662019172,-0.0024586258885744283
0.012894354714372058,0.8522044204832255,0.008947192634170154,0.002718123429426497,-2.8912695284140426,-1.0702262393712214,0.010595609937414763,-0.003943145421145211,0.0010990610441629625
-0.02686783540608708,-0.006676356782711078,0.020066837720825015,-0.001972758694555328,-0.013880623215417012,-0.001304309605048213,-0.004984051688730812,4.937812177360952,2.692946624156219
0.021659561659974968,0.005368670732678278,0.28327709133226925,0.013179468671102111,-0.0045243468533367895,-0.002969257543443524,0.0019554144672613467,-0.5769742835879574,0.0014962157082285543
-3.031665204899671,-0.01857630819012756,-0.09375370199388877,1.0059248732894233,0.007520486879991697,0.2474799351038399,-0.004938035613562493,0.10991557011578122,-0.0024544544657694456
-0.0538721423937385,0.017835642946685507,0.015214864361439106,-7.374958155525967,0.008578659809498734,1.7686311291173995,4.3818726879469825,0.6722063277267236,3.3726546721019997
-0.000845048351822265,0.013446127337695603,0.01296564965266414,-0.0016064310556552545,-0.04831584738981154,-0.006344983345116583,1.3046391539906366,3.57092961336228,0.018244718711632774
0.002190438389344955,0.14989225506996362,0.0068287651300048685,1.0523653719873465,-0.19583337603172787,-0.002762909821846014,0.7115589627540444,0.0029888886167622935,0.010613282585594656
0.02399293429851815,0.00889529007081859,0.002251517519782739,-0.015545249246619713,-0.0051065011253140224,-0.8924758540716786,-0.0010390251427465497,-1.9155461162142497,-0.010544938656122022
-0.0007232182531228806,-0.00632894026385597,-0.00017442412751576993,-1.3963630168346428,0.023339256484103902,0.002524106829250611,-1.6890895325869015,-0.011088995752861673,-2.4205939646764967
-0.014896638697503677,-0.0038612853424281335,0.014074706312253937,-0.008647214269068415,-0.04352543275290192,-0.00422682452434079,2.4037830054961744,0.0015346643188993842,1.2452156716504714
-1.4864943819001541,0.0027334600489261817,0.006058049748455192,-0.0031137947644152846,0.0054209302841084946,0.019157174164470887,-0.0031150617953270444,0.025963703773448237,0.0019790407712697265
0.2013703543392955,0.008960448710201935,0.0025734102966552957,-0.0007765121204806602,0.0010362840388137735,-0.004150762020959861,2.129347424862537,-0.10008022153787577,-9.8735871337367
0.010572623956510884,0.0016058913320341982,-0.011023973809806614,-0.017341662436939315,-0.0008128056716089349,-0.9850031060795317,-0.00022181188988956713,-0.003459002638138012,-0.012707070195133296
-0.0010938540820892226,0.03351920813650855,0.034966403066925215,0.00587719886501769,-4.004274111194673,0.00048142425227393204,0.03872780859463735,0.0023119682339924775,0.009907083060487565
0.0007009395435326484,0.16975706473725372,0.0017831601239308085,-1.9504632736921446e-05,-0.0012143191886723698,-0.00027628815824695327,0.026382865071076272,0.007292877840025864,0.0036718511144746327
-0.011201083998190753,-0.0038380295614943976,-0.003204626614203726,-0.0027817134321892418,0.002981452761962916,0.002008516985343035,0.0003842594058063781,0.007346226741566408,0.0038638909382103996
0.004565011564349616,2.842903941029448,-0.011715098345553135,0.006240835500151594,-7.271039368614822,-0.0010885850266930674,1.30075280882245,0.001879692165031564,-0.00032713827734110953
0.044663114517606406,0.006116771358930625,0.003776723298776846,0.0009716917891635646,-0.008506042054032714,-1.64125271002098,-0.0019322215789049912,-1.4867088174555931,-4.325041864661017
-0.0012502052029115703,-0.0018355889078835452,2.011423373850774,0.006219354450212399,-1.5757369115092712,-0.0009749175258317276,0.0014108222496646157,0.0005964866031279523,0.008479559778853674
3.085800570356954,0.008047011954716299,-2.6896735362071413,-0.009438945569102998,-0.00267162172137958,-0.6902509460292013,0.07121079086446613,-0.0030272611993979793,-0.0032778442236996025
0.011724229689157506,0.004768484461201318,0.00428370262430796,-0.004467145329646811,-0.008634066752134469,-0.08930284260829592,0.011790218145113072,-0.03415048095186875,-0.0011734570649046944
0.002812853477690152,0.0030540994018776746,-0.008424143270580085,0.06205897664290789,-0.0011787382744845587,-0.0003506330689985321,1.6624262575147173,0.0006332358134997942,0.0004741872564378224
-0.0010441895624032811,3.6389319668242717,0.016321755232473395,-0.00218913838293802,-0.07667909452513477,-1.6678095961044037,-0.0021399752965628183,0.004385495195772211,0.0014377529782587072
-6.0402987629140995e-05,-0.0032512256625146993,-2.8046756579490134e-05,0.004710465145138784,0.7883794443574288,0.004052611758027206,-0.005227892384106182,-0.0013831244091273573,-0.0007078849960127666
8.472574281839784e-05,1.2169575912523292,1.113100107274533,4.526364844518335,0.002519156322201021,0.002131072698992366,0.005775137630939592,0.8328000393951678,2.846081478880272
-0.9044206089247669,-0.012327321300870914,-0.03384738326209581,-0.0013300927762699497,0.003126822706313131,0.003067163922309296,-0.0004133176296354825,1.9819368528012404,0.0006788918381642611
3.1726995555251722,0.004181366381470721,0.00769658661804757,-0.00701453203443618,-0.004844415548112324,-1.1151941312730136,0.0005173975848367651,-0.9399770220075069,-0.002130342775119559
-0.014605569453454358,-0.0017040857229129022,0.011183819702144958,0.012629994118528816,0.004011177889967573,0.012606854372614483,-0.00588563461852654,1.3355633382010328,0.016194796241752206
3.2107795270893917,0.0008632166504882077,-0.00709781092292553,-0.016931198811280204,-0.001793455158267905,-0.008233869689134048,0.0017799614005076202,-0.004268857772581626,-0.013745339518341754
-0.042300571407304643,-0.12362997996782776,-0.004321893033742946,-0.0013251879783446182,0.8658040959784684,0.05281249802227089,-2.5757726074064573,0.006498465698734945,0.0034770001755280305
0.014980158303856086,0.011949002336672815,0.0005536129588739466,-0.007524277431398648,0.0012462915785024396,-0.003234914650236776,1.4301039636268449,-1.622815025146745,-0.00439262418941512
-0.2671058939609831,-0.006874726724395194,-0.0364953124706988,-4.403958714972324,0.0020194472296757703,0.003804841294435767,1.2600243839901357,0.03294218480136977,0.009132846366822359
0.012572651412106256,0.005321100902526716,0.00773717028688924,-0.04510984637734683,0.001640740849102644,-0.9246452546518749,0.0020908182286382623,-0.052097010275836395,-0.0034513275398946035
-0.004396051752525461,0.0007410769821443689,0.0033572662525634973,0.007344766529644043,0.001002627081904827,0.0016045569551363418,-0.00017258019798894672,0.45583637391572374,1.3079477675346398
-0.0047938271310339325,0.00605491149081492,0.012234525536588907,0.00019234416041856005,-0.005879025903441736,-6.308204556205489e-05,1.2007680619306387,0.012287443983447548,0.4471383271562396
-2.871731523117745,0.0004549243529576823,-0.005708978409761471,-3.254003522053515,0.0021782735663628885,0.0033143992891110433,-0.0016270919343666472,0.03245420407441432,-0.0030949452883752386
-0.007569213788655864,-0.0014350186770158667,-0.0011337382086390232,0.0006526296072132797,0.5362159051048572,0.7138704559998572,0.013613732649650032,0.0023744183097629216,0.00762898079384523
0.0027056585514709467,0.005653037305472165,-0.0037270303244153697,-0.0026314872881172766,-0.8360631983458383,-0.006616882367401123,0.0026075460693041714,2.380137645768374,-0.002233573734590169
-0.9467202217013279,-0.0023125339783678974,0.0007495422994465793,0.009004787630960923,0.00335472165345849,0.008534058057174474,0.0002369177836259763,0.3945985645881114,1.172467560269312
-1.6255381212495292,-0.0006942868240277799,0.0004363797703794683,-0.001536452714951782,0.012637570920005739,0.01734033856362746,9.467128960150006e-05,2.9281292936567316,0.003961644930635583
0.002175451248545318,0.0024549712359156184,0.001266080718054723,-0.00316300501072124,-0.17889139988365485,-0.005677872657930913,0.006211808956266792,-0.0008501342026540348,5.3659184987818085
-0.007260980157498081,-0.0014783240569212625,-0.0016611204571934796,0.003593395160137394,0.011057442527306255,0.4856223237486235,-0.0033994699249731593,1.5760140901971007,0.0011087463519447033
-0.003295105719647115,-0.0064236984404338485,-0.0022433061533584805,0.003195428081420794,0.008513932477630047,0.0028722170745993356,-0.0017505909947783701,-2.3499679359647834,0.00041237743328043086
0.053884784732007585,0.006991131975889176,-0.045182858757954636,0.0002560177964997107,-0.007501162545182349,-1.0571261764210822,0.05911865910632241,-0.0014590542210560498,-5.056760833363581
0.005461490165987261,0.006099678765036705,0.02074866986275975,-0.03358972430577345,0.00013664496912332152,-0.00012274529010633528,-0.005532886950796498,-5.186503354628119,-2.5902545142902724
0.000356621266195603,0.028696010348666538,0.03704562034614698,-0.004836782291278838,-0.0037792535441796647,-0.0012229551274248662,0.013715013833005637,0.0020682746074253185,0.006712669273867607
0.7081153715894231,0.05344070791628547,0.003275823020668669,0.018607650453774223,-0.09301079611202517,-0.01416063640957782,2.8018898387034286,4.9212477720140715,0.0035531511753716938
-0.009369150896541749,0.002712541276057627,0.016579492999884843,0.011494456149718944,0.0038225435392863216,1.209432258263816,0.009726603685577123,0.0030579604970917447,0.44276100719792333
0.015989413928687052,0.0034471441634965627,-0.006014773527923057,0.0017777065538005787,-6.03613956775202,-0.010218355392051681,-0.0003688087539996314,-0.007005217581545799,-0.006809974941109024
-0.005731536787823496,-0.016010544912394665,-0.014319117351241452,0.039112303123783825,0.004081848797257648,1.5320553371425585,0.0044478258641943436,0.0016721196666232916,0.0035272173239998712
-0.01913151594586887,-0.001720434296668391,-0.001135231018408095,-0.0023331940512838906,0.005843837511278704,1.5342060262787967,4.533011665294117,0.027044655243447735,3.4279242354991073
-0.002480935642926293,-5.4046125258213165,0.0008142013957189234,-0.004340650595472676,0.0011695054752906692,0.0005752671395014281,-0.008551662837524732,-0.00011414182615116802,-0.0016350195904555555
0.18847989723596698,0.006824306946667335,0.0019251585845169112,0.0006732420896190423,-0.002283394722606964,-0.002185533079672477,0.0003045113201227854,-0.0179822693324158,-1.5394283538735176
-0.004224785244106608,0.0037063663393844815,0.02210723914494196,0.0007419562899775084,-1.7362197135780377,-0.00017715718465226293,0.007954409092952391,0.00435609677777848,0.012656321848114827
0.07750781701448917,0.006806464066606939,-0.001469046861201918,2.179523483316811,-0.00427901502437781,-0.00906081867245061,0.6525856943715543,-0.007861864129355405,-0.0005104126587203023
-0.4603956452377381,-5.424897027080327,0.004090867905698015,0.005129663325372034,-0.010500558810513372,3.182977664383853,-0.000664205971819376,0.011850210840767296,0.009252836390641755
0.007027654585353656,2.3773359709953126,0.011610746574547748,-0.006516629869988438,-0.0012014436633562275,-2.467837199503869,-0.0012877436264380204,-0.0023751002901108743,-0.0018825589217802453
-0.0035277161636026386,7.098961192194815e-05,-0.07520909844609242,-0.029071869385185106,8.544818540525204e-05,-0.0008022986220052268,0.011430964044901536,4.615836423906653,0.0008108041947657296
0.016248803719302693,0.005755603272164467,-0.035809771371712304,-0.0013353742087378335,-0.002270327700093111,-1.5576113748575502,0.0014958756475106638,0.00021463143351660246,-0.006560038323607357
0.008501284386540369,0.003549895097347322,-0.0016949307456771666,0.007478836192701566,0.27680505881749856,0.009141915950924537,-0.9188287358214644,-4.339730972893266,-0.02142889889332636
0.0036562956436810914,-0.0012596854510751902,-0.0021906222737301294,0.006464488433708851,-0.00043419167759411266,-0.0005407210789500467,-0.0007292731476877659,-0.020417232430822052,-3.719641100842439
0.008007037854390556,0.01448955027047305,4.533210703960225,-0.020072820707027074,-0.04113548918497162,-0.012731946660073008,0.003323866227848316,-0.006159888543987054,-0.006648587838626065
-0.001721931054195075,-0.004512663184898236,0.005091575100759083,-0.0008362886752650844,3.1610274630835242,1.6977546805676607,-0.1394396439783348,-0.0027716372401442313,-0.0029267311533764367
-2.082831402992248e-05,0.0029803176022417622,0.0023103646366601257,-0.0008544017243696443,-0.018443343275375453,-0.0026524730686987566,0.01661283419360493,0.0018201999548948795,0.006681516668805264
0.008993233282495714,0.2007998686424969,0.006643132486571865,-0.0034373814170594636,-0.0005060204652507683,0.0003574267985559794,-0.006762715841438444,1.275909902586563,-0.1007920073362792
0.003290294894991834,2.196069374126595,8.141016780256055e-05,-0.0014905626457377902,-0.031159155766023405,-0.7617064791193551,0.008228960237897168,0.002190460915363908,0.00046682255316402976
0.0025729306177837024,-0.0003166669560463635,-0.003804077906626696,-0.019570135704908457,0.0016033821422630423,-0.0003259755838405914,-0.002626404594355307,-0.006311755824086479,-0.07520530422865422
-0.010358576378916445,-0.04136237280786967,-0.0023414651809234915,0.005603945146603228,0.007886132324028811,0.0034887977894877105,-0.0036010526783225414,-1.9415891497822018,0.0038418245261578957
0.003579615166255876,4.7368140933185625,-0.002475132564446099,-0.0036896271195143225,-0.01097510380618992,-0.00784510252015306,0.015974782951362065,-0.0007059031856861941,-0.0002552466747847452
-0.0007274818719432768,-0.003520208825636468,-0.0010928838539985772,-0.0021097719920597684,0.0026867380129049824,0.0008536350726963677,-0.004408816466851411,-0.0011587160997571172,-0.00275211796616441
0.011070693449080633,0.0066948932654289205,-0.0015239303345281842,-0.010431205548202614,-0.010737194009228778,-0.008598901165168708,0.006346236191696314,-0.005768824116870963,-2.915059787104647
0.0006025633299888283,-0.009113907928615383,-0.004686650785144821,0.0015856238328983809,0.0036540586960442543,0.0009181687972611736,-0.02975876478187726,-0.011585616080555848,-0.8347033932493431
-0.10035022864326137,-0.006491642791020071,-0.004895585847540674,-0.00021605034398738715,0.002497846987467911,0.5868841933896866,-0.009841430973180652,0.03326324701756046,0.0006767780654575216
-0.0021381298444123715,-0.00451378829283602,-0.002660433854568385,0.00022549075313644737,-0.024301484224697856,-1.6589015140300012,-0.00025638481273526637,0.0021054890581950177,0.00042120328553628926
0.0049006649708594864,0.00747055382819696,0.007845074207839108,-2.508428997883109,-0.006282324860364709,-0.40884288778369915,0.9829326667016711,-0.010885271198870363,-4.9565882944198336e-05
-0.8523405920071596,-0.0003249298477992553,0.008166750814842257,-1.209554047089208,-0.005893844275137099,-0.0021926271644129346,0.0032981769949573386,4.421309112899793,0.01168971233800814
0.0022906997351872143,5.532043721159056,-0.006731238241515378,-4.315471638672811,0.002409867550531797,-0.0010840128740053907,0.03310226146719575,-0.0007220947466289853,-0.001459387903118635
-0.007181065069437316,-0.008870763123683146,-0.00493293683985128,3.4519110938052804,0.0014533876411942231,0.0030211722759852936,-0.012559373890788539,0.012895271780458545,0.0006622751033593284
-0.00016928760308187324,0.008832471670134207,-0.027064865439501165,0.002579690107083357,4.032328733247153,0.00972820457739132,1.796940403154556,1.8912556094472825,-9.964344461479632e-05
0.0264198474701416,0.005881620786967111,0.0022843249176550404,-0.012712128787699487,-0.003923635610120654,-0.3370836138030275,0.0027627198967596807,-0.022806574049763793,-0.004827570996796492
-1.8340091870296336,-0.010476233010965702,0.0004899321883043567,-0.005566740703388827,2.877584081878135,0.0036626075016151782,0.007786663630489623,-0.00243355875946398,0.007977898785994291
-0.004353759990485708,-0.003964315015915828,0.004203757132068384,0.0024970777518760496,2.991040934289525e-05,0.00045638355029273145,0.0012452064930177063,0.0005910592552840129,0.01644765083211728
0.0007770488325425265,-0.022709176776272218,-2.674864255126739,-0.010086729970229483,0.15409890163555467,0.0013656860268273603,-0.006244396700806569,-0.08201802546775773,-0.04653104919939856
0.002112606836434722,-3.58150962192929,-0.013798956881683581,-1.380631614559492,0.01608917965515204,0.00016779777719851173,0.0011831991055212127,-0.8698227971162427,-0.00805506192166039
0.00528232286469723,0.01041954167286953,0.0050381652509317795,-0.007407361578321926,-0.006665829424632556,-0.6695621973169866,0.0065836321624721805,-0.002687163815282941,-0.00027972322172967364
1.1189577544828282,0.0012191287272683878,-0.5145200937995007,0.003758253276218787,-0.010831006815998384,-0.09612662963442387,2.0433423585730583,-0.002937867627130164,-8.25758480433458
0.6190160759829975,0.005040758898960408,-0.001518599724043797,-5.230026199381383,-0.011444054898561588,-0.0688001565106189,-0.0015452102283801082,-0.005416367354572203,-0.08111473120504115
-1.7266578879846768,-0.0008060630137487132,0.007192638021645013,0.005403423920308353,-0.00014721714488546284,0.0024221565326668177,0.00047706877493301075,0.00905946836881149,1.0592241020950064
0.007844294861715666,-0.022991192227669127,-0.0032917849812358242,0.013805217340329377,0.5133204951363606,2.055325251505597,-0.009597249689323184,-0.18736621287527888,-0.0032001475327362618
-2.37934361460944,-0.4190968853309962,-0.0024883689419758354,0.7708514823310417,0.005550421824599722,1.0869303499494305,-0.004907709830443016,-0.0017062736592031514,0.005267753143578621
-0.02117917540227804,-0.028701404252577445,0.004829119317584424,0.0015862144676316303,3.6083145984644815,1.1627359531819135,-0.001957008709524352,-0.00019453749728681746,0.008016254044271549
0.6530651025788781,0.005431018790365643,-0.009314715344314061,-0.0011735318542137572,-0.005330566893371452,-0.006281375407435272,0.005174739165840634,-0.005096914105995356,-2.089735537584795
-0.004722556048426594,0.0003913656311690505,-0.002683766609425944,-0.001838499337721628,-0.13212302758292008,-0.0035342443279942183,0.4071297859049688,0.08005460669134967,1.4617637533432237
0.0002929277084364469,0.015237923367345984,-0.029796918947439917,-0.030509784637083103,-0.00046799800408530194,-0.0006201490832699892,0.0443986441374217,0.006548493717450816,-0.0010925296857619824
2.381048949575626,0.03211189267716219,0.001846240040696015,-0.023181225456385846,-0.013193439435457255,-0.06946853886788995,0.0136241405811105,-0.0020774209369193025,-5.979757619412954
-0.002598434376522348,-0.04095941304285175,-0.07424149118721932,-0.12809372419896406,-0.004785706756126423,-0.0013710012952389723,-1.6908653721388474,0.001497167621920204,-0.0071292532672148825
-1.3823108105520883,-0.0025368864536863462,0.0010741909412298055,0.04161952609206114,-0.0015477535348618725,0.0016528882074457632,0.0011195549998684103,0.026909314116628277,0.03237849325563198
-0.011115835709384667,-5.037071523993212,-0.02467233399536034,-0.003398350108431397,0.027945684629539613,1.03981891730289,-0.5598530433910316,6.342755043387271,-0.012344636154183963
-0.0022124860315630096,-0.0035228768307332355,-0.0017598084326158957,3.2297841292700493,0.10498637566971242,0.17202319919517525,-0.009633613568414329,0.0012514067286482336,-0.0012364043068627192
-0.005515895543750843,-0.011586465847520433,0.002421958569190391,0.019127419076612362,4.28118718445452,1.4163474920310257,0.00033922962869998435,-0.0011348385972526631,0.008723515167528355
-0.003744899101523854,-0.0025984922391190267,1.750558755344135,-0.03605251035767092,0.02067620917597296,1.5618075595355276,-0.014366429215459789,-0.0031080189906238023,-0.002551403222009408
-0.02434564611994527,-0.02484354416472279,-0.008222197774200829,-0.00011644690068295235,0.00044593029593376077,4.082857791724565,0.004733569109026087,0.002001739029934689,0.003177534961488822
2.4313424853456906,0.0058651757621609475,-0.0006120784410037034,-0.013930846615193433,0.007260621823956773,0.00070622715646244,0.0015063760393227085,-0.007967514075561009,-0.005466010699196416
0.0004903182975527202,0.5667165784099204,0.09827372352572336,4.017563283213364,-0.016677577590472267,-0.0016457514494493633,0.004199013514998946,0.012463228951945179,0.018632766630707433
-0.0030779672940303023,-1.7171559417026034,0.0025914411202682015,-0.005598679020356813,0.014741843268345163,0.0009371868793458006,0.0006390681378865126,-0.00848507084227218,0.0009401627549525058
2.7819547921372716,-0.019360371258463446,-1.0775783462680988,0.00772131367842689,0.06501165203228818,0.005956307712511347,-0.004977456705114222,-0.17881318834647494,-0.03311148002833186
-0.16378609104467365,-0.035423774566220506,-0.9300567680464111,0.002783958502238956,0.008076504987134464,0.17640869439125384,-0.019988329310316872,0.019613330536673433,0.00011865129682798596
0.008714526647443878,2.7134839483399786,-0.00043298688802560076,-1.0043196447902216,-0.0022774480281351553,-0.006110191786891701,0.007265361701203697,-0.0038637641111645945,-0.004580122583220946
1.4403554493973303,0.008644989199081946,-0.0015255404758204583,-2.5044268985653954e-05,-0.005252728339363563,-0.5805919217474775,0.025898643943575897,-0.0025969843850027893,0.0004420373152578122
-0.002920845404006298,0.006132020055995363,0.0013607961130928058,-0.001296616746657285,-1.0133998001635185,-0.0007710558869117572,0.004084261559312329,0.019412015309631048,0.0037662674145428204
-0.0023935963008236555,-0.014710241299071503,-0.003362591378773913,-0.0022549767500883167,4.5192119741506325,0.0029903830692634414,-0.7400191456566303,0.001070145418049933,-0.001543935565928349
0.006666560878390071,-0.00502779813982468,0.00121530330194395,0.0023857931553718514,-3.275329931588102,-0.02127782363107311,-0.6629025254313061,-3.2087488461905203,-3.2504948000308644
-0.0014898781596926602,-0.00944409287086223,0.013860491525348509,0.7882644494478054,0.5629710249185007,0.00974822168335809,-0.0071429330252635185,-0.0042565733049432005,0.0036096266432828514
0.0019059431551739676,0.001974075150967286,-0.018553551466774565,0.015588853317117624,2.054767833606893,0.48064683548818543,-1.097978487888199,0.0071771794026646435,-0.005941806330327395
0.003410631313915607,0.013937265395606406,3.6341617130210513,-0.012873008794182421,-0.004314918522689878,-0.0025833920149616373,0.0035951080054423684,-0.0027532728327292534,-0.002671395886651673
0.0010439013865399189,0.0001271121600874187,-0.007056186922901987,-0.003384726519786684,6.958562016441154e-05,-0.0004016688521058313,0.000734729588160451,-0.0005471627222025207,-0.003306128846640827
-4.367235909796395,-0.005412383219721999,0.6180727135998128,-0.0050906932534752055,-0.01668225067848743,-0.8050272156200416,0.002328670121867181,-0.0062835540374625645,0.017443271268357957
-0.0023915933503396714,-0.0006147476764369331,0.0019417571605430844,0.012489809243872215,3.175207054670083,0.014533882816474525,-0.004886447074276414,0.0039865988109720404,0.002931290291618346
0.009567639223763136,0.011762166915314343,-0.005164238104827889,-0.009454959524836198,-6.987588356371247,-0.07883065094906394,0.14409138083455272,-0.007907837636246523,-0.00583230025835824
-1.8010683263380607,-0.036881364962698886,4.843503848163749,0.02189171049455817,0.0059575543014761395,0.016811992162457885,-0.0045064289651243015,-0.001486517655807284,0.02566698411868562
1.3964789352226443,-0.0022144683706464465,-0.4375594528093495,1.1903306615687588,-0.0034868934930446203,-0.0050475746686259836,0.0045010073177062845,-0.00434243563542347,-0.0013441919779936043
-0.001987216798163374,-0.013257192371755372,-0.004122399543658861,0.004964940367743905,0.00599317905713529,0.0022911197703122635,-0.007186187085723996,-0.000620194230921818,-0.0011339208680795293
-0.007355326002738746,-0.0031848583514787615,-0.0068091421075645135,0.014456351867585857,0.005595203044678455,0.6982984744033174,4.512808092819249,0.028664372659277182,0.007262318356729969
-0.0035339508857405496,-0.0007317176942045067,0.0009124907328336904,0.5875941276930408,-0.004746851222396314,4.096047625355658e-06,0.0013998005457574402,0.048482990739936595,0.02614030254581035
0.013275332323588011,0.00922639198313558,-0.0018355008489229917,-0.04492982285639449,0.004724645951990153,0.0013868759246463114,-0.0036127566214758655,-5.620685635103593,-0.04529159173414932
0.0002486443250087206,2.810114719994174,0.0021499886266290805,-0.0022540705841174354,-0.0024657967157755353,-0.0011965517252535618,0.09805962907497484,0.005472456484294397,3.543593457960801
0.018588062789095878,0.0055078539155633795,-0.0041294198060148396,-2.3602628193212984,-0.015746476195972095,-0.03462260454796903,0.001161651731001724,-5.049501979151304,-0.026945602520604683
-0.0018930223021559334,2.4851965271075613,0.046595032069698616,-0.03916591465321989,3.7413933100880765,0.04059168486591114,-0.03220592988304036,5.696872450607013,-2.497059776247785
0.005940995244562283,0.008976467832251572,0.019865194780630868,2.068564462283822,0.004840717334144956,1.8644475561932874,-0.00854205683458334,-0.0013508376654032528,0.00019529238022408801
-0.0037400620389278633,-0.0008612253033442041,3.984615430038102,0.007542979323258245,-0.00987265375331503,3.4032941883752406,-1.3714439054474763,0.006329870466178167,0.004399630293806522
-0.0009520392593388228,-0.005337945109397122,-0.010385510450058111,-4.243854229522633,0.002382618760868581,0.00030443183843628153,0.0013429067381538753,-0.003136104684492348,-0.002097979402109776
0.005917674993563814,-6.0284174067088365,0.0010436637975397012,1.490891006394506,0.006287254778024276,0.0008274407222709779,-1.1900003432112989,-0.0098073773851807,-0.0032791787176239505
-0.005101386967440079,-0.014001529107634497,-0.005541999276549157,-0.012081355133885575,-0.0020492021882879616,-0.004399209926394726,1.919363428162964,-5.1062226398272275,9.149771702517129e-05
0.005041554922818119,0.009526349638223576,3.854563545583545,1.6477361943631066,3.1646906609745846,0.0003424951504413243,2.3705018622424356,-0.005902613435181326,0.004856716820140397
-0.0007400499244606118,0.0009940119290392166,-0.01246555737784458,-0.000274283387693767,1.306179330007352,0.006270092672578803,-0.006866305561956771,0.0032420479520133584,-0.003117124067822884
0.004291421693712429,0.0008877546439852256,-0.00013663906074429602,-0.004808894921135094,-0.0007562572449687143,-0.001609018387719483,0.0010556835774895245,-1.6492855813939098,-0.0034978250101603027
3.9965161959371427,-0.00748649535692842,-4.566499870561556,-0.023197988445317633,-0.0018187136303656204,-0.03712467101388902,0.0019145672498763339,-0.19364164509147314,-0.06873764156802531
0.23452363211556282,0.00889652773162672,0.0023455141746598638,0.0031946859159306495,-0.02085836232944774,-0.032008223368697034,0.00569160917177765,-0.0063043940301281635,-0.0007260148208438272
0.016812963844224222,0.2096156075597696,0.0011774577274263312,0.005975430577828477,-0.06381718635079965,-0.009793683047495505,1.2306276283255193,-0.0020840647032493716,-0.0010714349729661734
0.00744740746275674,-0.006894847645725366,-0.0019816831214886695,-0.006542679248429711,-0.00472134888756752,-0.7817388729453046,-0.003403082618623307,-0.8043430317956333,-0.00801333360174291
0.007599707842023827,0.0033876925690002617,-0.00032706344238263773,-0.4921648830072727,-0.0030684263876704317,-0.0033650353028164817,-0.00011792124367159256,-0.009224848023204923,-0.47890731692739247
0.008015303072349787,0.001334670748832447,0.0008571429078855441,-0.005892883071304193,-0.028421649224357137,-0.2629527482549412,-1.74549936562504,-0.008276404343161304,-0.016770896558601815
1.1436796377990381,0.04161493512416433,0.0023200062643677355,-0.009165747497864085,-0.02261751990079383,-0.4616821998224746,-0.0006653964011200213,0.0020569976122327203,-0.009936022893332362
0.0008349485589025513,-0.01980922547287642,-0.010244979635114965,0.000835778838237447,0.022356327354750204,0.0038509160467907373,-1.2083960511611114,-2.412373369372864,-0.01571483135059079
-0.002769849189489436,-0.00034932881026455975,0.004823107850697223,0.9645195950089351,-4.597096130356754,0.0011302018316122209,0.049728730669490746,0.0025314011458135825,0.22531410854001954
1.2538027777383998e-05,-0.0008804489542183006,2.1605490917223826,0.003946576074377014,-1.041716555508126,-0.008770689656694024,0.024001099836702747,-0.00365472469768399,1.1233512587979295
0.0009182848406955107,-0.00818991268132871,-0.006382792955892946,-0.02331097695436576,0.08130275213250499,0.0011998793973244624,-0.5623331892623855,-0.00760898445341647,-0.13627546641441066
-0.003557984444955793,-0.0034430432348286424,0.006681330932937642,0.0010250270195094101,0.004698345014735785,0.0032782473215689292,-1.5352218540818445,0.0017067420312707072,0.002267326859880098
-0.002798765991135852,2.5552876581363257,0.005015166006259855,1.602095503709589,-4.338562482633927,0.0038292392158551514,0.0064620710471157625,0.016786214995754986,0.011465612764688535
-0.0330862233700604,-1.2552272653394467,-0.013403152575892249,0.010900185495236692,0.0003854436314645257,0.00133677003663445,-0.002441101713725479,0.004554279611181253,5.392382458866159
0.003716231131681188,0.013872182414020646,0.0028215092603294076,-0.005421194312696524,-0.0873113670582327,-0.010951445928678086,0.01819568756956759,2.2562220556699373,0.005976328222988547
0.009808951232676508,0.054070281699797315,0.18200900213700266,-0.005422438502129348,-0.035556700773949235,-0.25895379156082565,0.08089169093839099,-7.783098433268363,0.009768574375273675
-0.004731529361242867,-0.008936440758102326,0.021270713195534932,-0.0027746305814067736,-0.07432084547308326,-1.2217580707926567,-0.00020821034826433438,-0.008325356987126935,3.9970966956041147
-0.0025153922868780794,0.007090420769715132,2.2017787623706147,-3.7994342007139204,0.0028825258708223525,0.002452859919806622,-0.002797213996107236,0.015524869214644408,0.00034712121274222893
-0.018626330133753383,-0.005045742580902379,-0.0017628230648832378,0.00018673076379478366,0.011956761506580621,0.8284274243689477,-0.0008318514896132542,2.317263409232778,0.0032600007269659517
1.9546835088255738,0.03738751194415964,0.18817876689238977,-0.24790242373922702,0.002164865621402362,-0.0001957816483056262,-0.004199399741622759,-2.496918274198133,-0.01753445401357487
0.0034034889516926306,0.004811736402935668,0.0008692088116437147,-0.018755109972115783,-3.918364208156135,-0.025183552894784467,0.01137438545333369,-0.0056782655640916675,-0.0030196623963936776
0.0058214876152721425,-4.072691673191818,-0.010300628698976681,-3.2844197924050067,0.1390710817366716,0.0018118779353456724,-0.010122484752539462,-0.10778317913719862,-0.6394555695544579
-0.005323137751449351,-0.042586564577877746,-0.005468718654245714,0.0008461085291799567,0.05479566239042828,0.007225543943760989,-0.02112970021774691,0.00043947362727859854,-0.0015514577115321214
0.007219421794635868,0.023765994637481525,0.041039740632335064,0.02115330858650267,-0.00805313806972277,-1.6386015984017757,0.5003834877738602,-0.002307915502780731,0.009559921787496409
3.0011926185653666,-0.010394609029031273,-0.00034103163378255497,0.005435259060096113,-0.002389923895047434,-0.0016258644181752786,-0.44423508775773873,-0.01799982441429259,-0.011097679548317696
0.0018438945951302886,0.004927343292803524,0.004084263359948787,-1.9099139182314548,-0.0005751921529158033,-0.0004127814568418438,-0.0023900335651953738,-0.00022515425120295173,-0.00597141719745487
-0.0007577036465732795,0.03731510635783841,-0.0022889483259246465,-0.0014937404242691514,0.0048719264646814135,0.0025880862864425536,4.45731408221678,0.0088881313966086,6.075320523287256e-05
1.294608600611533,-0.0037714572293652,-0.013650370501836944,0.0028457769983226554,0.0010005677061591615,-0.0005181143759467395,-0.004606307076307402,-0.008237591612079386,-0.08088046938187202
0.010680026903097153,0.001976580387907284,0.0010518256068988863,-0.044155070736439206,-0.0036582623694716015,-0.7036702788002512,-0.0010421213608334742,-0.9611333288301979,-0.00964886958361693
-0.04081428475008221,-0.0017002739433582652,2.848083693894072,-0.0048864786745072,0.00733187558664599,0.005521604272982686,-0.000269630576730945,1.9610671056595363,0.07276558593702048
0.02319771420237008,0.007621114915788362,-0.017947021642727906,-0.004036313568325909,0.01574071667580801,3.024871171157963,-0.011451750438655595,0.0010365217792423541,-0.6145543106562408
0.01377681459287794,0.0031542529087993376,-0.010684828164889526,0.005683494068141393,-6.596787704797258,-1.9005046280040112,0.003557220395822548,-0.0025904550200708254,-0.00509999395861937
0.057713916393696385,0.030963959961821823,-0.005708441510192258,-0.11246917301989379,0.0006213038374646151,-1.3905718974522918,0.014340908104187977,-6.537269708743985,-2.8393769732594976
-0.0009789385133922265,0.0007742659964129541,0.011107909616566939,5.197973688818299,-0.0017459857604687577,-0.00018061601594274033,-0.0001540336395292434,0.0011782209607605842,0.006688960837426622
0.02342622141419927,-0.006155527156571726,-0.004049099976427134,1.2653761711975633,-0.00225936701619589,-1.7948063970991819,-0.003086541292069825,-0.008626926551751764,-0.0032426956497063463
0.008659895516246652,0.00641953902819078,0.0010484618767690225,-0.032266248894345144,-0.00283530508589086,-1.0371821970720407,0.0028808749046968646,-2.0487221987388198,-0.00493117154759521
0.05274244076019048,0.003829276039903935,-0.005359470163923508,0.0009432252258400999,-0.003176666752513324,-1.0037677458192003,0.006614055178462863,-1.8236594809498714,-0.0042142156328041774
0.00253527645254787,-0.016570136612422445,3.3717049405741113,0.011548558268617597,-0.004217769069388089,-2.11020000963895,0.0007535342777426485,-0.01354732325806969,0.00468164540162538
-0.3586059211589415,-0.009933202260592133,0.003412931316191993,-0.0014243701686730299,0.010300419981986664,0.30115444607723063,-2.058248607717185,3.369507872972498,0.005108112135460377
-0.023836586163741735,-0.014838717308836877,0.003831601458450521,0.04230499281447994,0.008579141042981797,0.5681669780476295,-0.020863015645603486,0.0033577265455891833,3.057920068882289
-4.754498296771076e-05,0.1915177142210991,0.005795908279750204,0.0032949614962666015,-3.355918661897811,0.0015194983734036632,0.0006676954582481597,1.1916579843140902,0.0028791781333678823
0.012101883247707723,0.0052726646792193785,0.003791188781569921,-0.0011567320429465844,-0.008432378537187812,-2.9641822868318686,-0.004914236290200158,-3.865154502983007,-5.219285598843392
1.1743761832982538,0.009376848882204185,-2.4800659990698772,-0.0007622562985099453,-0.0010149332890718038,-0.002162768501892221,0.0035706984326062917,-0.0021347599437320994,-2.042960757713818
0.0732448276464546,0.002661102881309857,-0.0035983319834168833,0.003044012842879188,-0.0012407449666721043,-0.0036176351908689293,-2.243934438933289,-0.02288866813397525,-0.019558345286927466
-1.0948690599388684,0.003975395544763921,0.012786070721967068,-1.0348287089371944,-0.05979060352498463,-0.004297508904461775,3.6137815173864345,0.015980794723372382,0.012463989695097835
-0.31406891016237093,-0.27000800313314777,-0.0008952369854751657,-0.446083319137047,0.05546106203894208,1.0494637566393488,-1.87589308316121,-0.0003196614069607834,-0.0011804833540849588
-0.005323312955249114,-0.016665954033556432,-0.004970423479635548,-0.002923751014258654,0.03047707685598261,1.6272317415117428,0.0012682817893948511,-0.0023067884046232925,8.966368308007192e-05
0.005443628997956289,0.007593304258116314,0.013910026753114108,-0.003547782749991081,0.002266156260035594,-9.524807145276491e-05,-0.0011953419748558449,-0.006813758135573967,-0.004709556927122616
-1.1517541974807977,-0.03096356774739155,-0.02614820541530069,0.0010465557089179357,0.005868010596299433,0.007929872448086897,-0.004471759439176838,0.00382687726258682,-0.001453831524209791
0.004769478049316257,0.00330165456025928,0.0031656202775116387,-0.01241296068890195,-0.008122190143894164,-0.010672384792217863,0.003537442615187736,-2.6813470236920582,-0.0007031163480533051
-0.0012673816343205298,-0.030396865992988395,-0.007113159415594557,-0.0032547568824305914,0.8442670006723917,0.0015483028035045785,-0.0012761981225526066,-0.003974350452392069,-0.0017157254119669401
-0.011518774278710703,-0.11010142039211268,-0.006440152534062691,0.004607044384925122,3.304045509996065,0.066513511065318,-0.029208874454041123,0.007083790353580646,0.0026473508045736106
0.6327655272356245,0.13676048802269314,0.8978481928744535,-0.02986696460369509,-0.01937292398788823,-0.36696550581921406,0.004326548418298146,-0.0061121778450697745,-5.015356503719039
0.1368067418529632,0.008580949620965186,-2.886006967109065,0.010043271841254597,-0.01445989244012965,-0.018804306734644335,0.029346376852120912,-0.005832569724231181,-0.001322583847751014
0.0019531491459100223,0.04044460094608658,0.1047371168325471,0.005638824009041149,-0.027955544785182918,-2.422115883275549,0.001716418454089555,0.002505234216455555,0.003987332724751845
0.02053710491914655,5.895568555657947,-0.00181431615461514,0.0030592981364062476,-0.0009673920188730013,-0.0010900763766286173,-1.9240625037094299,-0.002110543271559294,-0.007064077108863066
0.004654726933028875,0.0004873604250177875,-0.0009771448604079926,-3.4518592398183943,-0.4698361617569406,-0.02625674689698259,-0.001459157562251645,-0.003945791030462718,-0.008663295327881817
-0.0030705065989953583,-0.0019359229335978866,0.004088576239054887,0.018469768909828356,-0.0012040239656431395,0.0003258323384967023,0.0018365643649215372,0.0025995787123187586,0.10596778683309394
-0.0027760840956922014,0.0018709509335238343,1.0788323959879476,-0.0034504316386722023,-0.00910530386535445,-0.0020453518453809015,6.887276111505053e-05,5.887883224747144,1.9740583626519204
-0.0011119089358827918,-0.0010555753802834792,-0.003524569109314544,0.012468000511349876,-0.00691557928818869,-0.001478138412406335,0.32048356288846525,0.0036258637788612845,1.058486705578352
-0.06949688222800465,-0.46915076667083433,0.0025925695985618818,0.006998115313754744,0.0008901230836041336,0.0058759425510613444,-6.434377463492933,0.007346405884146483,0.01376859647823514
-0.006273325652443446,-0.00946408565703507,-3.4051269047993387,-0.0005322815440795582,-0.0032997948352895207,-0.0007929427466315661,0.012424581627135164,0.0020089245500417227,1.676236823804354
-5.537066322135187e-06,-4.836460781468084,-1.6626447552549806,0.0048013613566258995,1.8001396243300771,0.008194610912761524,-0.009975106120135996,0.0008739034069178628,-4.449521147977949
-0.00027018303373578924,0.011260295561563759,0.007009081484775141,0.0023126318623736034,-0.02315724210185572,-0.0018527988229638825,0.06418119996000812,0.01208407912371584,0.3224456076924466
-0.01571899299742569,-0.0008287426415610356,-0.00668309420426047,0.008886783618558401,0.00969987026675781,0.8913457144787384,0.00874709562311786,0.27382122833887645,2.200780523115281
-0.001997014161955534,-0.006468070461844694,-0.0010420394676312538,-0.023767365403370766,0.00687534972848893,0.0016384970106581714,-2.3575451680809048,-3.682560226851433,-0.007342935779888954
1.5743951933988587e-05,-0.002332898459717403,0.0009170897999238306,-0.003438563917435798,-1.8520410701139036,-0.002843230826927917,-0.0025371608632817804,-0.0002984027418502363,-0.0010576784170678285
-0.006897292051803671,-0.003181163052998602,0.004385664456602792,2.028141930754035,0.001939146427121776,0.004332223819639867,-0.009634140696498806,0.00970611344348655,0.0060483701803419904
2.6451412912352934,-0.003971703242589553,0.0038472045003845497,0.06581799564583875,0.000633442741682852,-0.0017676571111784334,3.475334436078999,-0.7533090231655635,0.009926200490437062
0.001547002443025797,-0.001937892074361007,-0.003927566113197647,0.006620944202962434,0.027472100210702767,0.0030073483836793,-1.476476046951799,-0.0013604204450449603,-0.002948504886848586
0.04592329240914458,0.01135511276583598,0.0062361042520119436,-0.0009966672294982816,-0.002161883095755577,-0.0029098254716618307,0.003317221580323785,-2.0829121483688557,-0.0012933671225007284
-0.022417149647928906,-0.0066574777631471325,-0.002078380230139714,1.9597275907179783,0.0027443753932608894,1.001762384233833,0.0012523409583734615,1.2841858117335356,0.011337728280804024
0.0023533057117387304,0.012929619533907824,-0.002665927124221346,0.04578575829790243,-0.00991317102817782,-0.0011365439318793222,1.4792652677396674,0.0025212181700316437,0.0020294738020251203
0.002400393026474157,0.00677430456155903,0.0003330328076665001,0.8534337131552148,3.5612053127564054,0.00924322744315742,-1.4362129988917478,0.001900453340292499,-0.0007437977204700075
0.0013651354046597172,-0.0046356738775419765,-2.4902812023217127,-3.3731018129449097,0.007736373445168651,0.0005636416908031141,-0.0014610145012982122,-0.02003422549588079,-0.05124328539887418
-0.006482548318122249,0.018340959023551352,0.013006657154482201,-0.01722460000280409,-0.0022658659079893262,0.0003624998251126549,0.7453260548185365,0.04426497078268907,0.013243371897648844
-3.523127077942761,0.003500141793906763,-0.0014232457802929518,-0.0001568931879501059,0.006677099759698282,0.008106866680647456,0.004753267421347206,0.009301830355539715,0.005531473955534355
-0.009115370204976915,-0.05267725358266223,-0.0022367498582509145,-0.002606253415558004,0.008058150713116524,1.4237844606656949,-1.021773239639427,-0.00023517730166171952,-0.0012354909647969824
-0.02939372523454656,-0.19995512210332556,-6.3332833068678624,0.004282519009854158,0.00602350841950322,0.003925600001232418,-0.006764464870078049,0.0009419966044579287,7.447313709008973
0.010824343340930976,4.099490633556074,0.008615489831688028,-0.006293935916132505,-0.0021707123255158556,-2.5788794963558304,-0.010495443807072125,-0.0029933048552073906,-0.005039822014707686
0.00041472549410111886,-2.336521803262123,-0.0069559040943695805,-6.807898682236494,2.568902619964896,0.0017392265015398756,-0.008762460070603176,-0.0034907813755947195,-0.007314470948097819
-0.0011367913945302343,0.009404509957081262,0.008644008580527583,-8.41181759583862e-05,-0.013106309971203697,-0.001888097629411545,0.00821621692869431,0.7593897326748419,0.027505155964994053
0.004187750629168117,0.008145600848959725,1.2747322134324228,0.002786380221284482,-1.3953585847459937,-0.9024148744124352,0.005876041677330697,-0.004047319373855593,0.004370595191795912
0.24454702627367877,0.0218365747640267,-0.0011452407761550342,-0.0010693008226368497,-0.026610384529674777,-0.055091474468112106,0.007409175203529795,-0.001964537869096214,-0.00277611584761565
0.004448986840618577,0.01220051643121195,0.25020076211297504,-0.015946753786940535,-0.0023799433079920267,-0.006684640196047101,2.063992712082886,-1.4283067685873603,0.00036154663375917917
0.0024406912319108703,0.008967568908248139,0.0062930972584983105,-0.008075220365705816,-0.005333743568558062,-0.0036288300212029296,0.06708084908687878,-0.0024561970109424026,0.0016430913747742487
0.870097410910424,0.0004249325355424119,0.0011650174428982085,0.013519145789239725,0.02826753243577773,3.5468211114384314,-0.47004717966317955,-2.428261847793544,-0.006474972300773828
-0.00766952174133997,-0.0008951492721167888,-2.12508297647114,-0.0032514537856094057,0.0060693737247175875,0.00231830070192265,0.03417892228955251,2.312020338608649,0.012130162432680766
0.24323210007595447,0.003886448321513835,-0.002506232210033025,-0.003443392252233603,-0.000324318650090887,-0.0020198740033144087,0.00032678715913665637,-0.02318777586650435,-0.025675042700489988
0.016877219728159816,0.003168425499176789,-0.0015022364988618682,0.00156920562888712,-0.0008435714147163359,-0.0015651023174558538,0.0026141634423188136,-0.29254397291466483,-2.8331529119162076
-0.004044849661653703,-0.0010281507329649344,0.0006087554313587177,0.5549857793276922,0.0022020685708175483,0.00205472708734674,0.0020198479982425693,0.007347782293716033,0.43385955343256777
-0.00606651129220908,-0.13358049493572355,-0.93979706828614,-0.004984634307501581,2.7692126865395332,0.0015765747157203275,0.004177807757974077,0.0005853507386350074,0.0009242889407806293
-0.00024408885497771457,0.011396293639956426,0.004316861716050342,0.0034999232126894605,-0.000716733866613029,0.0002692603061315609,0.0030342577066698206,0.007317694922974684,0.0048956831488693835
-1.211911356389363,-1.728954193920169,-0.003497644593069782,0.9772626963639474,-0.0036048016099788915,4.000150437062005,0.012128787357892024,0.0027688795074477185,0.03457691661573814
-0.002873662642513068,-0.005620734291955497,-0.008195031260334171,-0.020492369424923086,0.9340913192989191,0.0024937137328606904,-0.001722646285534958,0.0003930260630664235,-0.0024015454127116953
1.2120754624320116,0.001984195571638248,-0.005094046476585814,-0.0034999487767928003,0.002743351967508134,-1.1779490504776426,0.013342086325828312,-0.024078554662669074,-0.002954370595169585
-0.001334979968412725,-0.02123694151653227,-0.05632350187976532,-0.0011192349310501,1.7191749774241483,0.004183453629938792,-0.4481778395929745,0.0011107304188129287,-0.004486439486653279
-0.0025939909563326732,-0.0016507587692115259,-0.00029990103558754505,-0.003126255239928773,0.010558299267717786,2.0201860577634587,0.0007788074567094683,-0.0006013624609448873,0.00015858653570021905
0.002831671473207286,0.001476265059363615,-0.00025148788807805126,-0.6254107988078194,-0.00425770019239717,-0.002693763085691698,-0.0010610130234552557,-0.002908770749868315,-0.010417334167041978
0.07838048692289644,2.0114837028973005,0.017130450371488498,-0.0024477944478013603,-0.008316879332085803,-1.5541635736742565,0.002437054600358507,-3.8401676927868564,-0.0011818531012215971
0.9497268447241336,0.5416155937857786,0.008007676193898217,0.0007220363559379975,-0.000189361129514792,-0.001975677458424027,0.02117176371677163,-0.0040986588274874265,0.0015678653550337297
0.0040030336125715105,0.024121914342262685,0.012731723085907903,0.003837225641316472,-1.0226044086138124,-3.6970426392325546,-0.0047713486240442415,0.005355246248011841,0.00043810965236775606
-0.0007488834675007106,0.20691624470180425,0.006246598784451331,2.9236418559419595,-0.01509149770915155,-5.9890719712740736e-05,4.383567745140098,0.013496964449218562,0.00923423408581471
-0.001837521897986187,-0.02955432021198809,-0.0018031782818353555,0.002742149540532009,1.8236843601480301,0.0028540273184806536,-0.0016449612006625065,-0.0016792088554428986,0.0009988526066758738
0.0011964911420785755,0.005127229618596459,0.00764477864161074,-0.009748436091889825,-0.008520431327710345,-0.0030564987277583674,0.011690849690943856,-0.0011961624748770168,2.3600199829258717
0.0020122951093867886,0.0010453560124017158,-0.0022888150828880697,-0.006117715574434001,1.3189055503483553,0.00045272167173443165,-0.0015855497454291374,-0.00374667320522531,-0.004849120143482393
-0.007393704161583169,-0.002026111385967069,0.0006355316724263656,2.37113035923344,0.0072256346432523,0.05964930939464121,-0.007008372126805653,0.6930025647890644,0.0024366895275608376
0.3032722650913708,0.0005240915307520866,-3.487165378779555,-0.0006901118967321091,0.00045657661639708635,-1.4414828002613125,-0.0007402127704174422,-0.014772910476111387,-0.01778923228804763
-0.00404818278787459,-0.005667043400830909,-5.245868664369676,-0.028633863994319456,-0.012882913818300777,-0.001837305914062056,1.762952712612034,0.0034503712793566743,0.00209164582898882
0.01157314447810576,0.00804356667699886,-0.0010296737433917672,-3.0074299070702684,-0.005152427704675402,-0.013463286132647155,0.03140693410191235,-0.007954021891947546,-0.0030711475262537938
0.011885826287347558,0.04181369688791603,0.0026533050707191145,-0.00793724423166715,-4.04795800016446,-0.13375271722902826,0.011515503603338603,-0.007888803775346193,-0.004574980470830665
-0.07692570371301621,-0.012244087264977242,3.0218409123528365,-0.009589123943416974,0.004735225682685321,1.3392629850295845,-0.6477536306473191,0.001245003744210403,0.0009172188270435248
0.03994523321493641,0.015737553314420578,-0.002597976135265131,-0.005078308463788983,-0.010487748404824491,-0.022861887798753217,0.016339438083313035,-0.0038385972896917185,-0.004540000699000344
0.0011766931773915204,0.003971420268219722,-0.0022171694677293697,0.007351022384196228,-0.0017061826151640452,-0.0006184930241240023,0.009701239427824764,0.0016695965677856488,0.002824570026043536
-0.012037437994545428,-0.002701378838778346,-0.0018283580855084428,0.014637144584743654,0.0010461703105240916,1.0442117514545226,0.003540827748008145,0.009028803603794515,0.006898284802738516
0.0040958091566670705,0.005475676312757943,3.117534080234267,0.00034790420256555787,-0.04148918904789993,-0.07285821228080282,0.07297535466904348,-2.9538612029450895,0.01730224402460443
0.0014123172668349393,-0.002574951596413952,-0.05184428560183112,-0.0012219595905780024,0.6395351149417234,0.001538933981129028,-0.0009773979900085867,-0.002083615421917865,-0.006262733984192322
0.0026922783954353834,-0.10116506250173452,-0.005485696771068389,-2.1279496985153594,0.0007418498597366755,-0.0019577359311629128,-1.4701237495661987,-0.5845633381208049,-0.0948517747588205
0.006416911452031073,0.007570554988601472,-0.0004451826768704192,-0.0022010341283082175,-1.2086266761725974,-0.25966104838693815,0.00790205582718526,-0.003238120199584806,-0.0016753482634831634
-0.004903338261359304,-0.03671818463878551,-0.012606110582905818,0.14658930735409464,2.431477941667529,0.3640686810041034,-0.0024357974304418644,0.00420497082334783,0.0037252531416145365
0.002043553724994375,-0.005952602266057159,-0.002299475076374045,-0.005878474675254421,0.006265629183910493,0.00045419972009580435,-0.21359047608451445,-0.036988356639467715,-0.06012584063824078
0.0001806885697077064,-0.008287153504697713,-0.0017067293779100328,-0.0015232197450674003,0.0005168290863612436,-0.00014207324356718676,-1.8007508034811153,-4.098801191076844,-0.005830682229708603
0.02113058871609242,0.019019883284091096,0.0004518255281914165,-3.0595275835021267,-0.0037535592202361375,-0.006678719580284672,0.011494810597205727,-0.00566893242851579,-0.004376126158606483
-0.004254726370308872,-0.0006054883333000996,0.008883486397088346,0.018449663877579438,0.0017292577697494294,0.0021166717109610935,0.0002374834938128447,0.004734403721631585,0.0464247360619701
0.005189016285778142,-0.007992278615614967,-2.2511857357720664,-3.0040194859309426,-3.3639171178521403,-0.029205186029544805,-0.009642005272915605,-0.003993601745447445,-0.025133729904725025
-0.007308405207978916,-0.022807833488157653,0.008641284553269107,0.01928676283237117,2.6193260516216843,0.024589515206973722,-0.0017735371808693156,-2.802512442120337,1.3921088612650214
-0.0025955797717599136,-0.003002404125772032,0.004361794613140457,-0.001353060182069812,2.9634217539993664,0.003968550364286116,0.0010571835355467946,-4.26808859217674,0.0031845692662272607
0.0012759927902237017,0.028788480478884076,4.261572313188847,-0.0035383635861987914,-0.009087146286359453,-0.001825981235557982,0.0049602339140699826,0.009029476708829885,0.0020891514937879663
0.0008168200130245972,0.007594491286956766,0.24242119727666844,0.03509343696395308,0.00028382124860053465,0.0002348751744216948,0.9817046638231617,-0.001395038264435238,0.017910145545130575
0.525311885493914,0.013748170783361796,-0.012293579170027574,0.02942573707807497,-0.38798355167874893,-0.019565161530807174,2.4658261551366394,-0.0008689176817107125,-0.004363234203010154
0.004848776057715468,0.008324545521204594,0.0006959843798197054,-0.0066149676117415995,-0.020429493200116083,-0.39986862203145895,0.005897975238692028,-0.0012540437849343962,-0.0010154870356012622
-1.5517273151980902,-0.0024107266984164264,0.007313768711549931,-0.004702096977231077,-0.07371681475949626,-0.014402944094230302,0.02661276170661553,0.0016319617674192357,0.1622037995665967
-0.005145914493934714,0.030100340077892918,0.0313899968701314,-0.0008704018346841254,-3.9796778296016884,-0.0005471945948170021,0.015282548354467589,3.43005132965624,0.02380778066022901
2.95093204449274,0.006908995937469298,-4.4910020549540395,1.6012837716734933,6.244936724895904,0.0008884097781298728,0.01142935974426376,-0.0022437419748295995,0.00663950367225713
0.0011131205491240305,-0.004254594125371032,0.008405385819537915,-0.004493538642102836,-0.013920161533375545,-0.2135173857679853,0.02274997689862474,-0.03674506806202232,0.004236006819446005
-0.020844781627845338,-0.004907711884445921,0.0038793089485873386,0.02460602204997228,-0.0029152570277889422,1.1846462970863656,-0.026513310220511954,0.07089735397948216,3.7231783361844926
1.864539026288596,-0.005473748848208826,-0.014980935095235116,0.012325262602522332,-0.0016619934375156284,-0.00145171104143705,-0.0027551057868478897,-0.0026813529352377446,-0.007960957380456352
0.00291490509138827,-0.003925619306411526,-0.003690474919131167,-0.005695225594461395,0.019659817812591455,0.0016345645673448792,-1.2012429753654954,-1.1920108745642877,-0.5327129223424056
0.039115186839903296,0.00907870085756678,0.00043879280169972085,-0.022055412255562748,-0.006856830928982788,-0.02372005703048556,0.004238327996477337,-1.8766213036515371,-0.008352462417600903
0.0032679979063468343,1.661126478394881,1.379579241685945,-0.002360544089556292,-0.03641512723861151,-0.009796813863069829,0.09437098499521149,-0.001982501063944339,0.0024918157190331656
0.006512757042906809,-0.0005131073290923557,-0.0047892439231705716,-0.002166114564498707,-0.0011653464206261852,-0.002010224556993123,0.0005126513670325843,-2.06569008879632,-0.008396408818314958
-0.015488646545447817,-0.11652730089476367,-0.001898613639603433,-2.07995275219818,0.009007319066672903,2.7158296113693443,-0.010396253371795255,-0.0021877978058962907,-0.0021263038590143626
0.02173702056768504,5.291273083892085,0.0029925379793322715,4.255177885337289,-3.437573953376762,-0.0065810393901082065,-3.4268137171151025,-0.004841456040841647,-0.005075250426030346
0.8594417667311363,0.006521336238163833,0.0011282370965977045,-0.00043838544071269123,0.00024338396459992404,-0.0008206505723371153,-0.0018701766902400122,-0.004543682682577478,-0.009510089468649906
-0.006899250097670019,-3.880245627324335,-0.0059038492230093775,-3.8805961959954396,0.05209743058225963,0.009966872533341276,-4.467401411641868,0.0015285001791814426,-0.0017600258055368023
0.0003070560597225047,0.008086039528422878,0.004120108845692172,0.05201657595772008,2.625583544100776,0.017888474220701167,-1.238773746141161,0.0037236278729459206,0.0021629769544209247
-0.0016579200581078347,-0.001462067474553512,-0.07100868342570466,-0.03999816253387117,0.01471412869185551,5.297322187522058,-0.004341115104821935,0.003294866161931219,-1.540438533876594
0.00677982949852406,0.0014760006892743033,-0.0017253649519828568,0.005851714986353815,0.008320456861322231,0.003313296719383753,-0.004289947955373882,-5.061651748529508,-0.010238680675567685
-0.0025573392144398917,-0.012277684218950508,-0.002385624715952747,0.0030692439111171393,2.3869769195481823,0.0070207622317473295,-0.011107255050181038,0.0016236640769032584,0.0003159313839065231
-0.0459294437041291,-3.6075303150017994,-0.001489037982557312,0.009851491535992851,0.012596081037418189,0.025778529116523008,-2.547219013632894,0.002166055035214942,11.073029740472634
0.002113091410750653,0.08141960863722614,0.0235727033188452,0.0021866871474812994,-1.5169149698410054,-0.0033844298201865866,0.013904290927141799,-4.5153369096002927e-05,0.003042997498449321
3.521367194573119,-0.004188268055746614,-0.0250168282770688,-0.0022332616766320337,-0.007837445867897835,-0.05092665208885605,0.12161378748527296,-3.5634179655710856,-0.0005290109218251543
-2.132190386774331,0.0045207400742169335,0.012570214467277999,0.003324808772399679,-0.0027726666003933184,0.00023284506768786808,0.0030074948217247224,0.013249426226341935,0.259198807815054
-2.002221371065024,-0.0033242322441546087,-0.003566687832656219,0.028400414340339457,0.00454272212792569,0.04258613301274773,-0.0008731194816140146,0.1591371306236601,0.008064299187198969
0.001574560357532468,0.005666210003823575,0.011382574144561237,-0.4317909663664754,-0.001584259891895843,-0.0005707003993848179,-0.004949656163880536,0.0007700046094889848,-2.4330069344497702
4.457510854561334,0.0015412904398824333,-3.6620681920188316,0.008454788463393861,-0.006552304937482947,-0.004854063333636039,0.002901624606258736,0.0026537634214186742,0.002005720560905533
-0.1111919601625202,-0.0035562060734125453,-0.0004791290287699708,0.0012700423133263476,0.0008187364888139897,1.24405864502248,0.004319932298422126,0.010239429079514853,0.00731089087623376
0.019753709623168983,-0.003342241909094365,-0.04725141634973254,-0.005757633698965772,0.0012287769115673364,-1.131538950972367,0.007331558078022132,-0.3498599306771113,-2.310005056882178
-1.7680877953442005,-0.009349278287233566,-0.01491411797710191,0.2552964120125356,0.004111171756381576,0.006565597777476522,0.005107123348615059,0.004615523820432688,0.02173547704185992
0.9313771540128123,0.0017433941573084281,-0.002821953717934748,-0.003964051887005911,-0.0012174054113614288,-0.005681661984691187,0.003415240178486755,-0.4164621780668212,-0.005172612447969301
1.5585283421885388,0.008358329339131432,0.00010722140528544172,-1.1115447745820712,-0.0042823512861508845,-0.6280181411899348,0.0034570190253335117,-0.008286188070329291,-0.027526190775898324
-0.0015042422070096501,-0.04884429619056252,-0.009394122715989668,0.0010016723838970603,1.404537437444663,0.003813861679857398,-0.011122238761360089,-0.0006060490746138503,-0.0017389095224698767
0.00483790340059666,-8.035712118345646e-05,0.0003673803192333937,4.982085876244127,-0.012417075982118234,-0.005267269754890715,0.00045091612063324557,-0.00580239613503748,-0.001969598284395798
0.8346740977125281,10.01083088065442,0.0048628512543408275,3.7197307162242064,-0.005100902354097547,-0.0055652510018979525,0.001703574378533551,-0.016989293447980246,-0.0019531886856764885
-0.01509729828508866,-0.7077689413604211,-0.0020529746095546125,-0.026650133291501864,0.003939788084724208,0.0020428038721899034,-0.03849178793771561,0.0008596130908456918,-0.0025613778082306696
0.00728904590877324,0.014851426244158356,0.0026181200649364206,2.0806187967357292,-0.0035606704852037194,-0.0016559446151263064,0.004492347963318881,2.6586736614610293,0.004526740358300876
-0.0033328395118153373,-0.13628114949348089,-1.583524139272086,-0.00568533140904709,0.33893971234068604,0.0037222027678280693,-0.018908494213764254,-0.000264724393063441,-0.005732577249410207
-0.004854139606601072,-0.0026444189558023808,-0.0020077451080786693,7.7495773301816815,0.0030731705255695116,0.0021568838685383884,6.45366636162388e-05,0.007840083822031704,2.992384479250674
0.0023628978712977033,0.76259140095131,0.011280172356773754,-0.006434411557061176,-2.48030339106543,-1.4643951416830898,1.4045646121075013,0.0013158476369772298,0.003121367502762244
2.286210134155061,-0.004441847404769328,-0.0002752369978021134,6.218725838866471,-0.001006185930419741,-0.005638367881605516,-5.563544117658556,-0.031225276307852684,-0.007495307247629035
-0.0027485411146999927,0.0129230014657776,0.007156707756619862,0.003919682616061987,1.7873685857920139,0.06458448575907205,0.9060078610810596,9.10410561963214,1.8990433802476048
2.0169296713609848,-0.002614963870962996,-2.186388082220758,0.0020164778151079785,-0.0012348912643756135,-0.002208625285161795,-0.0007981725499847971,-4.828120557686752,-0.03655142878809792
0.011790079132252274,2.629033083867762,1.5586777729188381,0.0049438229113281315,-0.004500159213384314,-0.0030680671052239123,0.012240365316184498,-0.0077975557024795375,4.048527828752873
0.00043723413832131783,-0.012605358778883191,-0.013028480280851577,0.003388609711870624,1.6346016035272815,0.00356430942387128,-0.27864536959344466,-0.00046232448947970944,-0.0037712316148701183
0.004234274842891841,1.861625858213783,0.03122318359870961,-0.057950113897186545,-0.01811931454367502,-0.17424264707413376,0.006997147998765052,-0.003388004142930997,-0.0005766908166772668
-0.007210912627790916,-0.009689876737785305,-0.001132416740181585,-0.011557649358598335,-0.03332927124727558,-2.4862554948977813,-1.1147098344132784,0.0041851690677532985,-0.0025528000121664424
0.012420447762394999,0.002170836797218299,-0.0011046179565558298,-0.01129776943200452,-0.004349527660110902,-0.6062294191807793,-0.0012028514765444268,-0.0076497644724797306,-0.007655141998235527
-0.20660389525118555,-0.004394380415932314,0.020692504488836687,-0.0019525690013474078,-0.0009211187486413003,0.0012142562996792245,-0.00399101446901658,1.4071585239713027,1.6430553091860545
0.00652833639498801,-0.003534903872017464,-0.3095118563840975,3.310561636660931,0.05982188247141185,1.393493996249305,-0.005599297229990807,7.745670648913801,-2.859958823961012
-2.199199765763511,-0.023567952549528738,-1.267574023974173,0.7961427262044768,0.006291305961861837,0.05381970104610739,-0.002332160718017357,0.801833728020969,0.0028002547017700746
-0.06208628468806838,-0.008500382437162111,3.4490063277196885,0.007845494792764144,0.009643324163416601,0.20351020309020568,-0.005836381660964304,2.1318897807853547,0.0869670710999233
-0.0026264359457953343,0.017638846230975162,0.07380764537525131,3.550351651318989,-0.8651546875630134,-0.00032491217050176647,0.0016211758662869349,0.13810559380671844,0.038381953412590875
-0.0014476946855172118,0.003467572129841422,0.008942409125510857,0.016263056714696605,0.0015355461565968263,0.0018652245501933696,-0.002363289606607879,0.055676125804112964,3.7727171489324594
-0.00715797751965804,-0.004119289061244585,0.0011838042296839538,0.006017468619479231,0.004488250849516004,0.004584308279168446,-0.003148980228247332,0.005873746592185934,0.004544151538057189
-1.4497767334571858,-0.0025546156069409243,0.008471347555152336,0.0024611240810202936,-4.246539430772249,0.004072839236158254,-0.000633714264628998,0.010697753560398864,0.03080917854663459
2.047090326724387,0.0074217855131887,2.3068823332198845,0.0013695185505022156,-0.01246662815719407,-0.025561329650796875,0.003525791049228573,-1.2771177471321418,0.0032085435388437486
-6.833394564501744e-05,0.018445514353143955,1.7998818055595478,0.0005857098686979142,-0.00620607916471276,-0.0010327793979344978,0.004722433745763679,0.028086701349312654,1.56480124274177
0.0014387896094376837,0.039939039722157454,0.00125756604344502,-0.006452164681488862,-0.020866374173986457,-1.3672360590820256,2.1524321017749592,0.004403690593765913,0.00021860685668057944
-0.1975236373158962,-0.014970133806767276,-0.5596410695176487,-0.0071994758248554325,0.011706591134500191,0.45490342843558007,-0.02552483524276547,1.0399528476041489,-0.006648268136015224
-1.0592207654913948,-0.010471359178235731,0.372037191350354,0.004295883251254477,-0.0050199665890815655,0.0013749925403236819,-0.7411155677367893,0.0028958456511589915,0.01434400150551875
-0.5937929714340183,-0.004998812431838327,0.0064405514854559255,-0.0022511226422140336,0.005486934821829038,0.01566242402526639,-0.42133030764225976,0.005374330985995851,0.0020534176368702927
0.009562994678740208,0.0029688450963199775,0.0061243590321653565,3.427209377355558,-2.8223968257118504,-0.8330616031492557,0.003822713665775985,-0.010532180837136418,0.001856780559578386
-0.00283600291230747,-0.0034900980822317462,-0.004840624885603976,0.0037431622538114454,-2.4912262518015797,0.00019621589027619957,0.006363824416869943,0.0045661649105717345,0.0037973424760149544
-0.006227446727797065,-0.003722083330898775,0.007628718127872289,1.4732655119914788,0.013272086073991492,0.019378666707364784,-0.0028996638364546146,0.0018692582682765875,0.014485421609896052
-0.0002988881358057865,0.0013574208330812895,-0.0015650499764868027,0.008701658188429036,-0.008714146437641505,-0.0010537326579936005,0.9566525589413113,0.0025500451630409145,0.005042735394818621
0.002717565468754842,-0.0006041089547429851,-0.017662323883436148,0.004171891300149843,2.569186565851557,8.983590804305386e-05,0.0050978304134683405,-0.00196114254401042,-0.001624573475544895
0.0019294388410852244,-0.0008097477060251164,0.0016693838730062727,0.005563317856087022,0.7615614101867183,0.004881340408297486,-0.017689383466863842,-0.007777679000923812,-3.5845171331943706
0.0016198419785665445,-0.0009155269474079221,-0.0005264202291525084,-0.018915204913286368,0.0034081716064375167,-0.0001574372168468379,0.0003049527007573781,-0.3053722192244247,-0.004696942160132488
-2.2003455469622732,-1.0330730581147156,0.001948649274283093,-1.2776196104542086,-0.0064834046024978,-2.2249260781139677,-6.374561860596881,-0.007954158386319354,0.00019528307793698074
-0.0028424352353871446,-0.5073905170029667,-1.1077554817586415,-0.003387818966527345,0.07957457473597085,1.2921722029216807,-1.3840716012453216,-0.001157116775164127,-0.00871928369651746
-0.014105291839772466,0.0018592385507203435,0.009869362524513077,-0.0043823376865892265,-0.5436255459926912,-0.002030398891994148,3.6865283525671444,0.022606119827730642,1.5393201517812987
0.037131982072559876,0.14981829416312875,-0.9687781939088304,3.6896841702409343e-05,-0.011204331349141276,-0.0046285014245427926,0.005925130287328252,1.644066182969315,-0.009586971862860724
-0.0004230069771267086,-0.004716374227208246,-0.004155610747585217,-0.00019494134072569778,0.569258362632618,0.002955175950072125,-0.003969253638274123,-0.0013995131618324825,-0.0024899435932336437
4.9636917390329796,0.020028220441370627,-0.004684145861311537,-0.01183204917466325,-0.006536866037417988,-2.3846988626635914,0.00463003994843425,0.007786034280204551,-0.00890438883671224
-0.0018902377050931153,0.004592519069933007,0.008936065230853078,0.058568452907715035,-1.7638886710317818,0.00012730671469006472,0.2816772712366437,0.003600348672048492,0.05410747869176051
-0.08559355180890948,-0.011717163230600014,0.001545380266814645,0.002775512150909012,-4.785963200132878,0.0031915275622916017,0.01374997825374972,0.008660633111630532,0.49229547091624326
-0.001893406665316074,0.003784477014298667,0.004678922048885321,0.01815708753866264,-0.002149350755421418,0.0004721930791339433,0.0009685297602075852,0.25008360613053693,0.012340187883540266
-0.7500093780027681,-0.010831667730337764,0.00614650232065653,1.8368772550046386,0.0017059368492772092,0.0090578398101877,-0.0033298435366487487,3.9573861061489284,0.02874492944570267
0.00407291491916356,0.003928340237937565,0.009481707458892815,-0.5833424802482374,-0.011301712089339116,-0.018098863057608095,0.0029736705271540056,-2.1366756768318282,-0.00019844408205810932
0.8908137330465467,0.011075419856672042,-0.00798117052580332,0.017034372474921754,-7.523215581349451,-0.019791924924723148,0.5097904782551179,-0.00565855048918143,-0.002173791244025527
3.242112797805087,-0.004813534248776782,-0.018801170237363614,-0.02575700709533025,0.001392965101858476,-0.015920453189578215,0.0023907796172864954,-0.020612076508468045,-0.6445487971536625
-1.7764534811966817,-0.002330540780190703,-0.004721720666283539,0.0019162133157211764,0.004211723437822716,0.010961089569089104,-0.0008595013071079679,0.022369013960480116,0.001293328561154241
0.8634679863867557,0.00478909489624855,-0.008294069184100923,-0.002635196451767185,-0.0036675712413610714,-0.011549186413425484,0.013935463493912269,-0.004549003589682701,-0.0034840520214455845
-0.1085919337439254,0.007483047296288348,2.0824636710750006,-0.020953107398906656,-3.108965714718181,-5.51589641759233,0.009997437999838432,0.024807756987904828,2.1298465988846824
-0.008839273037478305,0.00152784278348658,0.037908470217067725,0.01491166412688127,-0.009635565972065135,1.9284645476368358,-0.006073569459394246,0.007394732655647611,0.008058571767331157
0.003895293337807937,-0.0012155453897600421,-0.009735682779442497,-0.02102128499156318,-0.00672663783236222,-0.005222743684324356,-1.8198988209605143,-0.0027674910724661637,-0.16910258987877083
0.012348145347960554,0.0008401574946058643,-0.009360462849891562,0.001225478626154547,4.157401662766916,-0.0008697917130073007,-0.005734352055337573,-0.005388651682425905,-1.5039599907629202
-0.003942147179382877,0.00909561022883043,-0.008090787202488587,-0.1686439165091846,4.534179174037133,-0.00028187524823658494,0.012171077125970705,3.2509615146977264,-0.002475793343361274
-0.0006974133172978209,0.013666212858950541,0.004907932932473415,0.0017619380540266497,-0.13763024734866947,-1.3837114982460572,0.007412747166131647,0.004765004382299161,0.003960841838106832
-0.3587898876035418,-0.1163496324200082,-0.005098152799892647,-0.0059765410789606194,0.004130185914408113,3.981158896711006,0.0005718151310188657,-0.0007038068931944867,0.0014369864437696403
0.0006099632910767034,0.001044092909827446,-0.003080059838140901,7.578146219434229e-05,0.0068607601705999504,0.001905068860505968,-1.12152867977039,0.0007050012720696587,-0.004662221295312923
0.00023414846291876682,-4.5058858165448,-0.013831711836210125,-0.005800312003278525,0.008406594797187916,0.0015716102963833733,-0.014064483012167742,-0.0008680177237308953,-0.005983307819866376
0.02205952807548107,-0.0035667189137267487,-0.009727614826218943,-0.00047366628763808585,0.005515817834599673,-2.128496520760269,-0.00012018865450080796,-0.014186552942228621,-0.006204094873065346
1.6201189987446296,0.014267973241295754,1.1841722980835132,-0.0031508983570082607,-0.004816503772278644,-0.4614771285709921,0.009614077824341517,-0.017789453572994808,0.0021193892809791143
-0.005264637625720464,-0.00695146886982801,0.00010057981022500509,2.611508011144084,0.002469175521610162,1.0250051406618697,-0.013036434736516403,0.003501557308621222,0.0015631958000557715
-0.00023242450715427957,-0.009878066676454012,0.0029127392381508924,-0.009230773695416278,-0.0014670103681655444,-1.1025351456216097,0.005702478398193572,-0.6067122976126861,0.0010473108426938774
0.1276191618283553,5.426319079095684,-0.0033515728635588778,-3.206337443491176,2.48793534230487,-0.0012901826992352677,-0.0018199735643041025,-0.005941402686490831,-1.1350007087217997
0.04268669447211924,0.005139743465062092,0.0018005888219456926,0.0010676511926999387,-0.010231985208913608,-0.4645407624278402,0.0030557878993271587,-1.3357339404104505,-0.0018636744957560188
0.1818650761352977,0.0075746102246679135,-0.004344027785700333,-0.0028837679673256924,1.8568761927004185e-05,-0.0018528194499286576,0.0034983993918581355,-2.972057085534515,-0.009489437168899696
0.3540546456553014,1.7962891994515116,-0.00863124624887246,0.0004581294841419447,0.0012183067712804863,-1.931500822341611,0.03299657335714612,-0.0016119767735666814,-0.0035599117315830812
-0.0032719199840322024,-0.011264172798474659,-0.42758205738251365,0.0009915365682663332,0.01728412116855186,0.4595549828645402,-0.1444752975040553,0.0037197017549010004,-0.004244344464928097
0.00826244835359293,0.0037117846886867215,-0.00012697327165637345,-0.010458727008533099,0.0031232712642856875,-1.821173394612482,0.0014744824244187077,-0.006985445433753221,-0.0033178803787260406
0.0008505988664803121,-2.9029415273474726,-0.0499081124434243,0.09708351273897042,5.1160512718735305,2.5370177277008565,0.0007869195295849979,-0.0004182943328034927,0.001086655151148086
0.0005496697453422261,-0.029229304509301522,-0.010996348794523412,0.0022888574175747856,0.0052840110077042165,0.0009377728366260866,-0.010921344492957322,-0.013004734827442369,-0.009056546787794299
0.018181184631301917,0.0687970140892015,0.000108515219445042,0.664108025945545,0.00709374827979784,0.001426898220230885,0.9958633276602298,-0.0019506284530125262,8.578376202762266
0.01029239991662389,0.7386005139278036,-3.153199449600863,0.0012731475771459758,-0.011401205915345122,-0.004176872187889914,0.012010913298010188,2.0220685023018645,-0.0006136721993649161
-0.004761991774654917,-0.009748700939311433,-0.0009560386684224634,0.0025196165826861863,3.7720791268509886,0.004919089834378498,0.0020348327300261895,0.0020716922809839947,0.003912977704259503
0.0028558905186476737,3.6941234387086355,0.00311005965465104,5.714046620357416,-0.017694409056425164,-0.0029098441919472562,0.001436694722275842,0.0029049081855617312,0.0016306069642300774
-0.007082470050658109,-0.0036208749092391523,-0.0035581715646212896,0.029903036695270554,0.010554974647805665,0.7184390802718778,0.0012325839969505523,2.2144434870559846,0.006179277734689591
-0.015696772520322932,-0.005243344365985411,-0.011925659653875887,0.011324950243217108,0.0040000671625044955,0.4126298605579727,-0.0018981294584893074,0.04200896160583189,0.0029261791182555504
-0.0006944617495608027,0.0011212212724703297,0.006312641720267093,-0.24334139904315338,-3.744628556455122,-0.0020729534659320176,-0.014660250832718647,-4.9831792488968726e-05,-0.0034891522405544042
-0.0009518552195717247,-0.006163461177253583,-0.004421300658309992,-0.0003572633680552742,0.2820093559361284,0.0039386346310113785,-0.013121690904813717,-0.0009730135963119669,-0.0043240334683421686
0.004598479556939685,-4.166213027805437,-0.005948169995800296,0.0020533893725583827,-3.7207732371855444,-0.007056592511984108,3.1781449713721033,-0.005604517468916392,-0.002237160563766761
0.0011597271917341866,0.002336456837282648,0.03374409213707551,0.0004958627610229761,-0.004017415152893686,-0.0019671860516219963,0.0074259025033888955,-0.004092417501428402,0.007440544996728032
-2.3112737565882133,-0.0023227766749252935,0.0025405908872767496,-1.281808892263958,0.0026631036796046607,0.0016875645594333496,-0.001119091862859729,-0.0007254909714171313,-3.2840294118374747e-05
0.001245217902458056,-0.07476922547312281,-0.013211254573446024,-1.7052962602289627,-0.0022615498455594418,-0.00411030753315126,-2.218172247497608,-2.112636754572929,-0.6935953673147446
0.005116684682971162,0.002409664154611413,0.007900044401504047,-5.102742387465867,-11.145060661341134,-0.9076150267386822,0.0151726325273496,-0.02497200254608556,0.0026717735053098605
0.0011541617427018678,-0.0016212044549355229,0.0019269209728438397,-1.1046569777940674,-0.011131245258869632,-0.00662677021981713,-0.0011464845578459913,-4.088831608124018,-0.004135899643010907
-0.006946020834155606,-0.0057779735153680525,-0.009185731042613126,0.01832989856276861,-0.003874259004394519,0.0012259695062518151,1.771664195247766,0.6013835917004029,0.015604005074348976
-0.023291519394777936,-0.012214591984946493,-0.7284411505753152,-3.0379309834046033,0.003999766244417699,0.0026484415459246146,-0.0029666539880710803,2.270015051871057,-0.0037673922283810142
-2.5600807876049867,-0.004097054654614338,-4.814400225189342,-0.011781946169663805,0.007103031495631365,0.00852646612888237,-0.010174254176436776,0.008390083167044395,-0.010027189423106191
0.0023183028684941633,0.10923884864738798,0.0010352997644661882,0.006388796386273884,-0.03296790500575392,-1.648379579879673,0.02984935348571577,0.007116917930200382,0.0038465232763436746
3.7185520181632516,0.027181073062743803,0.01210541721830484,-0.10667319252617327,-0.01134991153566528,-1.1848129244809305,-0.005186408518081942,0.0014467191080521657,-0.015325695417428453
-0.008554076313238783,-0.00685173843673525,-0.003266118079250913,0.01585738444132962,0.0007348256297297309,0.0014070325081521964,-0.0018322855474646954,0.014144684015530588,2.249815172400072
0.00429015028091981,0.0063194070120363354,-0.00010838872289562938,-0.0021864019817258527,-0.003918772889454414,-0.002624440212877572,0.006386733889218614,-0.0020008776982228882,-0.000865273911039454
-0.0017499473816263355,2.1441340524918466,0.003802076524038328,0.007244294932832998,-0.0015578049050620699,0.0014993096979494832,0.0010004490396347439,0.5953548532478776,0.004255044108360709
-0.030135824028219238,-0.028552949631079294,4.436740998713407,0.00043200408261555604,2.0363611504598715,0.15872589599830855,-0.004317509959740043,0.0031993826609382414,0.006488387373514596
0.0014658799909272897,-0.0020250275051474295,4.121131145661709,-0.05916811304672012,-0.03404341444527925,-0.8714816769174927,-0.004194868786279553,-0.0038297805564146553,-0.004117093916864518
0.006658874641296835,-0.0013716038673234968,-0.0020399256992997203,0.005202762220705114,-0.003176169309969515,-0.001534804880164834,-0.003215853468815734,-4.632180585245559,-2.731873883932053
-0.0023141981220226263,-0.016938267951477626,-0.0028885961691387033,-0.000987726235621534,0.7211006328530573,0.00485408755380666,-0.03052627008888815,-0.006925710042591356,-3.0760263688440164
-0.07805793390401007,-0.01740830063026206,-0.004577129033290956,0.012352432269394585,0.011689997575876427,0.05626820188087029,-0.004607103720121913,2.4620128203449183,0.004574865525003191
-0.0033673571844049857,-0.03401404535749525,-0.09665280856763916,-0.0021717643264535097,0.09683252165002265,0.968150543671995,-2.1493738330520706,0.0011575717588911127,-0.006086471598549177
0.016299826933605543,0.04436203050028431,0.5921683985512926,0.001229263440369107,-0.006215572681302194,-0.007647618284558982,1.5275854364399395,-3.844014721426314,0.00497011268228717
-0.004444257667789492,-0.021295023735866572,-0.5878627535918947,-0.0031776772099406606,0.002205315432166141,0.0017197740873913544,-0.3882995465753394,0.0037309539040718325,-0.0037557229788647522
-0.03286584452529606,-0.0028521236181122955,0.004119837199011792,0.01659632520933088,-0.00035438070236378915,0.006777444706003569,-2.036786689472004,0.03805696739595482,3.4266278532479584
-0.004042122759307381,-1.2371039463270375,-0.0017973801736721924,-1.2031398090250764,0.9353337217670608,0.0029689377106036433,-0.009013688971728731,-0.002050732674546839,-0.0031663716642883113
-3.047090422127037,-0.004360340273892713,-0.0010861013554406829,0.00022501369257912907,-0.14642660268235952,-3.207177900926252,-0.0008450543858087023,0.006602933814232704,0.0022666945701424208
0.02311008426360915,4.224509337428137,-0.0024054350579144623,-0.004128597036844482,0.004090247745415873,-0.0006683215522961393,-0.003814287062383681,-0.004479339517771591,-0.014116214636873849
0.0048248211531401845,2.285132463595252,-1.3956381956555658e-05,-0.0017041440427370078,-0.005915415814733045,-0.003547581667457976,0.007875982768509968,-0.0004786249736647418,-0.0005145366527011269
-1.021546325769937,-0.00509393150638859,-0.012610970979222907,-0.01604801738774907,0.0040901528856160975,0.0011576220231488995,0.45261663962649834,0.003738394907060593,0.004298156559381344
-2.4181526962772475,-0.018241529117542135,-0.035744477689064635,0.023073993880892887,0.011318079117192653,0.016261257830010978,0.0029447241160410337,0.004515934020427943,2.926177472267894
-1.1110690478778849,-0.0118294496889646,0.004340071079428319,0.00025075848695198244,4.448077237768836,0.061835561650637194,-0.0004013438814010899,0.003625607564533978,0.009390449708748918
0.2341300633698842,0.00901072911759635,0.0022773642399119363,-0.0036206238982273596,-0.0008415482151698922,-0.0026078110856369496,0.002754286379351832,-0.027963679088481647,-0.005033924099693757
-0.001114533189701927,0.005212907489821301,1.9956833752081984,-0.0010959677956078624,-0.012005236971972285,-0.002561082602378771,0.29139653656049824,0.0017698551788467524,0.669787220415944
0.37963809619667405,0.005396590784620504,0.004401110231211451,0.013096560257589837,-0.0020505043514342596,-0.0025246733272644654,0.0029493132572355287,-0.018976246739988586,-0.0003411017761340879
0.005091155566490267,-3.3259361431680254,0.00037146300502892415,0.00571871034411471,0.021098936050815587,2.0197862178772694,-0.01891495915581104,-0.014922130398299517,-0.0034250144451904684
5.633344002760313,0.0075711019392039345,-0.017945345478358375,-0.008101896058793516,-0.01246140266846918,-0.009854655671030155,0.0025999922809361795,3.7410764373090193,-0.011138695140576416
-0.006097636492145156,0.006020565764757646,-0.00013599957045483044,0.22722812432848977,-0.0025957944303734992,1.3273228635038001,0.004801007225653589,0.27227017258686215,0.008663944894605407
0.0453305224334519,0.006117556413565768,-0.024868355543204712,-1.4098549484020078,-0.002078937403793654,-0.556106770889289,0.0153846068492699,-1.5774235169646755,-0.08566168523596124
-0.0008307604492420011,0.1988126834631332,3.5553639124485508,1.5242069033337278,-1.1449473766799403,-0.000592915554149448,0.008907109615071454,0.28340009299685276,0.05983421476826639
0.0016614944821984048,-0.007652735826176402,-0.018071869514635255,-0.004449909071064888,0.010632473174066478,0.0009139252108344197,-0.7842046535361019,-0.004398006848109436,-0.3140956626112509
-0.5536309194477855,-0.14508826195679075,-0.005169770353699525,-0.0025003020822326125,0.004947057911978036,0.0021003470537133604,-0.0014488934111600085,-0.002015528602053597,4.367455370720141
-0.02900521776280804,-0.0126365620702265,-1.0323734908118052,-2.5509973319227908,0.002873361413251046,0.002311116353790837,-0.00019491388247962118,0.009960991439487112,0.0035959886086016288
-0.004276214878962399,-0.000549356903628007,0.06485379793327535,0.004639779863431322,-0.0033878509693071428,0.00015717701782207697,-0.0006894407339801084,0.004796262413659739,0.02437220958841771
0.002744046577969589,-5.504449243320425,-0.002898361664490548,0.01609279646198526,0.027252135450113152,0.01498541516303111,-0.00721385160895939,-4.2144459402762395,-0.004521537076727741
-0.011687484339511854,5.991424712841765,0.022685718936921062,0.0015068723832332258,2.155997505027792,1.076933670983772,0.010863387857275962,0.004177964880138503,0.02781319434224116
0.0017317495022144821,-0.014160578923153748,-0.0054598465321994485,0.005847637949273884,-0.0002561608280811497,-9.62597800836136e-05,-0.7565306470529629,-3.2964787579764416,-0.010878272523917695
0.0007657882658781076,0.1126082774566913,0.20412391006062372,-0.006069360140765081,-0.7600377445779622,-0.00415586387183345,0.009545668495410211,0.0008957702109007922,0.0026650364144298784
0.003168567669238483,0.0008401675678586872,-0.003109499202495104,-0.006571426839298445,0.002538980424753519,3.1768010621547124e-05,-0.002780612861147229,-0.004738868318743349,-0.034016715557564865
0.011316959637106778,1.933459548966175,0.0037079850145788212,0.09282834182951816,-0.01937359460185952,-0.003460668698083656,0.011452493525828382,0.0015956992392844246,3.30613646226412
0.0031312086141859455,0.007624312628985407,0.4400186089236209,-0.11800534963628084,-0.23574655244585527,-0.13180506832807123,0.0025821159196138606,-0.004026843361638892,-0.001010218945018901
-0.03562146816288223,-0.033483065085879726,-0.0165869962995195,0.005265769551996386,0.008110191076146134,0.6938092295057493,-0.00679002406072108,2.1918829524324783,0.00046451810338141164
0.0015439464097042656,-0.0003563019797665418,-0.001580423701530505,-0.057231574038538735,0.002100235427630749,-0.0005398200501960877,0.002364918926338634,-0.6774700310962962,-0.004005108809941167
0.003964083092264539,-0.014004492109453703,-0.005007120335580206,0.0063587312078063635,0.011866596420094438,1.718853897914359,-0.07312442034989164,-0.004103172264877997,-0.004629865218382248
-0.0037346268488420344,9.676859755454296e-05,0.10645625330314738,-0.01712152477954542,0.00050544767768205,-2.0050172719472377e-05,0.0028458228050373237,-0.002767075587205795,1.121341820602214
-0.0032388556344987137,-0.014939714718297194,-0.003077413517159195,-2.49853304018369,-9.57179976151649e-05,-0.0007376471282894752,0.0028751218667930354,-0.00719770894256384,0.0023433827572825906
0.00026868840361213807,-0.0034750716192423828,-0.008345371670695545,0.0023915609493456334,0.03543267662499738,1.8162136748606914,0.006428129145707798,-0.0015806333070405056,0.00014019723151630775
0.036686830178474406,0.46428210023146754,-7.044946301585937e-05,-0.27966279127075655,-0.0015739956128357595,-0.003327132682200227,0.0027465726372663023,-0.0033681871213877526,-0.012955506599762067
-0.004324540990574658,-0.0005215334087711101,-0.0003632435039573189,-1.7697800960924028,0.5282167897415004,0.0849117884129806,-0.025744820017311466,0.004294357120153945,-0.005245057551695426
0.0012368992125187854,0.0038484153168102274,0.09038700561805757,-3.1408592275184564,-0.013255676400131762,-0.01303068895766934,0.008478783267055614,-3.0852505191116086,0.014425019675347595
-0.023057620410860208,-1.791548174634432,-0.005365951242698917,0.025781183689352997,0.002632821075948602,0.33817039173082203,-0.055341441166316285,0.00934405176978761,0.002288155929961083
-0.006734495273370262,-0.018446452701345914,-1.3622960691311257,0.002413724106545138,0.013925643559565142,0.007136328254600182,-0.01099757000816783,0.0047909441338796835,-0.00012131311762699892
1.3085262145348087,0.12009204742074686,-0.0010391810933101887,-0.008403801457287386,-0.004148338235708836,-0.013516627461316932,2.8382143147885937,-0.002389794659419159,-0.009924012601567158
-0.0016178117589331076,-0.011417012462545478,-2.1549909489580887,0.5669101939612649,0.05609378195841554,0.013151914650365956,-1.4670878318183238,0.002546490055325898,0.0006777531095356719
1.5026272263019003e-05,0.012894846632430679,0.4218357933404631,-1.929213804944353,-0.000953295332617704,-0.0023939757995901367,2.9999032808805164,-6.758428997993801,0.005721501075739349
0.00043291519624881253,0.0055096810552537675,-0.0010249180520831742,0.8017575664105103,0.003382826418506346,1.19072396145902,0.00039574559800747283,0.004381476147170954,0.0015394612816900383
0.007440202931283339,0.1009242408208314,0.2937984175469486,-0.0006177790328114156,-0.027278217747509725,-0.00929832208874648,2.230290006407989,-0.004279681725322302,-0.0006349846118032017
-0.00029629865855756163,-0.00862876454076761,-0.00955937970219225,-0.07539899470038643,0.0022911338443502914,-0.00021380032546320152,-0.0005880296565373025,-0.874714067978377,-0.00983142929420307
-0.009589486496834276,-0.06372667069402294,0.004335624658653719,-0.005091534897193512,4.185146727867462,0.006704426511739081,-0.03184902862108015,-3.0424343330860575,-0.0018289527071498196
-0.003339898874335681,-0.0075980617977573495,0.0006334168054937229,-0.002777973424588699,2.764262065072959,0.005343207949517703,-0.4798417196895596,0.0017950482603899254,-0.000705625539733256
-0.7827927064034418,-1.7144767527985478,-0.01499551087652666,0.0006615375554113522,0.01828469330456034,0.8650436762535094,0.004146436180038585,0.002435201896322998,0.0036372534628738296
0.002331970831241377,0.01015721847645415,-0.0007156446369534394,-0.008063749529915561,-1.6633457489708499,-0.010180173717097604,0.00910130090958757,-0.0008287512593950124,-0.001607249260627037
0.008213745917322093,-0.0041969017225114095,-0.0065168165882790365,0.0010706763179008196,-0.002242794996779013,-1.0272321140142486,0.002115166696402819,-0.0067583324925101435,-0.0023958458811327125
0.0013920481481197438,0.004942070332961851,0.006828482136923539,-2.1863556326355758,0.0027679355292145897,0.0007534827446555293,-0.0032861915795301174,-0.0009554879616383502,-2.435731274926657
0.00454671462173542,0.006165684707965989,1.052084507235394,-0.00670309480441534,8.490460174018222e-05,-2.17350427123075,-0.0003778672582882281,-0.005999091138899603,-0.0006705147458855795
0.0015265666133217606,-0.0005424287041755196,-0.008439823394155246,-2.1574810483951987,-0.0007239681201065824,-0.0013671057735105353,0.0021161003393833614,-0.0023435396453906072,-0.005414933512012632
0.0031102100380112417,-5.154670119174894,0.004719052082440875,5.052967091300038,-0.0194232290049369,-0.032963462509449364,0.014230743964197129,-1.2143268629480821,0.014097794913172292
-0.001261255293215431,-0.0021338450743832176,0.0024878643340182343,-0.00993539284212002,0.004378557405441448,0.0012784497460915098,-0.007385034376065956,-0.0012505475804038583,-0.002854424554912528
0.9087388848648956,0.4733089529479084,0.014706067820027223,2.1918490836014186,-2.382933785716608,-0.008144722275349348,0.0027838853148664,-0.0026954031967067506,0.0009911481042072304
0.013562523956708657,0.003213657691748763,0.04514014016019913,0.043990808569312805,-0.006986367594360721,-1.4017534363047919,0.0026763289593455114,-0.00805315422331608,0.0035448951727960337
0.03144903960596966,0.006316707435067227,0.0013185766229392658,-1.197766196496409,-0.0009848077821256853,-0.002845975199565012,0.0010393851396059096,-0.6284486686426437,-0.017828725870107174
-0.0065063846280779564,-0.016204597760726885,0.0014843693914175747,-0.0030595543590557985,0.018617095260846483,1.149375164715727,-0.005256995178618079,-0.002426203467987688,-0.0002487641054614142
0.0070606006934533505,0.027310453925194877,0.05877172097380306,0.0009280914437823362,-0.0012562819181451412,-3.202279011455211,3.249384770021482,-0.004991475686001223,0.003931945207795787
0.13358197774212388,0.0058823429857869924,-0.006071638903101579,0.008017595867803741,-5.257952728255852,-0.006364769839322465,-0.005323939656983052,-0.005626785927846354,-0.010205151169739378
0.0003941899725937413,-0.0100122346105872,-0.0038667137545068163,-0.010517840992723352,-0.004457211281818602,-0.003874342837176456,2.5143943585523787,-0.0037453350587426503,-0.001753195151163952
0.0011474376177878533,-0.000832400128059782,5.425863132460351e-05,0.0060196511011889045,-0.08481786657309935,-0.004104141117398062,1.4124307429926362,-0.000853958706435481,0.002879054878402487
1.5398291490270892,0.020329664060411354,-0.001285665766302041,0.009697606637578182,-0.0036679024869611387,-2.4237974775427866,0.36274747259571605,0.0005412944148154714,0.002293366233210817
0.002932300595742114,-0.004150044335641964,-0.005962306583674868,0.0025478710068612617,-1.1434299912678672,-0.0039026271125390324,-0.023741842340275075,0.001318558763645311,-2.431690853043527
0.002353383847634019,-0.03604692147127725,-0.2471096933869486,-0.0017156214715451663,2.3284550711765872,0.00014904502996491986,-0.4830372821747228,-0.0036558035515733885,-0.016198657881106738
0.23687248287218912,0.028502737825807208,0.7962318317463577,0.006918747300580326,-0.006885127784839868,-0.0035058836623311678,0.0011261545929433705,-5.162984991719251,0.0009103166790939005
-0.035411846520680995,-0.01472142158577347,0.00634432429505147,0.00573725455335803,-4.28151215109158,0.0038040997551056777,0.0003669545637641856,0.005191016034731287,0.6931046709856213
0.00033404843092250995,0.0031068053176194275,-0.0020749450940100436,-0.004079579490304028,-0.0016089347467465002,-0.0007864159937483227,0.0049826808730046345,0.001526138384108684,0.0005375291615126201
0.0004182329594570049,0.01012744425769904,0.4572653649237692,8.356529990007913e-05,-0.18544415177018944,-0.002364034631385458,0.003382739144786982,0.0023019786734033883,0.005564482882730081
0.01486483983535106,0.008879621589728062,2.572386629671535,-0.05929989171254869,-0.011014434268225848,-0.5310158444664876,-0.004041667816201768,-0.008554600886566843,-0.021807380283851603
0.00679429506019652,-0.00866591269904321,-2.686231988020527,-0.0011504429075313294,3.8907568825762144,-0.0011395606282149362,-0.010054479338311936,-0.009004058912167122,-1.1004994914619024
0.05710204669363375,0.004151643332801509,-3.5432894152689505,-0.003264196259469186,-0.004294734936430955,-0.9803485801209122,0.00530741833837714,-1.3451646474712344,-2.2359256653319175
-0.002912974597622045,-0.020581574373871047,-0.0021359877439155878,0.002702162365778987,0.016069582926944603,1.9567817413976938,0.001155012405692199,-0.0039838857382345685,0.001204033595454363
0.01279540210705626,0.0014594380374645703,-0.011393079094820407,-0.006133470483101777,0.0006786496710231671,-0.001491544822237409,0.0046867674212475886,-1.385779937018717,-0.013960544388913601
-0.0023986471240783165,-0.009310441231031238,-0.0018973789110039866,-0.00015415822228411792,0.023852862659285736,0.007288667681432591,-1.0140421537114643,-4.544793961640914,-0.005693847571676305
-0.0012854767026009297,0.014396446702423326,0.003804575221811274,0.0007929243549148674,-0.006136693993801042,-0.0008307998056682511,0.04054294280496391,0.06264451694173177,0.01580734759590076
-0.003443786149698026,-4.097140981741388,-0.008635846957619375,-0.00019892567250311046,0.01744798952955584,2.147261484069125,0.008067554206598937,-0.0016292316354726251,0.0009900514459296149
0.007623935388939202,0.0016811919225491363,0.0019042869573405892,0.002723645998070419,-0.056679560779759386,-0.03447557875899791,0.0036358139963325736,-2.2616499041036713,0.0014923712947198867
-0.0023597303272504654,0.0018903807399758858,0.025553763760922697,0.0030381320515251893,-0.009163130546611714,-0.0004982738028244401,-0.0010018192310870203,0.7437226335650757,2.0053180052138213
-0.005000852834035443,0.00027550831876033133,0.002027734124242172,3.261802620397696,0.006910500370247576,0.024973621099630944,-0.00797072738161109,0.029688675846973992,0.0020851018845866043
-3.374871526411064,-0.39100284692829324,-0.30059127276377384,0.17128085386736286,0.00829770611516753,0.023838534272521174,-0.0038062292059135444,2.837128363094559,-0.0009839666048952894
2.879217287912861,0.009366221054224171,0.019295182864809537,-0.0069483955364711,-0.0044433249595573765,-0.43879046284982226,0.011270102182771732,-0.04860186621190586,0.00304674683497546
0.004681427995715068,0.006573473731268459,0.00140903573074375,-3.343028574410365,-0.01729618122836206,-0.03621822361935445,4.233354359322781,-0.004227099859540936,-0.004316718955797487
-0.0072839090815551046,-0.6957427296201191,-0.025338346575785434,0.0016114575329302006,0.10700070117352473,0.016848206118147163,-1.8836039003012794,0.0034892086847129323,0.0007290719857814924
-0.004308061369254618,-0.015928462216209915,-0.004153194137904954,0.009450417638601799,2.0635338866998314,0.46928028456583526,-1.3758337109989356,0.003940733765621589,0.0017712603887771105
-2.8477827422458377,0.006517794131289841,0.547592587069182,0.005468799314891375,-0.0002462951293218177,0.0036295681283198848,0.0005565116143297598,0.00817515859784635,0.1399095067613607
3.1569094168525016,0.00876820583714888,-0.009036554063911129,-0.00391206698560137,-0.01124262693187772,-2.6432352450745027,-0.0006405078916460472,0.0043080186074324345,-2.734462941876121
-0.00755022685890995,0.004029959387265497,0.030881033901628545,6.407084344844608,0.006211263317485567,0.01898994127464032,-2.6443265410043293,5.749819791649022,0.01725440849471538
0.009760988979070795,0.01129070879731603,0.004034545662002134,0.00694665428535729,-3.4235770809345496,-1.3476279927793957,1.453347787186483,-0.006479883028743083,0.003354348363808565
-0.9262648902977934,-0.0063327238621627485,-0.014939684859136843,0.0019839296415712984,-9.273195952685422e-05,0.0011594315392224653,0.0025418052264487854,0.7952167728614817,0.006837974418697379
-0.004250422927725317,-0.03338345250201763,0.005912217708074631,-0.0017044382394892088,0.9624242399674419,1.7985628451261988,-1.7964277363710348,-0.017428042649072994,0.000521564824143405
-3.877672420964258,0.00016658584357021056,4.662034817678884,0.006206252841379205,0.001765265502903221,0.007647449803756784,-0.0016011616821246973,0.00761702484695035,0.012853635878717351
-0.002283867358502993,-0.011501538740117015,-1.1387611162823241,-0.026767590716891308,1.6406620336463864,0.0002824100546739289,0.010780788713080636,-0.0013416120405252896,-0.001214001819497718
-0.004876730289904152,-0.24175041706177502,0.006144781001248895,0.02472616300403794,-5.174938418423039,-0.006496263693266613,0.002263460216781676,-1.092028710250624,0.9047362066475784
1.593289252876406,-0.0006571787150577569,-0.013431432944409613,0.030482542885398974,0.008036706881020261,2.1084432965127635,-0.007209435985896462,-0.00012512684450955878,-0.00635129371734611
0.005121705636953616,-0.008994813960036206,-0.03715963938888255,0.0062184500254068385,0.0005973839714698171,-0.0007455794277224738,-0.0021673960552957903,-0.35805963226783866,-0.018120516413041698
-0.003181341092396074,-0.013188439318951042,-2.142212126038854,0.0053202277337975785,0.007835762721593087,3.1777725784739577,0.0064463171979555756,-0.0004138599626646623,0.002217808336368851
-0.003012290530963274,-0.01384124299066733,-4.421126438838833,0.03248422305029579,0.024614310655058425,0.6008802168180343,-0.06733939005633083,9.297221126067873,-10.24873015395829
-0.002032230151350678,-0.007539193926831861,-0.006452376144220292,5.499246734900001e-05,3.2743778847477274,0.0021748799269723784,0.0023076217077057427,0.000688895355932256,0.0009300945291976772
0.018727920845094607,0.18010394080919503,0.01939842188977961,0.0006414723163140133,-0.012063538483035041,-1.2198332063182513,-0.0004514889590300983,-0.00040777969718876336,-0.0007788121242318299
-0.5092526436432309,-0.007773014283851625,0.0024194041770852557,0.8460643581005433,0.00015798988230768772,0.003937369964221322,-0.006051829050694883,0.03188677196865867,0.013063538333383171
-0.012710253892128296,-0.020014820928360638,-0.009257995061032809,-1.531657515933906,0.02279173173892768,3.8534586421410073,-0.016520483492727833,-0.0004945495277328613,-3.374675898183644
-0.00447697270378716,0.0014188287570098346,0.0021498515642340947,0.00684370242837255,0.0016121073946937835,0.002411922822693143,0.0005294079729379449,0.3649944201051152,0.010093734427596611
0.0017603414415013582,-0.002473895437093962,-0.007895673839578284,-0.013908418087609507,0.0023402856166999655,-0.00011985943361391048,-0.0025665332635690895,-0.0065993522092331666,-0.04150876839131177
-0.002306418988982874,-0.008717963471151696,-7.797315410961949,-2.5071256854262596,0.01794118325931021,0.004077101888733288,-0.006435519830127559,-1.8740572672109892,-0.049196454427633984
-0.3287803429472774,-0.0029934432285571508,5.979774857758304,-0.007438474554622712,-0.0060475077951776725,0.00048029210709074795,0.003511994863817561,0.13201813835143222,0.03392890038781202
0.0020612361466569623,0.013136575334556335,0.06250969300696183,0.00445356179905064,0.0062974534150110895,2.40997564141696,0.0018459883417551032,-0.0018364778966540357,0.003070686336681172
0.35519523023947475,0.02741992970218316,0.003778282428270642,-6.350175890203116e-05,-0.0032151168070723435,-1.753848328469871,-0.0009031940946598871,-0.0011298743120141369,-0.0033260680565337652
-0.040080217758615755,-0.004879983139237969,-0.010874634305693283,-0.009511972880399502,0.006333649552289749,0.005155300939349569,-0.0032294745571128636,0.9292802178681397,-0.0016853378012494351
0.0024936139561653635,0.01034766800100343,0.016422968625298462,-0.4264311560220191,-0.012171246053006735,-1.1800930962097007,0.002910432242860972,-5.130937487037694,-0.0011822036432157096
0.0014579204976833799,-0.001721469714807678,-0.004716873971412248,-0.005723317611108785,0.0021239412965758492,3.99727868518003e-05,-0.0022643146712257585,-0.0042176122461235165,-0.011034575393227608
-0.0027603835736882965,-0.040228484887529725,-0.011580924482507582,0.004087056495567093,2.0651810897331373,2.140975052953989,-0.00129328922555743,-0.004734854366817143,-0.0005501290992704633
-0.004102820677568772,-0.009950665504300266,-0.0020937249917622053,0.003143580539883492,1.9871637609364488,1.1704263304934663,-0.0019365749113787085,0.000307778945715001,0.0011704270127676462
0.004171223933641853,0.00022737242936349267,-0.0012804771114646157,-3.461357998615893,-0.013234931001077185,-0.1872536220805312,1.6845315112448978,-3.1982782956727114,-0.0018424700971836072
0.0018011214484312064,0.006189453230680679,0.012777784871286266,0.0026946570874933013,-0.005850501927493672,-0.001600002239792714,0.002924916501996561,-0.00040431545196397946,0.0032630043670822725
-0.008607681416904957,-0.008355036631807226,-0.002322928641313183,0.03132848646095571,0.0007327692923581435,0.0012202352274317113,0.00033773847545175275,0.00470016610080701,0.7240301513059584
2.625331399374862,0.003490840682163923,-0.0060967228063174735,-0.07274219739689589,0.00015832985452560178,-0.8258589032633874,0.006569380408337766,-0.010706742902916825,-0.0199616223553368
12.047315115530012,0.00035665864781633805,0.0030313765843427154,-0.0039358682343504925,2.2011172154254304,0.0002481962141104299,1.0793928904445043,-0.02323438631115804,12.660795093496152
0.00017007120154072838,0.0021495988497535687,0.012790313070017796,-0.0014842405139918603,-0.053507229100333745,-0.0028576743748393576,0.0020424470449020866,0.00014248570690787894,0.00399560529389848
-0.13093194651130471,-0.0055663206614817015,0.007680725846479177,0.05651473369714647,0.0027594891358848836,0.3506314698882713,-0.006577468748940132,0.902728450540442,0.028825471981958194
-0.030706084368592863,0.001077779910130916,0.002677027172067022,-0.019055431796950004,-0.0015083064203327656,0.00027322096223159325,0.9129580566721285,1.002670126246246,0.01565006912459134
-0.004025456219762991,-0.0018937450335087484,-0.004882859890784873,0.3277432452128296,0.003589409175981828,0.0028493447700264117,0.0004180370752242344,1.0317355835896098,2.567307088318192
-0.0006474983617045859,-0.0003365438611939097,0.00321450399639837,0.006492268819157173,0.0028640089326987033,0.0015901278461540008,-0.003280263854132386,0.0006101239996828253,0.0007112362747801605
-0.005177286063784132,-1.3448459114994789,-0.013143205723271427,0.015139938372677244,0.006223348113312117,0.00837811882855894,-1.6980198290101973,0.004129751911830149,0.002152827727805132
-0.0012439176528330617,0.03288912276139783,0.004071593221091599,0.041168420185423306,0.08204827146812532,0.6506872973496833,0.014627146430096272,4.11092527073095,0.01526925558598985
0.025727237012563985,0.0042361780281791805,7.189975326306851e-05,-0.02806499533316459,-0.0024621667075217304,-0.6937012241760849,-0.0001755608461067558,-0.7756860681023534,-0.011846503424636574
-0.0002237767922616575,0.0038024650327244097,0.0034206000100597826,0.000542364871597964,-0.00023363467623335038,9.54564789320462e-05,0.0019093435765002583,0.006425533426393348,3.4019576828096376
-0.020373227437836455,-0.014140557134022846,0.004231546830633114,0.003117911706701332,-2.888417889943079,0.001336007322425281,-0.002264622984121057,4.69080345982856,0.012201647169317292
0.006798376345606445,-0.0192658514064538,4.6914015422519495e-06,0.01188029872452516,0.27727879724407245,1.455397264172911,-0.19249647445791873,-0.07426255923372352,-0.0036294797471631696
0.002878792582853215,0.20868972576664646,0.0023880317755486883,-0.011563514236424197,-0.0062079436579942915,-1.7144109435333528,1.9080778010501174,0.0026494317034171516,-0.0008984830350768202
-0.008263073290277964,-0.07423769570372629,-0.007635561244291385,-0.045112474441880046,0.033167562578491294,1.9000050637393402,-1.7589831653391208,-0.0015208817359312482,-0.0070339911561139844
0.020750355718250964,0.0017261765286360259,-0.010116668537865435,-2.1190104853269833,0.008126394096970135,-1.1446509865720573,0.028612586520548128,-0.08796229750989212,-0.012351526363071005
0.001990912858042142,0.01816954524764284,0.08891646622403744,-0.01551705660449526,-0.02529884943519889,-0.6910921279783981,0.002070700266666583,-0.000768335609229465,0.0008407440365293083
0.0031983212760816502,0.009715762264661452,0.004938108250322181,-0.0008826273651057631,-0.16922626272784347,-0.007795452776919072,0.014398451690696937,-0.0009996117063155092,0.0018841543218694272
9.235403560760129e-06,-0.0001446135403277895,0.012062295517527362,-2.0552937829441627,-0.0012171163873333918,-0.0006879793358146699,-1.0201871158561822,-4.302504962673037,-0.005493238162176922
0.01622261712432485,-0.0015812600114803702,-0.006710846425007243,0.007098214247513448,0.0011266245099990357,0.0001828046558170084,-0.003435273549808633,-3.5146642851793155,-0.01888081402611315
-0.7284963763813849,-0.013990912669671902,-0.009560928428386,0.001311342451104116,0.00022278797178943398,0.0055651495086696465,-1.0602321983253327,0.054778795286005336,0.0011648442512028623
4.96517683341864,0.003502555757590897,-0.021487510089456874,-0.019677246327290787,-0.0004541074753872665,-0.00914386162845958,0.0214871722512735,-0.002748113952396783,-3.4410365845128723
-3.9288798300204157,-0.007756854780413589,2.2086536111169064,0.010911700099940556,0.011865323324842122,0.06130543850427175,-0.004029973301642405,-0.0032870866391331048,0.017385230164953136
-0.0010359118311458262,-0.001472469328679492,0.06325457030342238,-0.005330825127502728,-0.00399124466922989,-0.0011559961558196283,-0.0018132244385935274,-0.005207828840009546,5.087653927625648
-0.003464783089029409,-0.009441925439941953,-0.0038375030183516014,-0.005220614189295656,0.006376470803132346,0.0017781627045516887,-0.0033275089471980455,-0.0002035764828131013,-0.001544964887630959
-0.014613121660213665,-0.001339158997767792,-0.0005199026058322217,0.00016612752514316362,-8.790189853196816e-05,0.0025438519744838163,1.547972754241651,0.1333874362790369,0.014017321812071196
0.010353424447723459,0.001844977477356413,-0.0005429719637973405,-0.007943667200654665,-0.00036898637543743274,-0.0015059203718140951,-0.001476511617323348,-0.08441736514784509,-0.24203256692880817
-0.009278623151531232,-0.0054822668046979346,-0.004060784206328685,0.03770510327800519,0.004173783989890233,0.004877143012055967,-0.004270312238586888,0.6119293432388333,4.187470217040779
0.0011355694377642202,1.556851364441278,-0.0006445554133284025,0.05046567198118887,0.0032806687552613227,0.001910614717831206,0.22096128506671625,0.014322917403934557,2.215485911468954
0.000565590310172094,0.08907550827652727,0.007505714819847565,1.255079948870377,-0.005819786021486263,-0.0008324317429786992,0.012097437868547072,0.046278979212239196,0.029717243521703483
0.0009036833099659546,-0.006215078280139313,-3.2211644741113967,-0.0029565105061807742,0.9888383951234934,0.0016451900020807014,-0.010818581144321233,-0.0031529734805117284,-0.01872770312153657
0.04442045303630782,0.004511412533210361,-0.023813612381184388,0.001429140125677152,-0.0021461030989322616,-1.4662870553378369,0.007005846841757979,-7.466487394660475,-0.01188069241408396
4.594705810942725,0.009858404018422418,-9.047960977402736e-05,-0.0025256159505990874,-3.1303449511810753,-0.016411217291930846,-0.0034238954673429856,0.0032317004691330004,-0.00731533291034521
-0.1048765182852265,0.0009339694451725102,0.059854139657073535,-0.0025856542529942303,-0.02739608794537185,3.4492333934693247,-0.004883385741693502,2.178836546101521,0.01273175984015934
0.003712760062405422,0.018629149081502146,-5.418459285960742e-05,-0.001505258072243101,-0.003390938270973476,-1.9658942687201268,0.015551674307250324,0.0011434092317906615,0.0006811545964733323
0.013222009933252683,-0.013914016121616003,-4.184510750104387,0.20494331360257084,-1.479554546221225,-0.008909739280145296,-0.01417486737327916,-3.3741363001683,-0.009403208357772183
-1.3026730126982637,-0.043558614743096635,-0.01754483610700905,-0.061885374369585106,2.9919237868332127,-0.0013607046397882128,0.06834262434168133,-0.002303091873528222,0.00026363024090485417
0.9572185446787769,0.0004809730594031898,-0.004858148120509977,0.00473416671673469,0.0015409354533350433,-0.0006501481110038447,7.156536399034741e-05,-0.5134109035129528,-2.0993025966690073
-0.05583913171361772,0.0033946773168691737,4.991372354372885,0.001908328091709024,-0.010941076014662376,2.5741568092271137,0.004629807916128159,0.16799828680170736,0.028847725363907256
0.25319832421382144,0.010948131523628583,-0.021082911393923875,-2.966594990587225,-0.0061648043045114675,-0.3059228365968881,0.03693189480795411,-2.72097590598476,-0.8983013086297715
1.5483370187431207,-0.0033630236569559113,-0.009218040201906585,-0.005443095851709925,-0.00020167382864975936,-0.003975796545197836,-0.0017999624975708235,-0.02110700070964991,-0.09337992930350408
5.8447339397784716e-05,0.0028185442614884187,0.025516223919371146,0.017327722451273942,0.001874273568127138,0.0021588593683042664,-0.6676604541859352,0.0013632921705706113,0.001342000897215439
-0.038769684706419505,-0.007386707011205154,0.0034340925492492005,0.004696589533564485,0.007314051837473015,0.021701632695805106,-0.954686607474398,0.009219667662087289,6.138483058743716
-2.47943970163744,0.0005063959467131243,3.871549148712453,0.00840536334738777,-0.003010914756774438,0.001975509158986047,9.269970857758714e-05,0.0213185630645545,0.6898956450444529
-0.006896468741882211,0.0006047235216823585,0.011331720876599317,0.05944031721000137,0.006130697998895526,0.13919796875496226,-1.621377854330802,0.018072498583405344,4.05652819642059
1.295396667542876,0.01832074353545772,0.009927127842353486,-0.03608933704916175,-0.007678904447990378,-0.047127997984996166,0.0019211247129637867,-0.005023216352428029,-0.0027969914687287246
-0.008715135839599368,-0.014407169234818345,-0.0065232512446386365,0.003597791771151229,-0.00016303306067598868,0.0005115774889510316,-0.0014557467898766085,0.003690267179266904,4.280569482923857
-0.006273981299027256,0.002454994841108518,-0.0001636377107565551,0.01920452035098929,0.0031517153258342145,0.005542561608116173,1.3168468431232392,0.15639985212302487,0.5503793172592271
-0.005394591294245951,-0.0052407347890146005,-0.002159181802589746,0.003648464503092381,3.7269628793886067,0.01691317198833092,-1.6038316067850211,0.007760016258200945,0.0022850662381687405
0.0012840383729184853,-0.0012597981712990684,-0.007913383717076637,-0.008859633634016477,0.0021474853298823564,0.00021043249524454135,-0.003964047624283379,-0.0018425671662571496,-0.035893948020734506
0.002666773504017674,-0.0006829915104542977,-0.0012535751076905542,-0.07555822734879601,0.002974799885407123,-1.3047810770531436,0.00923294819491162,-0.009534215906844296,-0.0021416915168746865
-0.010251515472839064,-0.003225595882570976,3.9014409287913914,0.1074212011035468,0.004790935263838293,0.3128982841307295,-0.007653876280099808,0.8090152652087755,0.027973757094849894
3.296359848570501e-05,1.2516448182204014,4.365754114296248,-0.02304232990489595,-0.008274226212450027,-0.00412461532585935,0.019245107290017133,3.3624495937571934,0.007715408623093001
-0.03703102156832294,-0.0016982881909255454,-7.82755406105208e-05,-0.014307092295960305,7.43282880851849,0.002887744608059295,0.026664480477009353,0.00491524702789109,3.2635665962349556
0.002396060158514743,5.035846720996024,1.119035117481793,-1.1658900415429605,0.0011610834048016716,-0.000492453714065268,-0.024556101801206737,-0.002762531672187019,-0.006767199100036506
-0.016636817320825427,-0.0016957298766670133,0.0004160736896111813,-4.397286558826087,-0.003368660779283385,-0.00024275073437014447,0.7560525363780001,0.01003725823148544,0.019204731394277565
0.0011440283117809171,-0.0005511801230407476,-0.0003960507140284813,-0.009061277903987051,0.001118893630626048,-0.00013242765077378258,-0.0005663970466612296,-0.013221454767495158,-2.9343626860260166
0.005363872924176949,0.0030584167860411918,0.000659757874189643,-0.01393965913086452,-0.008048065984029943,-0.031383484284366325,1.3535846103983835,-0.011777126953186303,-0.003704935879307584
-0.234157505511432,-0.01666261198207669,-6.873785990837051,-7.947907047642495,0.006704453490544604,0.003911102025110757,0.0063061663438439275,5.819271534751227,2.1472611779236965
-0.0052338945895732125,-0.0010666480477106721,0.015667153910048172,0.009649756881201274,5.623852294637848,0.021684480951395635,0.0016809817629883641,0.0009150251561832606,1.8897074790745738
-0.06966593224910773,-0.00779490055716156,0.0184515695395457,-0.004918040604542533,1.4549321627880323,0.3446080177303279,-2.4545372841103377,0.003592984931434791,0.007464273275071608
0.04302389990678557,3.6872414974419083,0.02950770968883437,-0.019233744990694888,-0.004958208267976272,-0.4948973358254053,-0.003506603072976122,-0.01147854468305147,-0.00689148583230367
0.0010295059502236983,-0.014557558965003742,-0.1287365844794152,-0.005577736019584551,-0.000431314769556395,-0.0012672840599877166,-3.1573776818315147,-0.0014643733305235293,-0.010638605432851021
1.2431827909862516,0.005788232595086179,0.007328170972580575,6.692279917868936,-0.015504816696605837,-0.021291633392233278,-2.3740054219242834,-0.007862065953596498,-0.007267347063806931
0.0010264370054531122,-0.003626740240296916,-0.0003761262096097846,-0.014883166456692763,0.07960881390924003,0.0018343525695824784,-0.5681458059781512,-0.016293798468785474,-0.8331551549174439
0.0034820397227083907,0.004806176079728373,-0.00019472052892997459,-0.006406755893416154,-0.0023564024994126038,-0.0011282821163142217,0.00028016328431142715,0.0004311467133329902,-2.580754374513125
0.016961309845268724,0.0014088312633512567,-0.0051620878293184595,0.003392041085832638,5.4991204068103094,-0.0026478753156381485,-0.0022678272766940154,-2.7365521076505255,-0.009307898613048995
0.0012693938501466134,-0.02939081944174865,-0.03818935212055621,-2.4680598493097805,0.0037757161237587916,-0.0006566746545724755,-3.0056156934710496,-0.003492562596739942,-0.030378175604187707
-0.001589448262482214,0.003875478934401512,0.01323393174106085,-0.4129974168378127,-0.011915861943049822,-0.003637551639069124,0.2876183936328605,0.0004673930039301457,0.006296057130107875
-0.007276213915848456,-5.184361160246013,-0.03353609824982651,-0.06676368346863876,3.9062204459868077,0.003421390236716948,-2.6394129073237504,0.0031975446593270618,-2.352601669681965
-0.024283911962451738,-0.02002121573349902,-0.013652562936986155,0.1467550945922224,0.005483470049852793,0.49700264432274643,0.0005887799340234985,0.006552289085663171,0.006369600956740459
0.0028108514640660456,0.003354672269432868,0.005421593183537159,-0.3555336701181404,3.330956185604743,-5.59559609052962e-05,-0.09925226438615328,-0.005604564573606402,-1.3810311515793376
0.011663133962389301,0.015159026683205248,-3.7397800734993614,-0.007153346345011213,-0.013762336848234816,-0.42698923610886613,0.007433169233101219,-0.0006480210143808033,-0.006202423991761033
-0.006212930342907354,0.0019593293661795685,0.027155440692805295,0.01102463164151217,-0.01962555920506525,0.0019060462896543576,-1.5427871394096906,0.20199101310551879,0.014331491407871934
-0.009207974118203493,-0.0027433340075881394,0.005418618062107802,-2.3266969421613455,-0.00042433617794632324,0.00032447435967534175,4.142638441278351e-05,0.004806995911109498,2.282051173186591
0.00436773836115717,0.014356970708312683,0.13548121669554522,-0.005832795271181603,-2.661145538557126,-0.026751460611142308,0.01522755857933264,-0.006933065270609572,-8.977250659372802e-05
0.008828363041533008,0.0060136860354757385,0.027531530822824554,-0.3070467533718075,-0.01937321457188889,-0.017494368352458944,-0.0013301027907928445,-2.252146863067388,-0.007919695533014845
-0.0011790867474385479,-0.019821534496850392,-0.01028310506247553,0.004189991869610443,0.5357126380330931,0.003989656390850093,-0.006121131234609858,-0.01230570968492574,-3.532531098980364
0.00605069226121979,-0.00021722066600977637,-0.0007073920291804658,0.0026840507931063717,0.13593690168317343,0.00196167004297292,-0.004526636368634516,-0.37392846910217264,-0.009587557998840899
-0.12083403291312336,-0.008240019727146976,0.00033166810574507917,0.0016022571036190675,0.0015157387224844637,1.4317439749305159,2.521577150516867,1.4674798059376541,0.07018491019689688
-5.00116029335208e-05,0.004455557735746114,0.0042318900062594264,0.01307841093568603,-0.0028352710430659526,-0.0003991591155208885,0.003324283045087965,0.009434152361579112,1.1790863723684106
-0.02347956669831175,-0.01176583562221524,-0.016372752987646608,-7.906787152426204,0.8918137450171207,0.018929970216990707,0.009039861830217669,8.23494911753345,0.009159869583045849
-0.0015509181669381934,-0.02485246667655003,-0.011819036535790297,0.001607269320005377,0.17054445998557421,0.584195675178024,-0.03761119398865846,-0.0008204443410705048,-0.003939815049545549
-0.008064545882511471,3.98531322092936e-05,0.00319833379702787,0.008077151090175075,0.0018309512177929225,0.0024868719759676135,0.0012574813021885016,1.1505736714749173,0.3193530568828635
-0.014319184150600007,-0.2248331600749192,-0.0012995039595180195,0.009548023636315305,0.010573735058655111,0.006636249460037735,-0.0035427891663710916,0.0010739776722897792,0.005076309075014885
-0.04826762038918364,0.0005804602406903614,0.006384611870543689,-0.01158397709455133,1.5803249453710617,0.024893648241716138,0.005120585967541003,2.9645785920993566,0.012725547367678627
2.443116577898906,0.0008388866430953577,-0.002234068978096594,-0.004400145403112867,0.000779045898668479,-0.0019996458528817296,-0.0001296114721910692,-2.011087763933876,-0.006872308384112222
-0.001285359366526087,0.011420441017962912,0.015442678432390203,1.9303366570065612,-0.019718700027213425,-0.00211182993057199,3.471771107122498,2.791182505655004,0.5285128774587644
-0.004812710488875882,-0.3327067554862442,-0.002690851932366423,0.00908206808630391,4.3136987972339025,0.0058598750397674815,-0.001584593078937208,0.0010698759748608271,0.003624685398768223
-1.751525833843195,-0.007900798976586186,0.003170841727493226,-0.006234961093948383,0.005440718125721861,1.614761696172281,-0.013425186842247638,-9.605489188780226e-05,-0.0011157619729790652
-0.006135030587792962,-0.00023451221187253263,4.523520437448755,0.0033132547358538382,-0.006062476060273302,-6.538965943703873e-06,0.0007566965788655034,0.03729866550921119,0.027519278651624998
-0.0012869127431354033,0.014677811458591289,-0.0021756916468346557,0.7220130928104754,0.0026192532495708095,0.0022241849457041857,0.5609924035525538,0.01476483875957764,0.008948365163768384
-0.002648251906324118,-3.9462868801569524,-3.0595473569073293e-05,0.25788030103011056,-2.948597632352895,0.000284781457205327,0.00460084488535906,0.0013372010933937893,0.011037038411010194
-3.234607537076613,0.0004086060930286184,0.006134845068661937,0.00967620137967301,0.0023297502328221142,0.9979671538107202,-0.012266848909600392,0.03130409363951375,6.161231201207009
0.4935650632377992,0.019209000585780574,-0.013737774464603059,0.0020721212985497133,-0.043297745357335424,-0.026336586218810076,0.014934160177887446,0.001364566936884667,-0.0023689678680158264
-0.005239363477748371,3.287541464694191,0.009116166845843675,-0.000162373493121915,-0.291108879441047,-0.000584280224838335,0.0023367243625332518,0.022183618775850095,0.00532576075863109
-1.3313913714835488,0.0004920510792655597,0.03390771753489711,-0.002496108491939035,0.0018474963375111897,0.0026913961654350736,-0.00033464741336822895,0.0031866909397701496,1.3147542465314779
-0.009334670835098868,-0.004096942170066814,0.002114378467783354,-0.01331398003538481,-3.8634256826806475,-0.0002592545137058977,-0.03340823355098016,3.0972127811520807,-5.012441181624102
-0.00770299125591406,-0.01141479063487194,-2.801746168421259,-0.0007292173754298026,2.874626942753622,2.0697486794333937,0.0029657234747054867,0.003210387762795197,0.0020449054986360696
0.0005488377930237254,-0.013994556714671529,-0.006680371956334155,0.023941972822648528,0.003918403268886261,2.2433185723664084,-0.003084080223120178,-0.0011230970458665141,-0.0003798235519184047
0.000413870464265503,0.004165479950100789,2.436748025899917,0.6112592085765893,-1.3095377208725074,-0.0011673480090758463,0.002947616368926926,0.0013342038860414138,0.015735652918537214
-0.013022529987150366,-0.0035803434807431685,-0.0015266766657846297,0.005587069130794556,0.0020117149877793726,0.003484424319624021,-0.001909513099541871,0.3213287224335059,0.004972617767392406
0.2483288618715493,0.01681165723632895,0.0015188485380422528,-0.0002599520580009347,0.0015812944428254816,-1.970490958719214,0.003325976767823313,-0.004772102493274365,-0.002279287012110366
3.2373280454172035,-0.0010107286399101412,-4.168547853901487,-0.015313057529215891,-0.0010934937774095405,-0.014651075226775515,0.0013954197528042167,-1.9296299428596235,-0.3997384374066959
0.0028725656020171016,0.013341548884732587,0.001782221619477691,-0.0012329787225515716,-1.2802198207179705,-0.007165623196884567,0.011115514043591476,-0.0008734179508706908,0.00017930971428607462
-0.0007172253840989204,-0.00012307202679051957,-3.6494399592688302,-0.00020737245978572863,0.01903133353347847,0.003776845323697405,-0.012061484912718176,0.002526828915230736,-0.023950198841506634
-0.006406406335502239,-6.953806164022274,0.0015399212887823172,0.01842804537645349,0.013880717095138051,0.2918129218598772,-0.004378456100562159,0.0024436362698168172,0.003492141832451022
0.004124672897902561,0.003331826999066617,0.010558354309031437,-0.0014309304545150493,-0.002385506292390309,-0.0049220087709158505,3.2956070091653724,-1.8811769229547441,0.001065949418431138
-0.013270945051284844,-0.3345173980297331,-3.066226606538791,0.0037994926532265993,-0.4060345366224798,-5.6488136443964425,-1.630138720313301,0.008973845612068654,-3.774331891787108e-05
0.0006795052565600038,0.0020894565659168446,0.13162012543626023,0.002299020419255943,-0.01575265505939985,-0.7187729585045495,0.023121181971096277,-0.0037227248729820445,0.008687974464952827
0.0007823050588887381,0.18867293754007675,0.0009460545737670784,-0.003953892755784852,-0.8161423885154724,-1.1302722925772009,0.11997629460852566,0.010751911488618926,0.0020983705526624553
0.017324562473260002,0.005402843729846979,0.03828927053688819,0.005829876070112816,-0.010947701266486018,-0.004288104305802783,-0.0019723911526629834,-1.661224132881891,-7.997083776547871
0.006340287956973542,0.027865571144359114,0.0020490557151478343,-0.005375788910099363,-2.6003972638493025,-0.021403248440535594,0.8395170067084853,-0.004323284309539113,-0.002505240012533212
-0.004235753360733103,-0.004567355871446625,0.023444959353296064,0.0017675203012089257,1.1096002274855166,0.012568205599810894,-0.01667481718393004,0.0002845552048682462,0.002690512771938863
0.05888179388789292,0.015718008466471256,0.0043952384010543044,-2.5123008454341242,-0.008348005490395806,-0.08196944592134038,0.008981881091031648,-1.6361452752072754,-0.0024927429925059447
2.8780924970768793,0.0013165357440030195,-0.01045861214525591,0.000324377784068873,-0.007305521672210602,-0.006756730215115671,0.001192903649616578,-0.00028977931139946567,-3.7341633573689723
-0.2320246634236594,-0.024534526007116815,-0.0014526867044889371,0.0007710878809306569,-0.07552388980544403,-0.0023628382043928975,0.7683039392531043,0.005450987351615615,0.3296783618150644
-0.00981149539990064,-0.01627804882820406,-0.002084344076258974,0.0031242898922724336,0.007247454929039698,0.006998820389323192,-0.04529462918917581,0.004062976457121895,0.0005332859237901941
0.003968917201602751,-0.003958737658753098,-0.0014766719576227993,-0.060231884026361815,-4.626013707193067,-1.1995864000935068,-0.012793860124077013,-0.007140973257606487,-0.01929178072701537
-0.015457157316942865,-0.102252613332471,-0.808684650711649,0.22727900780636115,0.011166614334144155,0.057098189337526514,-0.009338064805031493,0.0084869585748281,0.0031041705833450544
-0.004517335726116288,0.003125219972605844,-0.006152544031677407,-0.006202471639916571,0.012797874076812099,1.8612700982329533,-0.0008747765819520914,2.1303164635300806,-0.0026393860799934013
0.0005503333170050993,-0.010729640383460026,-0.06790119603164402,-0.02316365737817231,0.0006280586036650695,-0.0010315863163921427,-3.0707987651516495,-0.0009378323049830124,-0.014632651429131352
-0.01308703533919052,-0.0014898585817835867,0.00479596833189741,0.01176345451672789,0.006580415623370708,0.595366662117699,-0.010544387468476066,0.5778592230078221,4.035041996302132
-0.007101520679504685,-0.011763719748143858,-0.0050493938383974445,0.005950835382918159,3.404110402029378,0.28700140283903464,-0.015229987139791862,0.008588104689965001,0.00215279557055961
0.7696219788904256,0.009637771713387032,0.0016221567485362894,-0.002898748629900357,-0.00016051512949715515,-0.0011658970864070793,-0.001364223551498326,-0.003914561840380398,-0.011617516249570916
0.14091781455644295,1.8327034088330065,0.014142624988345585,-0.018138664387027256,-0.012383297732385029,-0.0739415010613351,0.0023502715130319235,-4.106609116976943,-0.004271725546368954
0.003278470037544747,0.014141118184118312,0.02959145102691439,-2.0862717788668066,-0.018154518341065025,-0.025916961206152,2.4360883772896798,-0.004704814328344186,-0.00022521644455146018
-0.0003178688328996454,-0.0038477901502048262,-0.016426704639308565,0.009640533368379509,0.0020635516924795436,0.0016878426907448703,-0.11421805366351963,0.003373783731273216,-0.00522435976860922
-0.0034969503212678825,0.0012232017643136253,0.005235076403722855,0.005172946618028029,0.0011892410269393888,0.0014062421808777336,0.0004709961543801749,0.0135370758912075,1.0427157677715344
-0.004782060491909194,0.0017563214228020294,-0.0018832976672808748,-0.0044179668283934066,-0.002589128821030914,-6.580059685705984e-05,0.6727056480057336,0.01359977859194671,0.005526801401097825
-0.009485152038770943,0.0029731849317388565,0.011418594700962943,-0.0029513361320549544,-0.08585720368958522,-0.0007824378543388848,1.527526854269388,0.02158356636603661,0.02682103472145745
-0.048376974840915535,-3.67698009697291,-0.0010510071689412426,0.00024035285286444583,0.00499468266798031,2.3463324927619595,-0.0037316035404037495,6.43088802722283,0.0024773322325585267
-0.002149450487233931,0.007164649999660317,0.013389517951363436,0.008562825562697177,0.0980916200284625,1.0225095468025938,0.007095280924874034,-0.00027317042126834973,2.1010069400075917
0.05822799175239224,0.011529395129814213,-0.0031089354363758454,0.0027390549723762675,-3.9471321224509097,-0.8969058318607601,0.00010962195439728414,-0.005871404639212818,-0.00785221840533501
-0.0011985290762406946,-0.006086783364246534,-0.15512745485492527,0.006592692560421037,0.013586178862470157,0.004675416223384653,-3.051755759548524,0.0031005036323243883,-0.0008108542197284487
-0.24787241224094092,-0.013526223074426252,0.0032721495637197512,0.13478503066271816,0.005375855946542446,0.14084242419173398,-0.004429072202373954,0.005172455560375843,0.020717053275711057
0.004643195286387819,0.19386063230700978,0.007919668594609998,0.0016017054972158606,-1.3861413862823113,-1.7586171257349363,2.055711063940832,0.0033410625081979894,0.004145979531490784
-0.0010132844368291576,-1.4878826501661706,-0.0018932701391120958,0.028486333040386332,0.0026603382354918985,0.0011503087576213732,-0.001403124218334587,-0.002187001967783055,0.0017447597470930352
-0.0022922949857144058,-2.088674972153794,-1.7034947756301393,0.06668251376154377,0.41099606633546015,0.015235306150441122,-0.003119512034547668,0.0015790416256827098,0.0013096929707157945
-0.001133296552985115,-0.0015043780122026978,-0.013572652711231759,-1.022918076671511,0.001256097119679867,0.00039513790679046937,-2.150175631477953,0.002586134369718658,-0.009875215342349055
-0.019085228133551957,-0.01599135294204554,0.013371713288913845,-0.01613140235486779,0.13136284252398966,0.993913999422726,-1.8531834333918686,-0.003083904204323376,0.0019824296097271047
-0.00046318227057994725,-0.0010924993399393,-0.0023002187970183365,0.0205448568812013,-0.025780700625440023,-1.4318568088346622,0.026320413169047735,0.001705091812204182,0.005610645262543833
-0.00029302381807106527,0.021690090171002433,0.055792029654120286,-0.0006255014959795063,-0.005469505518018634,-0.0012114270438312595,0.004829257703035982,1.1548817430038352,0.022130598539196106
-0.024462454829499398,-0.022159232496032535,-2.000273761204823,0.28858555003357705,0.003107334443092871,0.5497530794808028,-0.0015853212756782552,0.015345351863182284,0.006844958139092038
0.0056439486311864115,0.010374643362376153,0.5666772402618248,0.0025755497345725073,-0.01496077540865717,-0.018263131670159527,0.8361021295343752,-3.1188473653087905,0.014850576438845957
0.004251429038372735,0.012972549553457571,0.006027535293268373,-0.03782058082547859,-0.8748147096986231,-0.12339836014491179,0.0018462062593891226,-0.0026766875922105238,-0.0030938613553775198
0.010012497663464053,0.0036895139977606594,0.0032514281266445974,-0.680749885921679,-0.004236015328703121,-0.006324534032050978,-3.538480946338972e-05,-0.02842746987391435,-0.013661796712930496
-2.593624281659796,-1.965314416829304,0.005412811107023231,0.0010086888192265544,0.03670579960750686,0.18143815702423477,-0.01993154657239246,-0.007440659832415954,0.000285085830300999
0.003789695978484369,0.29028717334854326,0.018702648588991132,-0.003354995735832397,-0.030326172890595023,-0.0070564212500403845,1.707484130082781,-0.0016045766602826939,-9.403632006219163e-05
-0.0012796701468218935,0.004717731970445078,0.004786919437397068,0.00847297095295115,-0.017573589229874526,-0.0010397301392326367,0.5081977659375521,0.0058775462903223824,0.04238655280692191
2.6818125283162955,0.03884120620735393,0.02005926137734529,-0.01155094934362998,-0.003228765510076115,-3.0216703800374916,-0.0006825543768863851,-0.0006177276657738004,-0.0021960816953395523
0.008984888819974285,0.005937553160802854,-0.006084614609007784,-0.006670426795262443,-0.0018832545534953754,-1.2763825870682055,0.00185568786804758,-0.0011582710643183716,-0.004708546171807836
-1.356898678766227,-0.0006359317289841154,2.2668375831216836e-05,0.015041123088026374,0.0029909194087162985,0.01178082027764131,0.0023967960215147653,0.21450013975055207,0.8438929237236232
0.005720466605878556,1.1566696682532949,2.121791248752003e-05,0.01324141156671766,-0.012334867699155427,-2.3248034799808357,0.5736581451468084,0.003839696591850107,0.0035174484944330495
0.060607330107175714,0.006443116525293579,0.005274080974516506,0.0011945160420067937,-0.00030699923774657033,-0.0013208970571770339,0.0008611055617379739,-0.6245357523200691,-0.0035728927701241895
0.030517371272266718,0.012216989154559849,0.0016268697812278315,-1.5993113614187424,-0.002713471100789834,-0.0037640578839470548,0.00045930638380396087,-0.0072216877980587745,-0.03194709693262056
-0.0009083718510841665,0.004768654430237634,3.7350601105448176,-0.008971074869697476,-0.06440850608977337,-0.0037618830651442257,0.001488795646093782,0.04871291753953355,5.418389981340504
-0.01130166626219642,-0.0037625580886872304,-0.0004138186676138321,0.005877717694871057,0.024664730104142385,0.24270714920423264,2.363993998860832,3.4666838198242216,0.01875690302647043
2.442672071649185,0.05812273721378147,0.001008715628007452,0.027212203114664595,-1.1870538883109956,-0.008735573482185954,2.941361923188513,0.004667165891397318,0.0035243364610093933
0.007989864781158585,0.005065059976983844,0.0002911081543070775,-0.004787648807236353,-0.011851920096391397,-0.3991924198918574,0.014326925865032557,-2.5650480063030194,0.00015726656806261397
-0.006204030269795103,-0.003791478908649349,0.6497211554304937,0.0005983648205832563,0.0004859012267255356,0.000922386570145929,-0.0015877964269148002,0.0011501027404691865,0.013369093253789138
-0.014904650293721672,-0.011036908461450863,0.020177630842161093,1.3086468290846276,-0.02057844381511731,4.936487918950551,-0.003190805509165451,0.0025178328736319613,0.017056761884417876
0.0024558450461847348,-0.005163066466188526,-0.006980488540602597,-0.019735815901570364,-4.548364126178825,-1.7255507704281747,-0.007471790196301436,-0.0016697516172488047,-0.01672524780506535
1.067028098212822,0.005548791312218658,-0.04643541388111225,-0.008544038174043993,2.2384568888118173,-0.004780076378928841,0.010651926297293019,-0.01155003175430569,-0.041695937892478385
1.177941502339156,0.0007923929452547229,-0.00304756864327968,-0.005660447965433483,0.00044244668112061736,-1.3994397427178724,-0.001317445814868895,-0.017514916512546597,-0.01689113837613948
0.0183140543436062,0.005891469703027842,-0.045325592143607873,0.028366344822385314,0.12387630823709639,1.334163667119201,0.0024297210971596928,6.820850911334988,-0.0028306635002058322
0.002182393077323541,-0.7111661297828471,-0.021376474794413132,-2.4899575679682058,0.011018401845679211,-0.00022802958665284895,-3.6146294230166496,-0.011818362041171886,-0.6243563546434405
0.0012828678375417513,-0.014570008451293692,-0.0014718674114493242,0.04358816231788526,0.031879489979870945,1.044434271035367,-2.4932378152714056,-0.004296222858138646,0.00031249558369777315
0.9380397711989992,0.006150293727306577,0.008880061434920913,2.777912789594853,-0.006649530441243962,-0.003744412704678942,-0.0004282288551297371,-3.0809437898665077,-0.0008703153312523484
-2.3933771030180377,0.004700250455325526,0.0033519944698328407,0.008652221315932029,0.001611046782007866,0.011699562846171194,0.0014177468571361408,0.39809478325773273,0.022002679260414465
-0.002143363312055994,-3.7671834007480536,-0.011068073584158532,0.26063185982141585,0.028747077887187666,0.009284190248860668,0.00025634884500500693,0.0012078087972918917,0.0021710966621952864
-0.002460849154110151,-0.02449970880093104,-0.015185660012544887,0.0041126251121987745,0.02630641418179424,0.006436414644096219,-1.0797814072745524,0.00146005144295975,-0.0009194469526018316
-0.0021030755337680604,3.5251285838630935,0.006762116734325765,0.014908963741533745,-3.191220051094028,-0.0015231802223137358,0.03204081038732767,4.1067817899789825,0.025458455909127875
0.0005614418980529534,1.7486711558802255,1.0965771653419945,-0.012978563365003179,-0.005288610724295786,-0.0014428169832536866,0.00036470193184783353,0.0010422362872005882,-0.00012454129715556853
0.004899126521820112,-0.31473652457917645,-0.003728436346172633,0.018823318150911154,1.0213645830778415,0.0007640606582431514,-1.577339279197731,-0.07835337159662614,-0.0033621978634481298
-0.0049739859315588025,0.03636452350723651,0.0032272606660058035,-0.002040371010989757,2.898766974330006,0.013903713175744015,0.11300812866739036,0.03885535753865735,2.265090986967906
-0.020559539806873417,-0.007363747098084823,-0.0005367174435539027,0.0144150736291517,0.0016973960029386087,0.0030496254243377557,-0.0012420784039230126,0.013669967331345864,0.015460042710782556
0.001538704669045027,-0.004247231958610117,0.0014250719308072654,0.004517537693203519,0.01065442664554465,0.0026864709824875946,-0.6414191841921084,-1.3586151066657437,-0.00535742910104554
0.009775056835613145,0.01861337482557375,0.08534828892922879,-0.05056044106613711,1.1793273265991027,0.0014035277732854009,-0.0009907786806993175,-0.889994831422773,-3.7127355478857673
3.014321212913911,1.991377717655045,2.6489696365285127,-7.503474746498234,0.01687659233484573,3.932811041295521,-0.04664297713100318,-0.0017329567250352514,-0.024516442549479864
0.00292862770291843,0.01176551830862102,0.0025652703477525365,0.006169878870238917,-0.05646565276569171,-1.5756601484486845,0.002140060586006229,0.003435555188353167,0.0016892433749349511
0.002103248856768573,-6.028191722843147,-0.006918758969727254,1.5059334137252829,0.011111850376506305,0.0049888987782833304,-0.11702517641527477,-0.0006036360095784983,-0.0047050472633896785
-0.010395237575051813,-10.29117579839685,0.0018423425604254667,-0.007061416672510541,0.022671248237559727,0.008448565622372423,-2.4548537484661352,0.0021289127674517273,3.5073444104058264e-05
-0.010750412717393446,-0.01082277244905839,0.0004588965690093678,-0.0025655056422027407,0.0010640033630332445,0.0014140649193312975,-0.00846593129940097,0.0032007741110818837,0.000941548038661185
2.7760847873119125,0.031836654397984776,0.014317235615032675,0.0013137056228033628,-2.7597449884618577,-0.0013683376650056034,-0.043542467314150124,0.006409936114557473,-3.042891586566723
-0.009588101634405002,-0.003755330672405688,0.009053789594389171,-0.00284674300079585,-2.7670071109029015,-0.00021655598427233747,0.09694160262732175,0.0028247156264762114,0.01562639877282368
-0.013594830560563993,-0.00835233997993074,2.7472441622407846,0.013323534666356074,0.006011669044157834,0.023405043511208316,-0.7191321876743085,3.1754951242564418,0.01717327440490568
-0.0016506302385987538,-4.092951124918343,-0.007790875772011659,-2.4116511830532277,0.016807648166235215,0.004450152570359218,-0.06925819396033817,-0.0001482022981366097,-0.01177838091988245
0.01108567864882623,0.0021825229880031993,-0.0037516165599840107,-0.01382777122920345,5.013742790987315,-0.01537477218731187,0.002844607464385653,-0.20844938765041698,-0.011275341314445676
-6.2123386123184385,-0.02184495885254542,-5.0437340646648,6.587602003291682,0.01820926923340971,0.19435593408283147,-0.009737176651797047,1.6937594623504804e-05,-0.008252482518613824
-0.0037884587296864725,-0.009591629532963442,-0.07293425633492467,0.06839901994071829,11.470246144964037,0.6894742062074641,-0.018748477847861697,0.0186697287750468,9.584435548819215e-05
-0.010408758345996982,-0.008800367122668004,-0.017801248682077497,1.040940112106269,-0.002673805651785856,-0.000100506140502722,0.0017281485290041344,1.28400225109061,0.015201382440030657
0.001885060627217223,0.0002813798169444714,0.0014218963822280957,-0.04215587063511974,0.0015439220457614522,-0.0005714183396489877,0.0006990858205567598,-0.517466093536718,-0.0038373963624011064
0.011418056467766467,0.009945957543998487,0.004141061511351789,-0.04178611235953408,0.004090340319736568,-1.9774547535452336,-0.000678465859643082,-0.007043871474672086,-0.0047833994122324225
-0.0011996688959442846,0.003037863855796557,0.002271717562594996,-0.002088680741551444,-0.004610662951664043,-0.0011107355603190592,0.7524000511759784,0.001830356163012025,0.004751475471206265
-0.005355065654670532,-0.012010890602790536,0.0028334022062693424,-0.042546541657687544,1.8559198876185468,0.004806694861110253,-0.46908098541419513,-3.1299811240651163,-0.007158662291767606
0.0018423687964067336,-0.00037717104449819586,-0.0001343285342643768,0.03425132860221096,-0.02024314348957321,-0.004169108533031174,0.9958603764380114,-0.0009004383780752447,2.037040583412689
0.012027168061947195,0.03794306703425565,5.22300736402658,-0.002575556694486548,-0.010963798723625014,-0.008442978019000007,2.393449596907823,-0.008440715590172686,-0.006187672152805145
0.0034811951899241626,-0.0492527826287279,-1.8928850330747715,-8.749635345045155,-0.00039607587992998225,-0.005730485759367215,1.8648938113955575,-0.1639790135723394,-0.006762750112628196
0.5794605743012342,0.021179930210778013,0.0026352425386012186,-0.0059665481880825585,-0.005988624782544794,-0.005758663284508519,0.00449914178241775,-0.0056878337939146525,-3.3611515280961894
0.02432885800745542,4.935331004217453,-0.0017355736880873412,-3.5095896886846534,-0.0048771014502957954,-0.02842272711351604,2.1901810749399093,-0.011708237325135219,-0.01074933596622872
0.0038211108244892156,1.0035083406058565,0.006245267626466546,-0.004118276580482656,-1.97758367988596,-0.010523220188444371,0.7074437771607612,-0.0020036669268608774,-0.00037051523496319134
-0.0014077332932630228,-0.05187630879152716,-0.005113230104885635,-0.25937618827493775,0.004072075882086726,-0.0002605921225741839,-2.9955506062548203,-0.002631497906564773,-0.004919361035965176
0.016330615433207192,0.001866708227097065,0.930646457486672,0.06537883767425942,-0.004812268085943261,-4.897287979047077,-0.007522829719320556,-0.007947497574280642,0.001182567298245639
0.004683382336559008,0.0037940896957150833,-7.643618068801754e-06,-0.004541630725005296,-0.03278681006998151,-0.033354686576134704,1.3022317802108163,-0.004683399746404642,-0.002034025887321249
0.018799029915504098,0.007941085555868822,-0.006776276345290211,-0.5844170537267049,0.006723246123001181,-3.167524830047554,-0.0052519986285373965,-0.0031821106865994857,-0.05595156604965981
0.002005982876398687,0.0034017902340234872,0.0032376553756820136,-0.01049117171527947,-0.007898843475002942,-0.005322548864159453,0.016564914881137822,-0.003612281221856964,0.0010418153621998781
-0.4802964425468632,-0.00208460238564612,0.002187889671417346,-0.0018470871056357697,0.0016929787667900997,0.002087577093260112,0.0020074821113771437,0.008702378197196046,0.017928308419110035
0.10370430761275679,0.004562386513550484,-0.002857275581380289,-3.437823981372679,-0.0037811159725814995,-0.2605899772764791,0.0033979284707077347,-0.059877474276075586,-0.014305783284676063
-3.8702983963997024,-0.04916255410470932,-0.03492245607130094,3.6033953438945656,0.005292047332797853,0.021199573688407622,-0.3351776434132223,0.005324971854920308,-0.0105684657552855
0.0898982869156282,0.009783486489257134,0.0051507501480851856,-0.010007119723922448,3.3049349179485946e-06,-0.0011986654344063412,-0.0009813993086032202,-1.2418586576912207,-0.6576738069922067
0.003933169178002215,0.018652543113791855,0.007384925264936684,-0.002830215808295408,-0.00804379161165654,-0.7924135347676738,0.36411720823655536,-0.001726310892289585,0.0019946975190058384
0.005570714193587022,-0.009134948805572893,-0.08403821958526214,-0.0018852218919345968,0.016446529244141805,4.243735381237015,-0.025122726020568087,-0.002037146014886134,-1.144388622509981
-0.0012258859035446064,-0.005159557764743799,-0.7237609405351959,0.03855082620049191,0.003230539675971882,0.003143676792682886,-0.005748125907840506,2.4920642426529733,-0.00481183309934748
0.01391663925090006,0.032934539536870644,0.002413307877200231,0.002156486364133816,-2.146694544516952,-0.017417509101902068,1.0845580801385597,-0.005451952539133225,-0.0019074927977904997
-1.5191666048088353,-0.01778671417193327,0.005607277717997054,0.007204961264674724,-0.9519607837408183,-0.0016979226028383063,-0.0013921960985586158,0.002690977623926965,0.022911145300521088
-0.0005818696886374999,-0.0030972073647864973,-0.0013215470398887147,-0.050316830592963685,-2.359322165648772,-0.0031625106219209664,-0.0062648983029530625,0.00018853726670753877,-0.003926900175025168
-1.5827702686366751,-0.003914915210045819,0.011243699828173581,0.0008463845650043614,0.0038901528673480207,0.006808649358069685,-0.010914139092042058,0.007788692701247407,4.569445675116244
