0,1,2,3,4,5
0.02010436485133582,0.003267730278115638,0.010123946873376921,1.8059328559115393,-0.45493614165374274,-0.017464025760479118
2.556897634812687,0.007714914350748053,0.007573342942717506,0.009507813927623565,-0.10311341994425688,-0.009741059358899795
-0.017269046917503653,-2.2812957233725903,0.008078233729235666,1.1903169395229463,0.017210935186874186,0.054855885469316315
-0.00012176328969316225,0.007270567508141194,0.00410756991044962,-0.6932704480085918,0.0033878344019094755,0.017438569130643233
0.15099133477034554,1.7092042617448495,0.012543788253756127,1.530575328541012,-3.789640173777675,-0.015218428791960115
0.02612186141720091,0.013810393120385137,0.0012412055568188016,0.6259277105821364,-0.01659674735708403,-0.0030581727004038023
-0.005983209966138613,0.005304152858465638,0.0020476261242155375,-0.01902656013823656,3.1141529932677674,0.7088898509762984
0.5434140891746746,1.9149872037697553,0.5013940758113378,0.14841803382183905,-4.261364785018707,-0.011638024134247082
-0.08344698263757688,-1.9096612270866264,-0.004887243104612055,-0.06425957730950294,1.4982496807582188,0.006403579987591557
-0.014885856491093238,0.00023151700992057878,0.002468362148363143,-0.008989309600064055,1.465118994474759,4.293798902277771
-0.008873372274180398,-0.46568204686722947,-0.0015483011821895189,-0.02863109874948562,0.01019266053381692,0.0009198745124150837
0.03609148459344913,0.002806362559798138,-0.0002449158614151112,1.5241276048238603,-2.373126642623262,-0.006600812417605573
3.902796501901939,0.0018054888610899156,0.000594467986229863,1.5581066764558997,-0.20866856769473846,-0.01555636184275877
-6.119826138214265,0.004527330583003107,0.007587578379295273,0.004478541688238691,0.03682693268566699,0.24797978669133514
0.017332462597453285,0.002397663821366674,0.00313121215352072,0.01794075853596512,-0.4688034567283767,-0.2749986833392186
0.04166115334381246,0.015325453501800125,0.006334778391651098,0.02704946895786771,-0.40330979555842955,-0.018160653839587287
-0.1849428254825889,-0.0005669605366413564,0.006642182629489035,-0.01687063890548246,1.402734852859704,0.1432968909573007
-0.052281252993709434,-0.021073735849202385,0.0010529690074103275,-0.0434636990700025,0.10580858953939676,0.0223555415610292
0.7273561476899721,0.0032671970469236034,-0.0035362773645789478,0.012011826130600672,-0.5324399123055041,-1.4500204855694818
-2.454065939720835,-0.21211884523296662,0.00132332713441755,-0.002786253476055489,0.010005419839756495,-0.0013862432369967093
0.3187347101690939,0.004182976334711375,-0.00033769232861760416,0.0011965112900775288,-3.4061601451096806,-0.07972766087788319
-1.258735495511532,-0.029801936163692977,0.0012447570259394728,-0.004025396517065141,0.03616728409966172,0.010006348363742756
1.1141384181088667,0.015449202343889312,0.0009499496662810549,0.01451281348964717,-0.12377021426665977,-0.009365194434770158
2.5435398303004746,0.6113228166404315,-0.0062455582309395696,0.13094264432008984,-0.04243932819583382,0.02321843237978516
0.036522955265216234,0.0006262125696529716,-0.0050324760364605856,0.2534221499698335,-2.310523446964019,-0.021800722396525307
-0.005770280570039105,-0.031820775560982915,0.0003276387380222092,-0.3688034021178035,0.0036655029242905466,-0.004188039734040628
-0.018707381660663346,-0.8203905809802372,-0.007561686767783423,-0.011021388031783999,0.024879817402874232,0.009431876683258886
-0.0002739424513763739,-0.5042499315691273,-0.0025348680216598675,0.00043544000811631886,-0.0013904784075332995,-0.010604803772219538
-0.05258020715562512,-0.002679065018619271,0.0007040595168187748,-0.006172691235999339,2.678247351028498,0.022631684695070264
-0.0023114309558052147,-0.0027375809951067456,-0.0006537918278965672,-0.005353298085361068,0.0028055121404713156,0.002732629489990823
-5.874120285287596,-0.3782511986917471,-0.0024241908971562695,0.008362922656944605,0.0005114455487248339,-0.00539305124220979
-0.10074570381130976,-0.007692310386329074,0.00423793995982602,-1.2101126391277481,0.08676761955421859,0.003252665549457301
2.480855862491858,-0.00252907733487745,-0.06817020780379222,0.011431253150752774,-0.05562932994251557,-0.46737360926210414
0.08815683971983464,0.006863092340745355,0.0035150784597411315,0.10667306735155702,-1.973200568338703,0.0003591282435881915
-4.208428365549027,0.008451321133478018,0.02224458562978461,-0.005983864894327839,0.34887076206171486,0.4272992866423291
0.0030211796793185586,-1.6964476912320783,-0.005279947104801244,-0.4442793251747701,-0.004630593636912889,-0.20479092245762298
0.0021705447202698125,0.0101817482942708,0.000212874852474787,-0.7463145810284346,0.0004911970378542818,0.0027413898540156467
-0.010211558870909411,-0.0036628401752910465,2.01030608526169,-0.006690895374488699,0.013478137484583295,0.1306921901257907
1.9215584770468017,0.018550078977701195,3.4709322339240303,-0.006095357835281728,-1.299306359229357,-0.5277365015010425
-1.3019418340192768,-0.004907461511454914,0.009726827785528839,-0.007035577219002262,0.09672125370384395,0.018374174179073555
0.025305050654034322,0.002984830567944116,0.008094448689418311,1.7019870506260162,-2.5950169559269574,-0.0180914556418581
0.05392479362768676,4.589722339362959e-06,-1.05526928040321,0.020522439626637856,-1.294648643547812,-1.2169092067074274
0.00825007675192538,0.001503151697979516,0.014866962988054074,0.01826349071264033,-3.335481532777546,0.000551455610751761
0.2507123493433313,0.018520693661262414,0.003110568321855638,0.008640229300989427,-1.4229661222501817,0.001842011823290468
0.006701868773628363,0.054662956601297524,-0.00246628619713233,0.13073305961779738,-0.006522754378690444,0.0026951488044425313
-0.04861249118595803,-0.06396171987407749,0.0003689148880338419,-0.011793651470139404,0.08783692020561704,0.02220772302206378
-0.014801979314732544,-0.010861585001890333,0.005882205229983236,-0.014655642450369743,0.015784938859900465,0.01782104911953077
4.17914669649867,0.0026236472983327493,-0.0013467946536362889,-0.0018565727730092685,-0.03725135571337515,-0.013889871756170513
-0.05094844162675098,-0.0022765817018328503,0.0030606553448179006,-0.12176082418460421,1.603898885695841,0.015857621211119
0.013634800627502996,-0.001860285996529376,-0.0009709408937093045,0.3944905374431009,-4.114778251997372,-3.870470717064748
-0.11344592361769679,-0.004965108056912041,0.004388808009119012,-0.016233550393007695,0.3475307268237051,2.3030003566155113
-0.8964601129482808,-0.027152408334161514,1.4943359847288677,-0.013977850245384393,0.029164108043123207,0.015001830877912348
-0.03689562935617284,-0.792158174969188,-2.1346069456503556,-0.008795192870068818,0.03455405933429463,0.006172130191972769
-5.728252390874733,0.0077073934056473,0.0034328622236420303,-0.006133032335340793,2.495038510891753,0.5958493355123267
-0.03660580369497532,-0.012223724221609451,-6.517863662723958e-05,-0.5094285491034868,0.05102248869519624,0.004954870701517414
-0.001530344322399596,1.5432656180969921,0.00014522043251289328,-0.6085208647142291,0.005338860902888983,0.005336283971209797
0.0035758074006336793,-0.007398231001706057,-0.0029350429222199936,0.7586265882392276,-2.6697341024111374,-0.8164790271674427
0.01886538510107902,0.14994676175834354,0.0012951701742161207,0.007032817376302877,-0.02267290715039866,-0.01532357372891128
-0.011902210150518622,0.0032996943995651506,0.004264322631943734,-0.9605281956427589,3.686679540049269,1.9678667184687981
0.002250375151771178,-0.0019474574159087515,-0.03366841340260418,0.008146512526024333,-0.008135913864318112,-13.749472834687301
2.5270745882300583,0.0017405495333689541,-0.0005192815371401409,0.00714468520704678,-0.24275261518564403,-0.032805874295093296
0.018386794630018525,0.007418127731702075,-0.8659728126657438,0.012513115863193244,-0.017175318971290682,-0.03512488846319253
-0.15860250339790874,-0.0018204778743283138,0.0036292271865359313,-0.001012059693422579,1.3780624427654677,0.5760945656241141
0.009686128369692695,0.004515279560543428,0.0015168257205243373,0.004935453493371714,-0.01843466862473011,-0.3710099216265552
0.00044043089126873103,-0.3536975560885575,-0.24522092997514422,0.022164543300376417,-0.010606055101950007,-3.1595275332005563
-0.030194677015365767,-0.019100627718970392,-3.7307306802020026,-2.0740660968985716,0.032537426035796964,-0.013655565021438498
1.1013817621148414,0.00353217057667193,-0.02180856649666038,0.008554190995296557,-0.09204703224953559,-2.2954468509615324
1.4855813610412394,1.7050903604350554,-0.03912070480517603,0.0187015309016344,-0.03202440913204417,-0.00919685269324344
6.141125490068501,0.018510049376321842,0.001907000936550953,-0.0004587508180984856,-0.0018345181238237276,0.015849151071135603
-5.779238426170162,-0.2725466260480574,-0.0050502176000297785,0.0012873893959934324,0.0019775691136160733,-0.01402554178698212
-2.5810541106530827,-0.0049876734956663515,0.0006276071756306104,-0.007948728541151417,1.7661444035821339,-0.0015462543352338098
-2.0146145241132123,-0.2442387152544891,-0.0002484612819463627,0.0025911046154003803,0.015897842369056524,0.01305684203212798
0.0036402991998957974,0.0002612599789218867,-0.14865710489242498,0.004705125658321801,-0.005389607538128914,-0.03296594678355317
4.47909717552761,0.007826421941442611,0.005332711342838099,0.012380360401630153,-0.013979191863226516,-0.00033899716964680415
1.1852514783251333,0.003572228757694481,-0.003684561521708981,0.009230021882683737,-0.1177441194645226,-0.08651069430100855
-0.2651722619313055,-0.0031991688742648468,0.0060217004442729705,-0.5952832097311092,1.6395064721400745,0.017266258512915633
0.01492306428355572,0.377120645989927,-0.007232912348315232,0.5420819673463193,-0.006131161847526476,0.003716978861244627
9.518078951002706e-05,0.0021684387682214708,0.000171814806186249,0.002015270971026369,0.0023378557052636945,3.2845357407858886
-2.134793381283174,-0.0020533167780459882,0.006045754562527192,-1.1088101845652574,0.2437911408350463,0.01326948104984127
-0.004545839134327795,-0.014878881069236502,0.00037770573517784123,-0.0004246832111478079,-0.0007015702895573905,-5.340990767456245
-4.505797031687619,0.009687310416041886,0.44629786569352725,-0.010568970484487905,0.15654564846425167,0.5307867943456124
-0.034622233956410786,-0.0012726630241371717,0.573983155070465,-0.008751339184097928,1.4642328420278226,6.579295313616555
6.74006244259894,0.0029215290250957267,-0.4455404740649889,-0.0016337148247687061,-0.005288422000700177,-0.004314736154546139
0.005806579613600033,-1.1437660673750438,-0.07370382435572226,0.0024855594489488417,-0.007991194040069635,-0.2094977529010923
0.06069544636086799,0.015200590714314302,0.013197752524732646,1.5185180703346912,-0.4468679357993176,-0.0017739518182509073
7.670647391949489,0.002683379512400979,0.006374613526700305,0.0023742660047035846,-0.5057015684701496,-0.007191704001790589
-0.03102054157264407,-0.004208509612931311,-1.3542286689209282,-0.005510153457916722,4.414046296173607,0.07499930399461618
-7.4876666822731455,-0.8972103749021113,-0.007008042101978049,0.004813568528606815,0.005183602994792438,0.0005873258474222709
0.02155704203322685,0.0025649677565390324,-0.004818533085827494,0.06825209755184194,-0.1401251882512985,-0.5195885616476688
-0.0019091029110468068,0.000965431822281454,0.02030747774477381,-0.0006954742473481298,0.0027584018217029827,0.041019002391752934
5.782472116033406,-0.004361757535653404,-0.0016939733205774202,0.00024341757743151504,-1.4179761204204056,-0.6729421585798363
-0.39774357250521364,-0.028352583697247413,-0.00043768991309773263,-0.008269818602190337,0.2757471860021942,0.0182903614222424
0.10646165035839994,-0.00013215027638850685,-0.035776188457838254,1.9054682273784103,-1.1717538481122556,-0.14868071772815394
-0.0040985282847094545,0.0008356004974931323,0.04920381937103266,-0.776352600753597,0.00502188847659143,0.007753721079291315
-1.4813105401925533,-0.032540579833061765,1.0934810971649958,-0.007076204148277282,0.022247903177910623,0.0049926269778244325
-1.8984727985936993,-0.0027982720376983792,2.205545596156753,-0.007044906513861582,0.051993008329744655,0.19541409506066376
0.0002302558477546472,0.0009370004696528496,-0.0006496570366080006,0.0005063683918361843,0.00012044142563005313,0.001476541525803154
0.050478808235023855,0.006674613502190264,-0.01137716662292092,0.011465278932294522,-0.05638548132916778,-0.7001534036128401
0.043121673328904736,0.004287853402322975,0.00457926271940135,0.30807798101449535,-3.812488680475652,-0.0049489034816816435
0.04785197552944187,0.0031765564292497855,0.001398625289516911,1.1815218340749354,-1.0230867637456562,-0.019894634741981942
-0.04084615750017137,-0.028696411442167308,-0.04738182428642859,-0.002104489048229838,0.1145729246492001,2.6794027383042165
0.012524301792437041,0.010537048912928816,-6.426279774240581e-06,0.44781318485038607,-0.01076448358733185,-0.0018583615585387944
-0.010302421637241987,-0.001670302939340857,0.004269711263153217,-0.016319655613028287,0.02002496535334386,4.790367737968575
0.010437476064489415,-0.0018158918028514937,-0.1559642872602609,0.03709887011247748,-1.2728346268114592,-11.25129918644123
0.0006375423509549713,3.2704648604967543,0.0011176710364717533,0.019034401525646616,-0.00015834056420623976,0.007132788799340706
0.0006099071360831838,-1.2046731153117569e-05,-0.01935083907427165,0.003824085688357151,-0.0003609847790902273,0.0008235442135454109
0.002109510400213392,0.5615058307085067,1.4446775146366313,0.002336934356260865,0.000712504482883136,0.02160189271693677
-0.09230348826960474,-0.0006291402697762864,0.004591711108004338,-0.015021090195315306,1.2626638688058156,0.1380522022430677
2.4739775277335547,0.09329893745453863,0.012152998055046028,0.00408951827179016,-0.03696949084482647,0.0007845633689391729
8.785304305749065,0.0017287409440937748,0.003004200469544199,-0.0003484270770927056,-0.12236883967208435,-0.01384007995041614
6.041375442349363,0.0030483335551951124,0.0005520441451620645,1.1953697097747167,-0.05281532624060955,0.002306721292131053
0.5931200623166113,0.028984610669869515,0.0034844169209093875,2.43815095432916,-1.5156645325311908,0.01398417897921811
0.03113296745213784,0.01730177351572899,1.3569194643770972,0.018499934023377934,-1.431570167083287,5.000413871186771e-05
2.0768204824329577,0.015344074905536464,-0.003296450755538839,-0.002011807597249532,-0.012806767359674343,-0.15792227513444934
-0.14170219928454347,-1.013733118651221,0.0007387251701546464,-0.11307694150071024,0.2996855596477179,0.01387650658941339
-0.006346515609579951,0.0033482500090258847,-0.0037727694413565403,-0.033507867462336915,2.4334411651733685,0.1473005672835903
1.2253023529587215,0.511562878444413,-0.0002764147475432439,0.011242164264900878,-0.10344825299993746,-0.00561998204444919
-0.9100675178479205,-0.007140662984547426,0.4609500993785105,-0.013819368604484253,0.02277564627766193,0.08191450411216972
-0.0005841837122747668,0.00011073433285261212,0.0018795778529844297,0.001206690551536389,0.0007724156444949557,0.004644561953791002
-0.02545113499768406,-0.8325458416738201,-5.282407890539094e-05,-0.005422718253732757,0.028113166866377326,0.011453509400726411
-0.004409844334920103,-0.004083823667220647,2.329772488306493,-0.0018757682200990777,0.0030756955180314366,0.0118574275788704
0.2124186923209542,0.2816420192050411,0.0023263943784402174,0.019052479028327574,-0.11427078757379215,-0.018338657209150525
0.18831433647310702,0.0068443365693043375,-0.0004863542971869179,0.21000670844445668,-0.4780757480573498,-0.018524077426737617
0.027802612442323314,0.6246638878462752,-0.06458090456458661,0.008823473942751084,-0.010798238055960592,-0.012545421117411158
-4.372917670999088,-0.015982170927794484,-0.0024133501756878574,-0.023798767295752365,0.010075919480450054,-0.017374872005532227
-4.7906842677966175,-0.001373803408528179,0.021645240383831008,-0.0003668580646807862,0.00916047610696645,0.009489196352414964
-2.715823029918109,-0.0019727522437980797,-0.001292412254768541,-0.00683237290469757,0.6835117689713662,0.033300653373921296
-10.634039139200903,0.0021900070169773196,0.011901642469315712,-0.0723788165668724,0.011380407498608722,0.0011170639867958965
-0.010052529833290968,0.005013368088374243,0.00989505940272517,-1.9943554157491903,2.3823923316573943,0.2909177709935413
-0.043281732797667616,-0.009782384097839221,0.003761309147025084,-0.005535314383169378,0.023430338335218487,2.918066968660105
0.01688073589372867,0.006539341638495951,0.0006626133777555693,0.44349125751489943,-0.01758338128944427,-0.007809439201243794
-0.03375304475245633,-0.006398167397194343,-0.007259123980265625,-0.0023092296690278014,4.634011977702713,4.399375119831873
1.9401487030891635,-0.0009883124710931895,-0.5550861859688467,0.27151966154645724,-0.19122716151248548,-0.06651920287338942
0.01496474098918596,0.002447484234507802,-0.04057316245616269,0.014033415284463504,-0.018384227545307885,-3.0299191703684833
4.839467152387912,-0.003846399937817494,-0.003229495988988664,-0.0003902608306053934,-0.45135915478948685,-0.16249412106381556
0.014095407004872995,0.24350719842437307,-2.0755713858709868,-2.2687941826835925,2.58346883597153,4.4612811606662035
0.01159412818648671,0.2283845385564981,0.00793712264979611,0.5084562389953359,-0.011128317211905924,0.0033131800910388143
-0.11365040191145057,-0.0006348961109156337,0.008486657297888483,-0.008505697279254654,3.779557724245695,0.07551701928505938
0.04743251664319853,0.009887145408125178,-0.0028941483691194373,0.012200346865096627,-0.2975299513865621,-0.021112985788359094
-6.950810142088164,-0.05014822732447842,-0.03676067425797985,-0.0467651431324172,0.013809422984069786,-0.04241361706513658
-2.420823510236472,-0.001990512769822081,0.004203640141174733,-0.002527819788292668,0.05192171605200002,1.629166973534339
-3.5461152552726793,-0.6179184085094771,0.0001521034480033447,0.00268959083322462,0.013695300905043707,0.0016323718683389776
-0.12948923850799265,-0.103451148152509,-0.010162342143429162,-1.3486666267086358,0.43282699145147163,-0.004217781060581793
4.4788803876624215,-0.0009089875798214738,-1.336925013564453,0.009874227177578354,-0.10222695738548944,-0.014886259252473444
-0.000961837251293401,0.0009224356330541363,0.0069284925458206565,-0.0012100998318018274,0.001496593159424024,0.0066196875120987575
-0.02225743581347281,-0.004139969678028457,-0.03624085623476729,-0.6172029175702978,1.1143509849937099,0.012027251771183023
0.10665475218945142,-0.00022486451292996062,-0.08019504873782057,1.2813898483683932,-1.0092557752889333,-0.0816368489377024
2.0295546443570234,0.020406002751414062,0.018695710479647073,0.007253376768392578,-0.1031529546474615,-0.007636230320677617
2.593380177470085,0.005657253951652348,-0.0003787587838596678,0.003917662005503808,-0.05107989099013892,-0.008106450192745474
0.004418248665902957,-0.006054115276380369,0.002356956270459974,1.0588164749170783,-1.648717900320907,-0.2257928647132852
6.543384868675269,0.0030982153762616413,-0.027297108360105897,-0.007249896812666634,-0.0018623783319577994,-0.0014957424537588304
-0.00357614390142702,0.0027221131415059163,-0.028398438050293295,-1.8652466177998477,1.0352534539557965,5.808947509762561
1.0531074071206605,0.012355047700089803,-0.0054423170344329586,0.015757493031000935,-0.0287236630399847,-0.0151532169879815
-0.006677689480289149,-1.0902236647397059,1.322153598879793,0.3350270794355068,0.0025722746979800013,0.004526037255477844
0.0007883798746214284,0.0019124654457644255,0.0017786947913903087,0.0002912836676744649,-0.0008524041700553764,-6.457286029267793e-05
1.2855321335805836,0.4942442548576476,0.13433745115748214,0.004075377546500725,-1.7132513323497245,-0.005204777552531237
0.017178251212698337,0.002006815697157032,0.0016353360475865608,0.005524308066053141,-0.8126635858978402,-3.9590196142529486
0.1957854928730671,0.004486707655114389,-0.0006173744503089151,0.01357778241624763,-3.54484872789271,-0.011417114144578688
-0.045758402171896306,-0.0036634622949592984,-0.001048901277630165,-0.20012297798108225,2.8081734052096885,0.0013158030671180931
2.914426952177285,0.006055612202012798,-0.0002465719284980598,0.03875221093101178,-0.0547673859032856,0.0021874604164643374
0.0043795630320909665,0.005186002702045991,-0.004520881003274495,0.005054339770355977,-0.004232242255182471,-0.0057957002247510546
5.442419956828919,1.2820780844892303,-0.00034769237957927007,0.0006347637336573397,-0.026640367971694015,0.009677658514809728
-0.049077423414882554,0.00011690508255080001,0.0064081345422838665,-0.007613545256384302,2.645942583367365,2.4995483051770577
0.0005674607835706447,0.008428240075117222,0.0022823650627344927,-0.396287310228562,5.468775464423679,3.5984141311545272
0.010691349963785013,0.0005219023211196702,-0.8448198233276125,0.5237331323383604,-0.014814087024530326,-3.073971503868652
0.0032904545784734215,0.0026268419560676066,-0.355751940470284,0.0021147433746345826,-0.002638760110642521,-0.007593191498306607
-0.10281967390301026,-0.008385288913055726,0.003091410559636514,-0.02257357540206103,0.19391198160871811,0.09039518079428904
-2.3431236550390513,-0.007242564957398973,0.00819040259847749,-0.004735636972909074,0.017446133658061906,0.004488516753635929
0.004937882580414749,0.01394091877105616,0.00079924190415262,0.0033966259778869285,-0.001977391311031182,3.179863968167178
4.223883577476304,0.0006452865694403075,0.0022480465216419155,-0.0018599951581552143,-0.6453765468715926,-0.09095152271613083
1.569509190701072,0.01396807687543105,0.0011222324872925235,0.022190112609469792,-0.34642273791398,0.0006391532202212336
-0.19861915274692798,-0.002291477857401579,0.003542298370276856,-0.011218763687443817,1.1125812157117543,0.07002683612083993
-0.0014485161835445153,0.0009258407377909837,0.06803220418835881,2.042997406990284e-05,0.002066960244172101,0.016430627436873558
1.2851389241407407,0.8169635199562155,-0.0002963437253825389,-0.00046522506270579855,-0.04609348852236774,-0.03476128931167444
0.0022287373899487622,-1.571264940851264,-0.005335334615304329,0.0007099165382471045,-0.008684946236630825,-4.394686484481371
-0.010470366580885182,0.0015276551010652284,0.659566984088702,-1.5392477420623685,0.2420345046682577,8.296655888697785
0.04076986878570166,-0.0003905816902531854,-0.039729788462770504,0.6292354660985287,-0.3222866425069113,-1.1418913241662079
0.0025675073898431926,1.34051804960212,0.047595269147895664,0.006236681258006221,-0.005464185869238171,0.009873133018834523
4.549140979334581,0.002441812471507293,0.0005581030999110351,0.2611729577907589,-8.871955952422153,-0.07921294399487877
-5.025727890939953,-0.004645692813438603,-0.00016314929875342957,0.008256091469755922,0.01466385775464921,0.012455708744959382
-0.011274355502896072,0.0011594328180046833,-0.00356679606008755,-0.06769894856359904,1.3648670142039263,1.5159500182745163
-4.527836584107853,-0.007462697561380771,0.0024230931433048743,0.0035103750831123604,0.005554437816681393,0.00321735299434589
0.1516321106156763,0.005719236364071931,0.003356877713142934,0.007299086214324041,-1.2897091904631568,-0.027908245242786678
0.6923162839996793,0.13334507749320484,0.0005701908814761624,0.04674956060538987,-0.14750924391618814,-0.005441370532218992
-0.39679794022476234,0.0011887286664860053,0.021418082491907964,-0.019928675840603205,3.64784599098752,1.6856048371433303
2.1846377867879228,0.005935547597000486,0.002028058535123096,0.03245568906565771,-0.038059210706498224,-0.01220120672254188
-0.00015378037333434747,-0.0011704463827751066,-0.0015864158569242504,-0.0004343679908181775,2.2407968042529144e-06,-0.0020694235336367064
-1.946900862062398,-1.3802027565924673,0.006992520778938327,-0.0004474257732652309,0.04959799372701521,0.014302366358130758
-3.028203456609882,-0.004635918490060759,0.0003721415545828721,0.0013239187538069963,0.14165837382705804,3.220834487692919
-0.0033792745671539443,-0.0002977100607322965,0.37829629979484286,-0.0033711985442410244,0.004354321708339586,0.04501261426350001
-6.115604462258609,0.007571903487142317,0.004568302226165208,-0.9680233733250034,3.7910631937402135,0.12559986492027875
-0.01682158328574334,0.0038910831347457563,0.014682675385526096,-0.056466955579655975,1.6405062909321764,0.46974621617213064
0.00635794477192357,0.003143767795561714,0.0006587029952779914,0.06685598237893436,-0.010789614019006199,-0.01583774659682228
0.0009402919743120067,-1.288478280881217,-0.6085775386091312,-0.0015379093527371768,-0.0021578315819681926,-0.012366897025185293
5.211447944798273,0.5234197079933366,0.002239252508858285,-0.0013954662629998005,-0.01033228615525922,0.012539250205260144
0.0045175821802068954,0.5751381923225336,-0.000738072609901893,0.00021525799138301036,-0.0031624857050854575,-0.0021816869561340907
1.785934130955185,0.0047360439185795845,0.001098459796571305,0.03557993620648614,-0.40471744396262477,-0.011087971647206651
-0.002746553777455807,0.002837480577757928,0.008598097075600386,-0.8817146497928725,0.02968179182770192,9.496122411267393
-0.08300884698631195,-0.004841967053951991,0.0059126501073913165,-1.0047562493278137,0.03977589815645856,0.010281646644699272
-0.022153370530595632,-0.0032667513838916433,-1.1002968140470806,-0.01887462548170843,2.658819660533342,0.016811442066124727
-3.6712574684663264,-0.4206366398963865,0.0032325399265379783,0.001470932270884573,0.004457416577443047,-0.005299920022220461
-3.1307237744643057,-0.005572701780723307,0.009084638412596033,-0.0022435035450007468,0.015377242819808842,0.0021493686092542985
0.023224981918889928,-0.0005324514686962586,-0.0025804236058923832,0.0031160486006552857,-5.097081000339829,-0.1784167088384745
0.2912229920768024,0.016331829270433414,3.2824658711988817,0.002474892405699397,-2.986693418007439,-0.013498759390417892
0.008559708431535334,0.0504005106145389,0.005859985150208684,0.6893952439590316,-0.006130189508233888,0.007470576536920598
0.006618480022842876,0.0009504912526439625,-0.037904046401702696,0.004362849688008816,-0.008445817648636944,-4.358497805512943
-0.2775316500764892,-0.0026103804231376246,0.0017717286698965013,-0.005309969227411893,3.603184013190198,0.0918664670024576
-0.0007402617898656372,0.01422100503974974,0.00801291242196639,-2.4651119872719107,2.097032423822789,1.4307422504310026
-0.031670119449867216,-0.008811941540500629,0.013926041952495026,-0.040182292099141856,0.04209793149256499,0.031121576426308938
-6.186422169227356,-0.9614567753078225,-0.001780692660870463,-0.799796577511465,0.0070078606630824755,-0.04737967118628461
-0.011327585290681341,-0.002441171409034354,-0.01275926061471442,-1.9185470859014302,5.001008638248549,0.022905648982301408
5.954339162247463,0.002409286922991364,-0.039994655122180256,0.1204676683363255,-0.00086414931955975,0.009682434722727118
-0.03859519807165812,0.0006487544978897308,0.743537200768837,-1.992475068265712,1.6100869487887586,0.07225777192065941
-0.0833538306145849,-0.007838265612569673,-0.002785861135669254,-2.221018775209572,2.034933139404028,0.00030927332488195347
4.409966102976511,-0.00019745622790515345,-0.002415677926303277,0.017469685251782607,-1.7549628461880755,-0.012171423336559739
0.019900719859539395,0.008043497645041184,0.00974336381561286,0.9890365925296055,-0.0723521288878227,-0.0024884521602875076
0.005946683083154047,-0.01063236658155467,-0.10977350979636746,3.1716914950719897,-2.241246461880116,-0.2642864672999341
-0.1342448117375336,-0.00301370858995041,1.8483948873442877,-0.011782924126174654,1.5076595127971812,0.028285251609939666
-1.1313966681614815,-0.006090177274979733,-0.00021794093875641008,-0.011357065546140854,1.3672048016647549,0.003970877119874983
-0.8623593973718409,-0.01340681777222284,0.002169633645756378,-0.010628948762660184,0.060472881821854174,0.01933787468463115
-0.013552047881987078,-0.0007135551544036407,-0.004568741436713935,-0.03230215150856108,3.089612749775104,0.0246071421322982
0.013458033319314722,-0.0001826653896083441,-0.0003647537563104264,0.568805734031768,-0.23973931240774826,-2.8351199796107895
5.660188268650884,0.0004480252868067046,-1.0357080495761226,0.004763767887410841,-0.01379686639571512,-0.013371137460921112
2.1050739343057727,0.020763378283298172,0.002297177430551562,0.012530722681183465,-0.035261551187623336,0.0007620290129034535
-0.0012190554654021466,-0.002263195949841847,0.0007522097912388571,-0.007936914332330946,0.0008433967001189252,-0.0026913174325854834
-0.046511561436161364,-0.00815420440298649,0.012426818105978421,-0.010548160205519555,0.031077720024996938,0.5910929563508258
-0.0701852166805148,-1.7524855777366355,-0.08413063147356103,-0.0008492200758853929,7.51720282954355,10.63269286459547
-3.8791571276584316,0.0004498851923030456,3.1196254928708425,-0.006472450718125744,0.02680384957654753,0.10349872359958656
1.4596893380166676,0.0064405101329650365,-0.07202366022507584,0.006288674324689589,-0.03212745169149232,-0.013157232007545816
-5.256722802120031,0.002228267918173543,0.01442214182990087,-0.00020869439928317135,0.03872958257534176,3.7357221713469713
-0.0007255206083208888,-0.6395777038456361,-0.0012315220911488156,0.5397615047663441,-0.0018885270532142937,-0.0035610161014052507
12.432198786607785,0.0038781355929676797,-0.0027659747532321893,-0.6937460988706192,0.015259852274081099,-0.009604250026036487
-3.113529313915614,0.0007916802067791245,0.0055148190678534215,-0.001831819463677331,0.10736894907592509,1.3312466579838222
0.026060295322482274,-0.0019688647719925643,-0.018222500140170877,0.5510778215700753,-1.1861742515598028,-0.06807618151428851
-0.026913883315936124,-0.004073042940019566,0.034835809127425676,-0.008793119477504842,0.030490438473799522,1.6713670675267966
-1.0354199976333929,-0.0026470678005500034,0.01275471431343262,-0.12421033655373426,0.11646445126784435,0.03620418861443836
1.0264849477757951,0.019976565033181667,0.00014515939621936869,0.03288741849129814,-0.07307441372181253,-0.007022701877469478
-11.893557289250952,-0.09794879553182534,-0.011663479318597677,-0.0010991098821844236,-0.014504400417794036,-0.0776708045666874
-0.03446677932947867,-0.005345676258563132,0.5897579864504834,-0.0988675505928727,0.03825361846721752,0.1404587372094674
-0.009573974378231938,-0.008450501009224341,0.0017581711962841664,-0.03665213003557851,0.010966197495756795,0.010625433829095839
-0.009081574435947426,-0.0017920768644052107,0.005630594076109233,-0.009133651902747446,0.01219952812853109,4.534208461483208
0.1625299687260953,0.0047298024134886235,-0.0018468800498798285,0.005393527354038308,-1.1465117382213612,-0.019510072206174178
1.2481620900595942,0.43831632010011057,-0.0026822894976211986,0.14394087247075804,-0.03209059045301244,-0.00037768014707628694
0.14618335841751223,0.012242580796607819,-0.008381783173078243,0.00871340417911809,-0.05605740360806958,-0.4195094113783654
4.859707027832485,0.09568340880917454,0.00719166418610224,-0.007365347655054144,-0.0046744187654352105,0.003995282185192184
1.6033171627152445,0.006419084764185054,-0.018971331634778016,-0.00047943565446645353,-0.025452186922596903,-2.122086962384804
-0.005295130194213099,-0.0009789127711838028,-0.00782182207726792,-0.009387386402188353,0.012908253045065626,5.468665307195019
-0.03118578789647225,-0.005292347971456099,0.0007218625025708914,-0.011205233255307496,0.084434232470316,5.309592507804068
2.3629800287296345,0.002753847886840239,-0.0008002917982399219,-0.001504368331450956,-0.0834400488319785,-0.06829948254884999
0.0888942805591366,0.004505796611738859,-4.178952211830213e-05,0.008666381867948408,-0.6310459363320458,-0.3258639758933126
-0.0007638632896876264,-0.48262786368693916,-6.460015109607884e-05,0.017178812624051736,-0.0016301261203417762,-0.0040288127360874615
-0.1101761025684782,-0.0019879217116002545,0.008183451502270934,-1.758936001207978,4.669384722813668,0.0714213955354257
0.12828177266831564,-0.00043274378271204554,-0.03968966036988659,0.0019342812851183833,-1.9728834810502096,-0.20859060931972984
0.10235893885072717,0.00916139152401067,-0.005124536084843197,0.010081337617030405,-0.05086807583367475,-1.553940649971831
0.02612940038664269,0.04649835390835445,1.08335518378252,0.002584000217244725,-1.2046364011121613,-0.004183282835598032
0.024421551506130373,-0.0010691216022516437,-0.010113241273697032,0.05968477765794389,-1.7610563109936201,-3.5828329356100213
-0.02733067510214294,0.0006328362951469116,0.0017213536394314888,-0.002457751270710129,2.7541393412776856,1.010118509522421
-0.031517462221093806,-0.009744672909026808,-0.005075377405265313,0.00284323394799052,1.2745412026730065,10.957473609707321
-5.926142259128973,0.0037614062706926993,0.007136822462522258,-0.8465587995734509,0.6960013216386802,0.018277849198122365
-0.00019295880657401365,0.5731410664750476,0.8877493352763186,0.0003904141243745371,0.0034875645938375294,0.04487534898105576
0.18045526076839868,0.0003212070576604914,-0.00613209091269569,0.0022821794711030963,-4.276762702792606,-0.801745316611111
0.025413231550629592,0.0016507446381169855,0.0038385787786792552,0.0012863418564516005,-2.024793462279229,-2.291086223847792
0.05378938375245729,0.013327483637657962,0.009969964572619927,0.25485311138184397,-2.3950567598065966,0.012902279525871752
-13.759689681622518,-0.0062265452374720524,-0.010879687029813165,-0.007568585655439719,0.018664336177262673,-0.011462584050392799
-0.03238906122390095,-0.0015830548265452563,0.0027460970545395494,-1.3052880921834031,2.6566020405889885,0.03137705335864638
-0.0263171022807257,-0.0069673697281294605,-0.6555984079790762,-2.246055213763327,2.140163087017557,0.0003387507786847266
0.010721763969861992,-0.0024487680948826474,-0.000720613501226347,0.018054755796742317,-4.376874420277147,-2.697763571774985
2.4603803635242247,-0.0006974727054047201,-0.002292341616463406,0.006172711171848255,-0.436492166830688,-0.24811750440907954
0.0008646066876652316,0.5855037167465437,0.404224189129326,0.0869876036623837,0.0013265882275870309,0.05890098167061303
3.08256726258284,0.004666171132981047,-0.003967414458831607,-0.0019448793565305655,-0.023771777878854247,-0.012577343953211473
0.09672160148125075,0.006060461777823559,0.0013116964940793722,0.7840728435808284,-1.6710029757642324,-0.0051052139736930124
4.174549292210128,0.0011511834671143841,-0.0175632499210423,0.005819919428055986,-0.014194601884468732,-0.007113690520425431
-5.812015448799075,-0.0015125004308138021,-0.0028389923094133407,-0.006987791034805957,0.20950744473680322,0.006968167984955365
-0.7178322056751156,-0.00412854097604666,0.2509816921402761,-0.99959460416766,0.2581894230962689,5.676026573585865
-0.11454287040202629,-0.006977615544563998,-0.0015723258903266035,-0.0008762410416753297,2.2819258016094714,3.607804038326215
3.1032236994226032,0.006738776978265791,0.003833946624121041,0.0031480343817040513,-0.07599228144742486,-0.009327726298900663
-0.0031514166291833623,0.0005758926821341284,-0.004368200439908435,-0.6646374120207629,0.01014894860426694,0.012305612858970777
-0.7134045544918486,-0.013250694104993603,0.00434657105329459,-0.006216220534497448,0.06040727164846332,0.03335268441585287
0.034265545718916934,0.007871121625926014,0.0018277312990805095,2.656839074613105,-0.04483901361878574,0.003978741658987817
-0.001661342999623923,-0.0020454414059239067,2.736019515588388,0.0014625237649618927,0.0007452388300960242,0.001576839659545859
0.20497946123713795,0.001848794754152486,-0.003503403835215819,0.006156927165174103,-1.2879189441119863,-0.10420761424702873
0.0031300848839566097,-0.0016033124934331936,-0.011593428791289544,0.1050575172549042,-0.0055879598560884544,-0.015222965634514987
-0.03048633298930259,-0.005108202718958274,-0.0011636838008874106,-1.641862758745627,0.20625477789584998,0.005445428081890191
0.05435480213392441,0.014777442262270681,1.200804681117243,0.011304190582057227,-2.9541980110441637,0.00452155864989412
-0.0004080636837316687,-1.0898444327444454,-2.006680019295982,-0.00381849295688947,-0.004546568150363792,-2.2823422228654096
-0.21096056013074538,-0.0036112234315895664,0.25101589461083806,-2.473478363486535,0.2047995016329813,0.019812984937872313
-0.013943642488023964,0.0013696167416093925,0.001269665380174527,-0.007638383004522908,4.065079970372929,0.12144581785114195
-0.07371848862772698,0.001607106236836662,0.009659105263357275,-0.03461170192039009,1.9109662735653985,0.5361116157313415
3.1247684459641754,0.00011581839174773989,-0.007843144493522865,0.0024845377033767546,-0.07861321761856038,-0.026417145998817726
-0.012537876697482853,0.0008180864610637245,0.01007723829801943,-0.9940211392711529,0.3140881382452143,8.514565974283272
0.02958018406357482,0.0008628798758742243,-0.0029725336891941664,0.7020534060814876,-0.09056871663450285,-0.09134121303273235
-0.002728264514185629,2.4465990827635964,0.04459873176045777,-1.5463838430777574,0.003771964106568093,0.004666339826992367
-4.628292839833945,-0.010978523592974675,-0.0030039052261528203,0.025961044707411673,0.014138678819231924,0.010779908429864204
-1.5395298384925067,-0.0015533929434379257,0.006247923098672205,-0.005060907340721135,0.13403863416010528,0.2839089406665942
-0.05166433421236935,-0.03304966409401013,0.6179017344466884,-0.009231183958631425,0.025780158450037022,0.027812406084223876
-2.0024740024483396,-0.010566064280346867,1.4291919207524328,-0.013891911660329825,0.031559588300146615,0.0026437912700825184
-0.06670070436168617,-0.0010000337105961717,1.3023354932248148,-0.0749905547646259,2.22955207911301,0.026954140472275512
-0.0020915235359307838,0.007870175240127036,0.007543459399407204,-3.242862142426077,3.459043614331705,1.8496238691885765
1.2976057360442876,0.013389149318528915,0.0008390732684920646,0.8687794198561383,-0.051544504735444294,0.0012143854845394486
6.003697823058786,-0.0007915114413461072,-0.00333316716323611,0.8707300935888043,-0.12836390509499995,-0.006499289359490401
-0.020997993489768198,-0.3699905387512066,-0.017441871399632776,-0.03313381777399488,0.04999234818696453,0.008057175566184571
0.008822872496658477,0.7549617254415769,0.043017620783076055,0.13040920236859,-0.011175744065960388,0.00023471207692320195
-0.025047242556548107,-0.002603960148328193,-0.009362109484312401,-0.017807708491269753,1.1052564136930043,0.05210018605457978
7.57758236938481,-0.0021759733902625977,0.001634205003619757,0.309026917757631,-0.28203061673216645,-0.015343105858911077
0.0011413914818864507,-0.0005834431382302431,-1.4450950752862204,0.017676391982343234,-0.0015742927719783017,-0.0008551329229935789
0.008511931562628083,-0.0021529646392128565,0.00014194789245081108,2.30396634981928,-0.34585858967304084,-4.441579339853853
-0.0515740008957209,-0.015108826882127873,-0.03847306425039856,-0.009056067581140914,3.679215878852899,-0.017329937466220358
-0.21076096581751674,-1.6522456359193811,0.0064666302898903774,-0.017763880245954877,0.10377693804509336,0.019674917267039682
0.0014839444769576817,-0.0012095705655103496,-0.05987348209896627,0.0038812733715826433,-0.0023145121800867627,-0.008012938913792362
-3.9742553729221677,-0.26023554440130114,-0.0018316733083302752,-0.0004979264567070429,0.007160550457803935,-0.0087897253417345
-0.004929649578401291,-0.002542932673949175,0.003613514795465457,-0.007144493588831026,0.006745097770126348,0.013695380706406109
-3.3876049830863155,-0.8287521302610253,-0.007954241662049779,-0.008787828868566105,0.04841470188192466,-0.00040137923962868527
0.0071936088486670435,-0.005021812416443255,-0.0014292783895310246,2.147752718110546,-1.009341302244506,-2.4568263394336824
-0.3880163724239063,0.0002644577400765999,0.022496476321343644,-0.014998373876921267,2.1085342967440486,0.1533578127173003
0.09373445392146884,4.54695761687816,0.004153197717052817,-0.0002391164873103424,-6.351210325007543,-0.8656128915040142
0.0668492995002549,0.006122400910702544,0.004114829159252842,0.09354551623021923,-3.3379036541215976,0.005525502790078463
0.8548791139404885,0.4345428684627839,-0.0054986811272156105,0.016893142896748536,-0.036157050829660496,-0.006671746440638102
-7.299872874414795,0.005651000785757754,0.003330109033318762,-0.001793696949836665,0.11922836445854079,3.798472431653508
-0.19905232076706758,-0.00925437698797659,-0.00020509439203984098,-0.011620241335851995,0.412025032941568,0.04634120829195479
-0.02451434925949077,-0.06579977148970463,1.2321262122182013,-0.009253185166775452,0.013874360470705909,0.013930051632472573
0.001970138036270025,-0.0006583250026350185,-0.0028193119688531137,0.001689174206497252,-0.004503725325798902,-5.605062732634867
0.04237962973699477,0.003958007265428044,0.00014423177243080842,0.08826910899708099,-0.3078269705684229,-1.8430930222223898
-2.187449534355281,-0.005078477237815807,-0.0011294441250449122,-0.0011704269148824498,0.20296720952137015,2.547042211826408
9.940210256283628,-0.010292840907791614,-0.003938051895027241,0.01389084605014368,-0.20926944899222377,-0.043749210614665746
-0.0029022850379087526,-0.0005639907374981675,0.005346736979794666,-0.0036751240535061167,0.003849797782872926,0.02009721058868533
-0.0023832294260435352,0.8265504942588161,0.002314432906891122,-0.0024073391040406733,0.00472049636661862,0.037092394793933725
0.009899809689530525,-0.0020840639984966436,0.0004445550568724088,0.026673969419334753,-5.343225539659038,-4.936551815748771
-2.917756996286222,-0.6028316839464929,-0.025744085182511835,-0.0013519831343719035,0.047310688825779726,0.010060637624885183
0.22418424934809844,0.002008443039252436,-0.003943959636663732,0.027543447924806785,-1.0132389652201748,-0.07565926664447231
0.0007225684555712144,0.0032459581771063133,0.00578643368959108,-0.000218789916221016,-0.0005612536145166133,0.0009736434359171901
-0.023786887314574054,-0.022151449306115262,1.587936225457104,-0.00883419189245313,0.014953795916185127,0.027983980958809912
-1.4819794031730473,-0.008541062882113743,0.005141746248195185,0.020172099806061494,0.029388177994836836,0.06492742553822417
-0.017583078901783428,-0.0015418776820340825,0.004124232466989605,-0.04189627061746046,0.33252492239180453,4.703571452255902
-0.04361570970072037,-0.007170620168917452,-1.8987225043629312,-2.6391497052592285,8.077484933184259,0.06533326082557522
2.9797496011559333e-05,0.004098250551613722,0.004865166615106201,-0.0023632360645630375,0.0006757293885434544,0.003997607043306374
-0.08972876391152645,-0.012237332857212142,-0.00749885833476319,-0.02238341124409915,2.5383047851789073,-0.008050174966712897
-0.036642446751779856,4.562566066529383e-05,1.6385565642498139,-0.7286992650339279,2.1556553533701166,0.07231772686797733
0.0026123905566594885,0.0010951156738522524,0.0006817143820361526,-0.0025782277720426154,-0.0035001910112897328,-7.389333272893801
-0.2210043209982715,-0.0016845274894519528,0.00591867175025294,-0.35403278076096,5.213599028153737,0.057052684823125865
6.729645841391262,-0.006910169049269353,-0.0043041866327026765,0.003378334784044923,-0.1991910209116169,-0.07417796352368233
5.186874428923908,0.002177056378386151,-0.011920203093316484,0.0016076066683027301,-0.007396588199783298,-0.003969553829610728
-0.08559338910421675,-0.01073423590846503,0.0010652849930363134,-0.013975700526131687,0.23880654594247916,0.05579143549873951
0.01828008418323379,0.002790572706799513,0.010247301214955113,1.642433669264129,-3.1674088136252987,-0.019431853221264284
9.244056280100263,0.49263406580687136,-0.003629181454513017,-0.006616984303099538,0.02422257910468358,0.025938757007743618
0.007809051587152022,0.001498548276197274,-0.004451827451941632,0.012644028642199587,-0.012757409513967338,-0.8057728481103522
-0.012935888790122252,-0.0016664957569184676,0.019016934075444268,-0.08004492149455053,0.021470671981111134,1.028890472469471
-0.00037142027073331946,-0.001275407274070992,-0.0013266208284212456,-0.00041427739019032206,0.00022634594159424957,-0.0007612114180386625
-5.153124511940511,0.0022358102740589747,0.0038045840226764854,-0.8543290010103775,0.23401871269846733,0.022299465400717366
0.004543184272820478,0.48961169437182783,0.0011079058079313886,0.007116533632624766,-0.0034392094483746273,0.0008918439252798803
-0.1056615201440795,-0.02438252206475959,-0.8807908490141464,-0.009087098100528074,1.7493702512410483,0.005726414320649631
-5.49823718353768e-05,0.0019249830154231798,0.001934588082626719,0.00062935238261458,0.0006732695758405602,0.004939678989061648
2.8918658767865955,0.003979235681948119,0.005165973303535016,0.016611195621364094,-0.12416379804212649,-0.017526211776874412
1.1460204755169796,0.13427661043264563,0.02648883346312072,0.02074031034374646,-1.3905096283717793,0.006202010037336225
-0.2301573509132686,-0.003343134101178716,0.020189347630110765,-0.005988192625529243,1.1284255987734753,4.406434915592953
0.0024897231698344123,-0.0030452613017651594,-0.48957673055435913,0.06697942943242216,-0.00435047697061541,-0.023578244577268016
0.0051939978910692415,0.6540206792180367,0.00022228963075120238,0.0008043439086504664,-0.003951458442443414,-0.0030621761203169576
-0.7462703576189668,-0.012625684607860153,1.2091370697339094,-0.007491955378887097,0.048140721316991576,0.04248587821107919
-0.050218619078910454,-0.0007210263474573264,1.160448653540148,-1.9326786760476011,0.10057824778808665,0.10008913322118307
1.7479297723371872,0.10935526118102538,0.0022090692163328762,1.4631243720373917,-0.02651919414709878,0.02366602144353691
4.610835122714447,0.5489467687942116,0.03795357634821178,0.006527178738087058,-0.06685005709579234,0.008378751886192193
-0.006603502689771834,0.0033992640777507077,0.005286579305748607,-1.3394916058725812,6.235606370895923,9.839329180955133
0.16325147156576103,0.029551878932368394,0.010107026019627579,0.017204899171432586,-2.0741895716325884,0.012498715933941584
0.00011707647653501803,0.0014120252562439242,0.004313211249533857,0.0003440772719249503,-0.00011580608163652069,0.0026763111908977635
-0.011555089080004757,-0.0023904203616967427,0.01575808945686838,-0.004052103121909241,0.015055984761482705,3.2120161965439946
0.01624858489986658,1.302663099436148,0.0008248147626359267,0.45382955607083497,-0.015657071103484112,-0.000583422472490408
-1.7380250186108444,-0.0032409637942830537,0.0019773637810711862,-0.00642308768776223,1.3051738151211394,0.014804235901598295
-2.413997981189671,-0.48766013028618055,-0.14803399964917568,-0.005692591415819626,0.16104549100168175,0.007669927002119659
-0.6653313577013764,-0.007656785173388759,0.06126752987167477,-0.03265824703307585,0.032411359384699114,0.03841978899885315
-3.4153390131606223,-0.7653044910964668,-0.01242795453712326,-0.6003029899959635,0.04513753662341387,-0.013688270224488708
0.06062911177836061,0.0033976207832689675,0.00037077175607929183,1.614248000712145,-2.861252705489061,-0.02419558677120559
-19.580004936981396,0.0026776419069841906,-0.0008624549108250668,-0.2159262747992443,0.023258337487423855,0.008133039110001405
0.08052600828053014,0.003350000664401817,0.0004586065939038292,1.5306000914031586,-2.4890342666738423,-0.02328397386257608
0.06419673194280487,0.0061069954122754105,0.013403628546228886,0.13228837647657876,-1.9864745059662403,-0.009156913020095359
0.047464348742119904,0.020617378721464442,-0.005560079343088869,0.006637395014984162,-0.042025838547127596,-0.1058973257352808
0.016994783022136098,0.0017737604061802414,-0.004347344754825904,0.2469999192511367,-0.07234471362688026,-0.05722897743472316
0.000890690561005672,0.495279973216575,-0.0003795501937491723,-0.01392471952248538,0.009091713161703846,3.235179688266637
-0.02337602324679975,-0.0017856081605794466,-0.0072546919763218365,-0.003162265352988358,1.3610300921677991,1.2501443379579555
-0.022738322744600456,0.0031676362156378146,1.418189555758941,-0.15059188588428363,3.1882828033981134,1.4099864534607107
0.007065214151582566,-0.0026458695523778816,0.010305137496260691,0.8681891478100141,-1.7646428986779916,-0.1360593693964116
0.05832806133308241,0.017443458914460384,0.7854955429110696,0.013467819547823612,-3.464060270176879,0.011183826394260188
-0.08627176555909005,-0.005735339578950524,-0.007406572518760252,-0.008827467149129214,1.5648241064601927,0.02803664052229482
0.8850735735046096,0.0023097412298992304,-0.02176731087697359,0.01511962712055076,-0.18293318878453318,-0.8890334595303013
-0.020996656875902187,-0.013083038327120655,-0.025297269344007892,-0.43110467640124067,0.07035697591494051,0.006512027899019335
-0.11133062079670888,-0.01071691820100522,-0.05389392313465739,-0.0064540724863816346,5.385445519951689,0.006646590436297117
-1.8927095071831919,-0.005635696704251904,0.001050014328743754,-0.007024824483255865,0.9853326573033658,0.002885399749809836
1.4910478835529686,0.0018899374187154733,-0.00881317737082703,0.013942962715894153,-0.08357654501513505,-0.05393561783398221
-0.43974182979977705,-0.005851618338266598,0.9375179053451395,-1.3134445003301485,0.08317012536963667,0.016484824222879224
0.20793473315617575,0.05323252726942508,-0.0033963319449973346,0.0464836044455372,-0.21177653850623976,-0.009875346629092688
0.01002140725982759,0.005639255092205024,-0.005444766393367655,0.09256912192351562,-0.01059984365947779,-0.012861130837713071
-2.375081895862607,-0.0038555439259247287,0.0034495896920399005,-3.505928851174943,6.488070590129244,0.10965973771186555
0.8049646930137557,0.05545076871538576,0.0030033029461497655,0.7563860679278562,-0.3732889693204801,0.006200669916160639
-7.675298363890774,0.007532108520183097,0.4777168711052937,-0.0025102049824822226,0.026934662557138743,0.07894880589783781
0.3738714588951817,0.006459097686602133,0.001251694009494042,0.0032411669317263803,-5.468410401936438,-3.943388351190407
0.10120123428352695,0.0027002261660439147,-0.0007801189531496727,0.004095643836055818,-4.0020243714646115,-0.06099639508407595
0.00331538640944515,-0.0003303627578544225,-0.5846925307597233,0.003125277090056215,-0.00480375848654456,-0.2430606449096112
0.030075520437489622,0.0006077653046499959,-0.4052997413217927,0.029471001814140863,-1.4202312636917611,-8.107976570251637
-0.03114290243694403,-0.011900835987861898,1.924138205675122,-0.0206022976674637,0.02387320016893009,0.0776171685636825
-0.6080711337671332,-0.0007165007418126895,0.02792721772463043,-1.0102346812021636,1.8457954073505156,0.0612822842261842
-0.003564743354782742,-0.20937356918988004,-0.38018656901759373,-0.005698388795837601,0.003249794021866284,-0.0029639921082229314
-0.013116712699858257,-0.002388135630488496,0.0007027378751663232,-0.0215411309020598,0.03971018938106352,1.4856920688103163
4.310451268031757,-0.0026906481942099575,-0.0035293616779253564,-0.0017163040438340493,-1.091705729056514,-0.7204199045834159
0.012718150025698316,-0.003903750074835788,-0.05483569400901045,2.428696068426948,-1.152902749584051,-4.21307021896682
0.004792193551981391,0.00012189704378143609,-0.0031247888766191417,0.008034581683460742,-0.007736512322770624,-1.8292303857383954
0.8717140781548696,0.004711522262521084,-0.0094105835681424,0.005558874760219372,-0.1181946772886115,-0.11138832274333355
0.8283574933435618,1.8520902564896708,-0.001515747309275177,0.015169197556857805,-0.32647908592171526,-0.02362209605651233
-4.96927708146451,0.012660260775003818,0.8047980819583911,-0.024163480226149225,0.245160356054398,1.1458334362167122
3.771743136289465,1.2668876921427503,0.0043581236149670384,0.0074160264681465415,-0.05689358275209297,-0.0035575816130015703
0.013761719473163042,-0.00267175124544132,-0.004656058011128089,0.002037505262818151,-3.5196064713285633,-1.0654179312641219
0.16486454567952613,0.007570579088816656,-0.002983492348425175,2.5485980798604544,-5.4202667869594805,0.005864456308136923
2.3261729050379576,0.003944062307827917,-0.3273029395507977,0.004368971010211636,-0.01894526086652047,-0.014992738163983443
3.423667731770297,-0.003262534212081142,-0.8187459340443923,0.005969297163934739,-0.0963252349647084,-1.0125179651624556
3.137211477039435,0.001364632798319501,-1.188827730257895,0.010762899093472666,-0.11308093181811146,-0.011371505752365008
-0.0009994332212325137,-0.0013431653939204604,0.0006958113918942158,-0.0009101729015306794,0.001005342181190537,0.0012908782945380251
0.011602128188889616,-0.002169647606137637,-0.608621184768479,1.7670429382766848,-0.3009052330559179,-4.777824581097377
-0.1457560186311933,-1.581639074627429,-0.3523368911683291,-0.03245133845156478,3.8463777424509296,0.005158738913288996
-8.850560638034256,-0.03397566156438496,-1.0482307761112102,-0.0006451276052187316,0.014109359297575258,0.006264121709982806
-0.06922941631776536,0.0006593320158162427,0.004610988289733461,-0.02171307320393101,1.7129795821597513,0.267515231407085
-1.1149947897808907,-0.0013361700184157943,0.0060634662239661685,-2.010877297567774,3.2355809757905787,0.1714720890498569
0.024935817269125637,-0.0004074623754756687,-0.0024156777102459608,0.6924851750828704,-1.3323372963725044,-0.06422823293417945
0.02778273051507871,0.42296574223841454,-0.005250260359080792,0.010778282023222167,-0.013921957505993638,-0.012206857026937898
0.0015040297273225813,0.002102357076227544,-0.719213912883559,0.0002714951872593366,-0.0006067663755237458,-3.8871462139346974e-05
-2.5331290622875753,-0.3709378966272803,-0.012530488424222145,-0.003393417415695793,0.17319445963642638,0.001899669665247683
0.020045059518744468,-0.0015890427014973035,-0.0067634577094337345,1.1748135144643364,-2.4177439895454897,-0.08665940223686608
0.04569468171167361,0.0006279301039390194,-0.002162595871046327,0.016112191722346236,-4.03543726980145,-0.09026194532683363
0.09178153031939895,0.0027906725678040895,-0.09772487912363648,0.009330247536692343,-0.7521626089723519,-4.938689751108047
1.0120928643250338,0.006897622352293228,-0.008202439364959402,0.00809239987234292,-0.15350511696415037,-5.91867405777932
0.010901243147460604,-0.0056171135584608956,-0.01553687554173852,0.7880899831419583,-4.130384692368983,-0.15954101598967974
-0.15809368904246224,-0.4516166694860614,-0.004642254571559534,0.0013147083939448745,0.06989827386164249,5.03573361560359
-3.580104557239635,0.00024501843428483515,0.008411981560693964,-0.013934281715843655,0.049245335091427624,0.01429967991419323
-0.023439565449026478,-0.00024437999386996145,0.004191011202126109,-1.4431701519049671,0.6755843146373668,0.029663089883876337
4.546427993753959,0.005824378539024604,-0.0007513327903249088,-0.002212185924841681,-0.013890576501632064,-0.006827201124557258
0.044677363753622634,0.01349809621790983,-0.010908440357054044,0.03435830506482284,-0.07492236357441348,-0.021300551850488677
-5.718481898008889,-0.051281211692242756,-0.012325204266609407,-3.882399005865551,0.856606086140334,-0.052538598333081055
0.03138564621541837,-0.0040197853779630754,-0.04081965372089902,0.3500042034297284,-4.3230442123149775,-0.8433092223940122
-0.09497044939146519,-0.002491506815731219,0.001939791600008776,-0.011874264791300604,2.4470622349007503,0.033417469111282294
-0.002798453389966157,-0.005357792850470607,-0.004704431683872627,-0.007465514676302285,0.0034399035581302714,0.0011944182160414346
-0.23581562091067262,-0.002093874275465781,0.0029824677737235253,-0.004724850876457798,2.736090737066844,0.08303782681340133
0.15056246432665477,0.001677469550314871,-0.009596519140124993,1.03692538816999,-0.0963688383495922,-0.09412185363335746
0.04420072115312221,-0.001113852769516208,-1.1797912463253248,0.04204199363166006,-2.303563521084402,-0.10789053243020952
15.849909553879124,0.003653827163749429,0.8355051458160274,-0.000941554921335408,-0.05741449502130974,-0.0050374622807503044
-0.002027979507133768,2.8821257374227485,-2.832010476183335,0.0009433023684718989,0.005845161748489465,0.013233434957299561
4.899530534752138,0.01648274233558701,0.002427442933292397,-0.014598366123387496,-0.009594788928794902,-0.001988583734460314
0.020737379454168314,-0.0010135096390983672,-0.02185483370755592,1.5509224304837872,-1.3334226859114224,-4.6440528950432025
-1.154721049413149,-0.59380206403305,-0.0019873741265562656,-0.13949954630180916,0.14465751199902258,0.004270824030236431
0.0029440918868911554,0.00832914219492107,-0.016670668048319466,-7.68557436530458e-05,-0.0017732172092739407,-0.003221514822926961
-3.986850950164963,-0.005881533989418913,-0.0011276068893473937,7.677756503066124e-06,0.01745000125326636,0.009917821176021469
3.823450028791051,0.8775219951881732,0.005900378526201856,0.006590418323078162,-0.020789942177246244,-0.001587467674677434
0.00970006838742004,-0.00463932216490596,-0.005196010478063817,0.03258377399602164,-2.5065558576754228,-0.10505760772212591
-0.01778614730025309,3.3059548849894566e-05,-1.548404408333117,-0.015462096435217537,1.765456718034161,0.5078204002977271
5.205226052154911,0.8368406267928221,0.0028700639622209335,-0.010224529995368603,-0.03856575542503217,0.00011149938970222983
2.673048730279838,-0.00024835377212122263,-1.8966229076396186,0.010961426650710981,-0.04990625810088023,-0.30698839118852383
1.6724071628500248,0.005617794821098809,0.005430265553078767,0.009451895801422694,-6.561456111835497,-1.1862585925012752
0.49297834614987135,0.020846882041233042,0.004128544924976947,1.3647812835196262,-1.7805088582738027,0.01110173919837143
-0.030250672079679276,0.0002322972420617693,0.0013416311325775004,-0.012024110385415204,1.3209384640867539,0.6876867767463573
-0.017490063540075772,-0.7648144754026028,0.0028683564792478626,-0.006824413326578252,0.01151142507735248,0.006583054880743094
-2.7348005213698166,-0.0039507875863914795,0.012915844330039623,-0.6996863200251138,0.025977662606684236,-0.00035569816128644405
4.966995159991479,0.004600424646713147,-0.001109296051077074,0.01159345011087376,-1.121558882111635,0.01802817814734392
-0.027912460093863167,-0.9102496894500174,-0.02454312987045526,-1.7968836384537354,0.11320408885872404,-0.006631860675345158
-6.43454247999289,0.00224375773503696,0.02163716488539378,-0.005884169372900705,0.05224412230495189,0.008118311127476963
-0.07587861566157639,-0.7473456224510366,0.004425421432012931,-0.01473398783987806,0.025699197092144938,0.013794209882565675
8.342363410546255,-0.0029395424805979675,-0.0014337008364104162,0.9693437854977915,-0.19794188599540258,-0.012304130094136667
2.9858787011601744,0.012412235258844261,-0.01072442006350889,0.004228093143181483,-0.01420500337774553,0.008654785689719446
-0.009181528787945537,0.0032047666270986763,0.002218020192868486,-1.0345633814455368,3.695775332765926,4.425430178929261
-10.452668562610953,-0.09749744640796765,-0.0069683804270170985,-0.03782447098358643,-0.012128407027441113,-0.9589166146934218
-0.0066503341279813095,-0.3992825180435408,0.003387762097111379,-0.00576256625917999,0.004936599129533749,0.0008681911761995072
-2.675728056085011,-7.034035506390396e-05,1.4855558321634241,-0.00213035523351518,0.15494401963953386,0.2034681093762858
0.02564122282788257,0.0014476990771066399,0.003305885606678584,0.0002523046803014073,-1.7901350528091924,-0.18979253582991218
-8.39725657534644,-1.3532351589877187,-0.006988644995774151,-0.007787528053733617,0.02789214369136414,-0.05052604269032113
-0.03735237946644446,-0.01266176907400203,-1.2387131740531447,-0.24981849963330127,2.563078185511566,-0.011096577924506357
0.0251193662673728,0.16304915111687693,-0.0032311175728017482,0.00924131348395567,-0.01782515353764128,-0.015008669976703108
-0.024696884168290856,-0.006518542119547208,-0.013185529232550439,-1.8664749374070109,0.12475322842765375,0.006443112380811855
0.008523010557907912,0.008696472721151144,1.7816597357366804,0.006285552110277974,-0.008544109091421392,-0.006859499640642183
-0.07294902981077156,0.00012589626632511508,0.008616167955126174,-0.8844654259654616,0.6506193399794236,0.10847406112750946
-0.019555981809856016,-0.001983193754309078,-0.0033628293731908197,-0.4718056588381323,4.5115357701089795,0.014677904717653512
0.0012480422808601593,-0.5961006735691496,-0.3125449273147657,0.016513179181575098,-0.005194639369087838,-2.1305891441767395
-0.01929971497677436,-0.89535050291804,-0.002488007652541319,-0.010885261142996941,0.019965023789418827,0.009637764356305964
0.042552610665292624,0.38742100538580215,-0.001303256845396516,0.01396610411802536,-0.02415130570966244,-0.014054164630450318
-6.510366364508412,0.016279326670677496,0.0060944670624014236,-0.015360038193273251,0.38289321446866564,0.4232431223420736
-0.025450518167201786,-0.003030997071395508,-7.88250271785973e-05,-1.107076512911438,0.036101279595620005,0.01109109775304501
-0.00260937233539486,-0.006498130348805635,1.929269800933785,0.01749548436600075,0.0005332261263798525,0.0042882250233516606
-8.769450219315726,0.004367114795451269,0.04445898944410274,-0.0018448695178874264,0.02079675748062376,0.018707844042950228
1.8838215319507814,0.003049624655216852,-0.005817322345064442,0.5649195906513356,-3.611577948204678,-0.004658448621391198
0.0033526910740669527,0.00027447307196125706,-0.08131157845748825,0.0025236689674928573,-0.0044749569040026015,-0.047180394329015315
-0.027279546179340475,0.0012916653231903885,0.404089641485033,-2.3732032498661724,1.070382238926335,2.56526765401793
-4.411506482577867,0.0022033630938382825,0.0024428433790117283,-0.04224504067480206,0.370104647631878,0.02538531055902249
-5.647719874735596,0.0017570138484126127,0.0009278952042198925,0.28382424935127837,0.058672280610569325,0.2280968884538499
2.273694171307674,0.0018414295448043456,-0.00504344363881813,0.08220046313419815,-0.04027538074088068,-0.01869968347882417
-0.827235368417983,-1.3717003553219658,-0.05106795165480933,-0.06065979803661392,2.281594162506228,0.006296751587886895
0.19834165356821298,0.0012899190134168792,-0.246190317782786,1.0685795720349214,-0.1130937210010979,-0.09765959936011526
2.093238544965683,0.006443807894016772,0.00398269447976917,0.011666232328851917,-0.19471825288945854,-0.010942328374932142
-0.006241480346518169,-0.0004288161826235745,0.017751527663445205,-0.010318432401619603,0.009688712666762272,4.203304808952272
0.05857757493902483,0.015155970706909118,0.009522176392719135,0.012658260754352946,-4.620563723931735,0.02459104913590382
0.0289557057618402,-0.0025085997576092534,-0.01849424055936963,0.7211104541456557,-3.0886394223397504,-0.20542816371336592
5.869635158484583,0.4603755055111363,0.0026237081693552913,-0.0011086736941694486,-0.0025314921814230465,0.013943925834134285
0.019460138784669685,-0.0013130627669247475,-0.0072564373345797555,0.020119383593703688,-1.6848782563882836,-0.03128403470185248
-2.4482642308538516,-0.0016757465822592188,0.0006796246756790719,-0.01626837478161125,6.140900933960765,0.7170543104703597
7.136080874410881,0.0016883459316876567,-0.012784001275913469,-0.010306652954551576,-0.0019882486148113786,-0.013447270008196233
-0.49378319643627133,-0.0007352078756579575,0.4051575026390819,-0.33902216997742585,0.7612481290207405,1.4757001304665458
8.71534031390226,0.0049221892240653535,0.00035347442341060985,-0.014887734902807592,-0.006464203578059432,-0.016661701795861017
0.04611655127411139,-0.001522743047598897,-0.8782146400850135,0.008841348737004151,-3.3184910454531,-0.2543916201334735
-0.020776749961720284,-0.002257956064208963,-0.6591771391497789,-0.008681799576853,4.286375097277596,0.05157282483670356
9.044424909737177,0.05061515041241152,0.00749860559565123,-7.463888847680789e-05,0.009758991623552302,0.033254332026877886
-0.001356534228276557,-0.008448431682126695,0.0028051975512283778,0.8017122536132568,-3.158478745126999,-1.074718458554571
-0.0030215278902864934,0.7361985667316322,0.0002042899931479561,-1.1644429378259038,0.016205810796525687,0.7988928191697102
-0.002712983880920217,-0.0017539086481244128,0.8261482772881419,-0.002262786225276611,0.0030356638415994963,0.0032712200225462895
-0.0011665029549410913,0.007427147579856994,0.007062336438800353,-0.008614115803414982,0.005464738429550073,2.0501159033942864
0.003069258068680591,0.001126377434158108,-0.004544358333168656,0.0011745016316086787,-0.0037662644951037276,-0.0252989596357361
-0.00034621941350776935,0.003154669827530023,0.003756230413650778,-0.001182384504608236,0.0012756708246505313,0.00717665206971301
0.012927393687342609,0.2860105131729386,-0.013506805854363702,0.5721181874043665,-0.0062423640601542195,0.0060101041465754484
4.920727851714242,0.035503309135293364,0.00955008952789859,0.008389097287717417,-0.036059932120932545,0.02890704957197765
0.025443869130219787,-0.000442441088600129,-0.005826638034188564,1.5624277187771192,-1.4919873405307593,-0.06871032508693675
0.0060708327256128805,-0.004732157742915039,-0.002017595378861153,0.0567139541245818,-3.5767827491511306,-0.16391672439866234
-0.0354367498986197,-0.010540596040994946,-2.068453810949881,-0.0052252183578391925,1.7620101852266437,-0.0013529536450360424
-9.444225951530749e-05,-0.0024663729360528313,-0.0177684902189696,0.0008241988804982001,-0.00015073549334399287,-0.0024235165615869602
-0.011440372613510469,0.0034722819051987985,0.00499249792186518,-0.0725470417103864,3.3287098342698123,3.5987493008471176
-2.1806584723857085,-0.001642937873169089,0.0046007036234497626,-0.008689930475451385,0.08334578991953592,0.027906378497407514
0.10439059637599701,0.009625842791193698,0.006703870907803812,0.012130521611876638,-1.2203004249220646,-0.011337460087348317
-0.00014708313015048704,-0.0020706743463405042,-0.010910477870559265,-0.0009008430795648179,-8.854174585073589e-05,-0.003150297019996329
-0.004358402827117913,-1.9605228210567693,-0.0017723545266845608,-0.7675028539251656,0.003607803406293807,-0.008006153659770754
2.7785784409001657,0.0024288593955266585,-0.008468079513814036,-0.008673556504273705,-0.04722396651895233,-1.840259880873841
-0.002918540810466294,0.980896910794554,0.0032261880353148783,-0.004042992647548184,0.005551818447182725,0.0180306998609209
-4.206060253676823,0.004669533860019032,0.022340383075499237,0.0002945350129239799,0.20760415186373593,1.4256195527212014
-0.02927940918404902,-0.0035993968838484635,-0.0542966494920251,-0.006247419627592149,1.1771594650083101,0.1368550146197951
-0.6050763835552555,-0.2097490946118504,0.005261209668740481,-0.007626637273242767,0.023879246186336373,0.017892038745202815
6.746321021746411,-0.0012900630934153112,-0.0035689751821935956,1.2805564855965699,-0.2682070487728469,-0.005553495743715775
-0.10349850593774076,-0.006920609828635997,-0.005167904342241927,-0.03442404491423223,1.598615577883512,0.010326842896090427
0.05355034660312427,0.009881958591810827,0.01950184139806896,0.009654466098843462,-2.25923794616924,0.0019595267077751055
-0.022417033854402316,0.0033264825474176966,0.007956697572878813,-0.019197708788424306,3.080636058708853,0.4504852649866695
0.0009662362299578675,-0.0018036385903531446,-0.004520296874688329,0.003223889205352392,-0.004508673016089537,-8.902387946704023
4.108911517254562,0.003313809511395746,0.00425342990653392,1.2674041793668707,-0.6421439985543754,-0.012485266970870823
-0.07047263869471915,-0.008464952824218896,0.003392164099691019,-0.00995943825549344,0.05292304201821291,2.00789142626864
-2.001787250173342,-0.01382095124499032,0.003357614641251237,-0.002333805732270461,0.016466489295312813,0.008270720570436207
-0.41839764012022773,-0.018055151716131545,-1.513668942036237,-0.029284951917541546,5.543512259532185,0.006905022472419642
-1.2726084457694817,-0.005146658140208871,-0.005377969008146605,-0.011213432961298953,4.9229299699732785,1.5716480877789678
0.28830161727177117,0.005963428985080593,-0.2971678053760711,0.6513631026813431,-0.034849251506909346,-0.0177553801864567
-0.0060555085266866815,0.005238811410435265,0.0066714960484921815,-2.0083752248438316,4.051695708371801,0.40972015954455543
-4.7053560105800365,0.0020670268592038465,0.01487613086752304,0.0012863455066969287,0.12299801222617779,3.9719024622051933
-0.18740221019859166,-0.18590669884975763,-0.003752926677670505,-0.008734058166296937,1.0968748389180256,-0.0016566839820452428
0.04977801431733209,0.004813734740553022,0.0031548559944494722,2.332509861722656,-5.413657744221335,-0.03497647913089974
0.033633794895529444,0.0063790063234508,0.009584300166998946,0.028710122208906397,-1.4123648715216108,-0.0055384462725583394
-0.020000097646541648,0.0003618906318195933,0.0025386159008395637,-0.8326758127038629,0.10226978618234432,0.19007958244943013
0.04209107193728889,0.0007495323662870396,-0.013865210427730146,1.4546340446258226,-0.29515788631057926,-3.1257374885996363
-6.710947674181186,-0.008918208374876953,-0.012468897170402544,-0.005434904559015075,0.05955367423906377,-0.008566391619676983
-5.43754352891345,0.004188582433431166,0.009841106384726662,0.005941491049653136,0.05104511562538745,0.2111975962718562
9.00088044649408,-0.0003927737619420224,-0.6741989317227057,3.863370715343237,-0.13848760612609368,0.00990759696465826
5.667562782576918,0.0282163195941655,0.00903900413357605,-0.002334283034237661,-0.014120023083598346,0.007538746216581682
-0.0069346151181766125,0.003015536812355696,0.0002864701062050279,-2.510957672159023,4.487886417371046,0.36179973401798904
1.6724394311990731,0.003100673788533826,-0.007350747103939076,0.010802237334157777,-0.06212298212043121,-0.022470615317393305
0.14598616436998324,0.0027237546769118166,-1.1361265013290573,0.0020305654304846876,-1.9794704925816968,-0.041942795785851805
-0.016633214678210273,-0.0008224501145813537,-3.737072913572671,-1.5121879384324721,3.3251831472159785,0.0353435097414625
-0.028023359166939543,-0.00030392117823170237,0.0005264672912906158,-0.7546516319286312,5.652905396004707,0.09365432405725649
0.7106000385548196,0.004412889510832938,0.0013478138475565603,0.007992458620346463,-0.6957142883225796,-0.10045913018161534
0.09295169436797843,0.0038044175455184404,-0.0024877150468475273,0.0025227000501283903,-2.383574138629129,-4.218294586224445
0.14220350511482693,0.0035872074854219086,-0.0009147786347370956,0.09378775423506891,-2.122467524093783,-0.013309646664413921
-0.506827205413557,-0.004958902797040598,0.9017983563016705,-0.28252758192434935,0.110780500715834,0.03391954810192932
-6.944334166215802,-0.0026449643329782514,0.9288566877043817,0.001260181300479668,0.02559377992546171,-0.0018964737209630211
0.0021110210962636483,0.8598795940246433,0.003124587888975986,0.0011395696178976567,-0.0017252415709870354,0.00318877403993606
-0.0033309859597140993,-0.001601719473337147,0.0036912751947615744,-0.0029258044444234153,0.004183613761022621,0.014263016424391936
-0.09914461471171299,-0.012682919176474572,-0.0027973064220695454,0.00108486020996712,5.5799470790215935,6.065069485086212
-0.00746329864010572,-0.00836018536779889,0.002490061241905761,-0.004819664736602221,0.008042659271433049,0.012292014427632739
0.026149520957680306,0.0007719490940799878,-0.07305423316879178,0.8101757983841527,-0.15056069164851005,-6.731849245574288
0.002248612131716247,-1.1188875715273388,-0.0019036196143726526,-0.0018237951950148545,-0.005102630717477531,-0.01782206587612576
0.0011000057997157739,-0.025692208637598628,-0.012725372039484165,0.537041431172314,-0.006264084974939041,-0.07226214738030251
0.18099488294766983,-0.0004347942738448197,-0.5152269001509349,0.0774550398920375,-2.3106296160274837,-0.07592665820899347
-0.0014805933277673834,1.5482874527697765,-0.000342069279314145,-0.005893496873094234,0.0028258150678727965,0.00691787229252791
0.01364922988746825,0.004638442202228461,-0.0072476686012014485,0.00023730469235792775,-0.012632348153291638,-1.9482731998532654
-1.8760816039187993,-0.007973235572291635,-0.0012001225471619998,-0.0037319156957209554,0.05700218843328835,0.020322555655728936
-9.332192660405855,-0.0034906015673572717,-0.0005726675810294969,0.011089019405021494,0.010617451647843675,0.012702917789648271
0.013969121719663077,0.2695901164832002,-0.003760141228025229,0.008640501540244178,-0.010083157954545566,-0.007429342321407802
-0.08451434928139182,-0.02684222647547975,-1.8043015854514117,-0.18405248982469935,3.3869193047692816,-0.022450601726570873
3.0109629772984983,-0.0017168575339482212,-0.590422402775638,0.0025387145666241895,-0.07383385614600624,-0.7981300630126942
0.061993996847801214,0.005192639576927524,0.002380438321971102,0.02222305554682044,-0.9443652395023578,-0.019500108401228178
-0.0179744062285803,-0.0032897492549652523,-0.004989738052095528,-0.03365671895265643,3.473410977620263,-0.006053864976940382
-7.053055607923609,-0.00328017729721835,-0.0024214249918106103,-0.0024595871711436956,0.021104816506202415,0.0031174854150683995
-0.051707843993794134,-0.005132919659061902,-1.7207823330287528,-2.1018073487806888,1.6413945620217676,0.026410876660307503
-11.034511289965064,0.021584719139471867,0.007697854579920713,-0.008462659690119834,0.22064911716993407,0.14010784158560163
0.08050612494190534,0.014568714609064365,2.3786071479286743,0.5755812655238373,-4.555769360442077,0.02271920801887206
-0.00514567225295437,-0.00031932610197782374,0.0023053533302946905,-0.0065973343747340076,0.019390896242761912,13.822113710315403
-0.0014299520045092005,0.0008066934936331036,0.08187278866977146,-0.0018916308385142184,0.0019679625458445477,0.009331007877287184
0.03187487258106425,-0.00034038149081050406,-0.008995218128860116,-1.8825350629136928e-05,-6.878753941146066,-2.586209232595536
-0.07348025964521931,-0.008292977327399198,0.001217559637794463,0.002275669417680981,5.167657329507357,4.792454869695064
-3.269135411837673,-0.6141961886036565,-0.006305580683446836,-0.0027093440350752784,0.027336138766685416,0.0008375747266794464
0.008040425509549934,0.6710560596172238,-0.0013132431441348134,0.007343529893064131,-0.005444253612247599,-0.0022812575389143455
-0.021350667193519857,-0.00016279766521588163,0.0023730253932178515,-1.4791294352705968,2.3008404507681384,0.032862838833982444
0.023025678024233415,-0.0016148392962050673,-0.0034028958890585034,0.005865014607165819,-4.379921203127536,-0.40753277232690976
-0.03385881887503229,-0.00648203844246305,-0.05517447624051578,-0.06405282795102041,3.7982437106731965,0.004480944685903765
-7.045586089079208,-0.012131195413178003,-0.00564017696884804,-0.7887066257231439,0.02886178365426869,-0.03676655158422948
-2.1415680100683794,-0.00020634406617126987,0.0090090176783699,-0.023670712868497645,0.3102738320433057,0.02337865107406134
-8.870392687401825,0.020044041604070806,0.024521459010064417,-0.00606715174707162,0.16483837566449466,7.444106725111624
-7.882251778778092,-0.028968904121989845,-0.0011557741304364265,0.004571643434336248,-0.01036381425530931,-0.014947062906721431
2.5688783476004105,0.006574204635745172,4.527731159249815e-05,1.4978985947866938,-0.06042551585956264,0.001155933234458284
-0.18839412151171686,-0.019342920141540973,0.00010301087709447404,-0.7888253103632998,0.029759387207816446,0.005025471475398224
0.027995496215481586,-0.001091892844746728,-0.7455452431850702,3.3901736355872316,-5.427634467837498,-0.07933904305220985
-0.003437086296199468,-0.008323594250496745,0.0004292558079039791,-0.005010192600417794,0.003182845145747062,0.0020105574149265953
-0.030338882179339444,-0.0048093705611518545,-0.004082454869144263,-1.288334339578352,1.1399391916367254,0.00508603794013418
-0.005305227535089468,0.008352366701079916,0.020367982698074938,-0.07596673230600182,3.0117879382608024,6.51020143019538
-0.02800812313899605,-0.326271702120299,-0.7865439226018182,-0.0028824187681676726,0.02731361872979147,0.034751416899229955
0.15902027636364696,0.0019102817186683486,-0.1633095777694132,0.003150723188888982,-5.276163083180267,-0.03416419708453322
9.043153249137523,0.0006982190296208491,-0.0023781746235985394,-0.0025853060945711936,-0.020673608999944956,-0.007037636949409398
-0.002287408016441353,-1.5689996170336649,-0.7900067840850401,-0.08041691424664676,0.0026582762972176517,-0.014799080078993165
0.099478725617278,0.0005288885642388171,-0.008888098654024165,0.3752544270945064,-1.4296439013323914,-0.052423458847233206
-0.0017916976358037652,1.3058811071560867,0.0022703915431755766,-0.015405230523451233,0.003359530708076479,0.004381395929211523
-0.3334570117251955,-0.02924366414747482,-0.00922160795777886,-0.010451855963531598,0.9152177258814466,0.006126249457069938
-0.0897299213153091,-0.007696536173319148,-0.0034695249362692755,-1.26763991191428,1.945512831563783,0.0007667451543922343
0.9820113472070666,0.0010536642943174065,-0.02267733231546718,0.6089256622654631,-3.869693736858783,-0.056911828475067594
0.014124881373787257,0.003019291794494769,-0.2616294396334209,0.0077245306654584785,-0.017983110069128783,-9.208596179528524
0.057130387297097684,-0.001915472508236463,-0.026633398669689147,0.12626683268082006,-1.6837531797053094,-0.3328319948306593
-2.5107624871950716,-0.010622894962775435,-0.0005378336300914666,-0.00402821952548002,0.043907071763427626,0.0015894966668025257
-7.905143631619198,0.015713418747021007,0.013452002833626867,-0.00309607438634929,0.2476465886619758,0.16810030598621406
0.25780354662364857,-0.0004437507502850768,-0.9368426629508146,0.02808073410030243,-7.217579959893481,-1.2026949279834298
-0.003528271580824971,-0.0009075623063760224,-0.017242669318146206,-0.004519023382780691,0.006158120875170425,4.387199006022993
0.019945004812744388,0.010242037542415866,-2.038328803162765,0.03848687407640353,-0.01890360476973634,-0.023581217027683343
3.1889872055807102,0.00278735198463671,0.002749609670997383,0.008583839777762503,-0.37454348601324366,-0.016354278378738152
-0.010237103285693189,-0.006354300763780348,0.0012343441637698827,-0.019387206205235354,0.015413328159289153,0.01767998483811042
-0.01720767335064808,0.0018326399531162045,0.0037066128540569794,-0.0018907150746502177,3.3466408949619315,0.2818276776883408
-0.017298535140638352,-0.0057998367363911955,0.0008370790218871268,-0.005479265865812304,0.022430951040596857,1.132373646421127
8.249205306234934,0.9708888002724012,-0.0026816009541675728,-0.0033408630104009296,0.0076274012734742005,0.014415083280752139
-0.0327039252365333,-1.154352912355456,0.0019424282931511736,-0.0031317594367438334,0.02830880995700851,0.015627792849686295
7.429719485391105,0.0017918619080545053,-0.3121440935216187,-0.003697458257375219,-0.002109879485595158,-0.00334035226984275
0.010967429750543378,-0.0016526095429769544,-0.0032358266815608536,1.4483896730410901,-0.07231920928681132,-0.04572685305259905
2.8524587388335716,1.1012973483797441,0.004249830915386808,0.006017915287025444,-0.06195622080502391,-0.009091711618746556
0.054778317876194804,0.00842989851040759,1.0274061032666348,0.5510143388044959,-4.218556253891749,0.0017965831891577633
-0.034653170508718405,-0.020852515461302967,-0.002875787657301313,-0.013423697639295845,0.18840110441089972,0.027667204725028545
3.3599700064872664,0.0025432479340846137,-0.002811591443752294,0.9869506671050132,-0.19030034248559546,-0.0014261911023978335
-0.06519086788459773,-0.007974804061905344,-0.012076876262160152,-0.010008091843310751,3.2043001867330108,-0.0007165053065658622
-0.02269005694310995,-0.21009589796850964,-0.0023293953410217123,-0.008423464797410225,0.03563240387302016,0.013736398039309601
-2.388661734224983,-1.1318513417861553,-0.002812940388547269,-0.017625151293035324,0.4563459781684044,4.6351821702095286e-05
0.4247641202279978,0.010299997009809063,-0.03724030876253059,0.02645159281528285,-0.05436262636691379,-0.0307556570774771
0.034573058788477606,0.012260175922977387,0.14714942509450296,1.2456062700048012,-1.1634016112347128,0.004971642060673687
0.007480554610358514,-0.0008648092384345649,-0.004088827642294179,0.7517297192059252,-0.03346120267544206,-4.776999319611281
-0.005997509596169108,-0.5716650064170246,-0.0008020031961550316,0.0002735551022349063,0.004340820223346614,0.009475886440648632
-0.00017617144088998005,-0.005033956340847122,-1.2083198795426782,-0.0035626447873368765,-0.001607112533741046,-0.2503802889969734
-0.033379805433726206,-0.9812701480596555,-0.24414192403700197,-2.906125506953714,2.157400876659114,-0.018282934528294437
0.004799900705225998,0.0002978956173634445,-1.0147974268332014,0.0071757605209872045,-0.0069011055141775385,-2.602462551268978
-5.54318835210084,-0.029584768645405723,-0.011957720884501862,0.011815006999250532,0.02622455374941848,-0.0011629279519362878
-4.817137197555185e-05,2.5788277392562273e-05,-1.4394967651334154e-05,5.959008096835646e-05,0.00010319900660219583,0.00034988304488129865
0.32726388239437343,0.00919153634252593,-0.002430240795783637,0.008760804648766767,-0.09818360462031062,-1.8139241663284191
-0.017101484610791196,0.0010728481051683059,0.0013525943315968944,-1.0423316514647656,0.2487484272777598,1.2769627982472844
0.011237242368089984,-0.00044768136056350105,-0.0018732987196066753,0.5897290077208548,-0.25280121916985987,-4.298419053734051
-0.3175231126330198,-0.01926387273886557,0.053616897169072184,-0.006737940456164614,0.0498980762308181,0.049118599207887734
-1.9410766000686106,-0.00994345415740228,-0.00027498339038818306,0.00016550990003785793,0.03218533446272196,0.02122573054375687
7.070462267187905,-0.0033863640851944316,-0.035577244419432975,0.00405296953181733,-0.019809050056946255,-0.01786643392980314
0.04637551202075249,0.0030832492231293506,0.001992359291903059,0.003064964492999589,-3.1612949727612025,-0.055072137574259994
0.0007919393006752958,-0.0005435813782269978,-0.09778593041124241,0.0015855687098143836,-0.0008878065008194549,-0.0027656330319034378
-0.011646859456003855,0.0033887431987240438,0.0029476511186270343,-0.6521713714460997,2.4790971224925453,0.43533475267964405
0.008680974407469066,0.000901087324751193,0.0032991994154814713,2.451211885218041,-0.036663324953170234,-0.008353193921385005
1.9092665121859487,0.08482433867322751,-0.0002941411770484572,0.00766806294350908,-0.013897564692942937,-0.0008743383047643827
-0.053287661907039596,-0.0004716535406461761,0.004003113889464852,-0.8706743273194846,2.4638724328937105,0.07572605286816314
-0.6163526789881373,-0.03828348535630727,0.0256843235908864,-0.004158466397138103,0.02445214380760898,0.035537708256149936
-0.005288931521045503,-0.0008855798627766231,0.008630784434053941,-0.012759424425251213,0.009797036833024254,0.04323825087487777
-0.014848213308561013,-0.004513912712231359,0.009868608606611916,-0.013796033564222359,0.021596464030494304,0.09195693211247655
0.000796013267081317,0.0014603452827169421,-0.00042997393798963626,-2.865302266003382e-05,-0.0006121806391358355,-0.0012183470180210038
-0.006128796836924022,-0.004444295627234446,-0.5646095931579032,-2.4060841027795155,0.025994410581050956,-0.007044534008307679
0.009528058565658803,-0.0025393806091694934,-0.006086640357964537,1.2514746019077445,-0.05306791844081277,-1.1965997485661966
0.005892555473882705,0.4477398210149645,0.0027010637993981,0.004278279558385044,0.0008525188988823956,3.998958028981455
3.5516959133597883,0.04099498057453142,0.006125211411978539,0.0035589207967648417,-0.01754833208492948,0.00947855094382355
8.709325926505588,0.02302318415868414,0.007594624762869752,-0.0022567190476304733,0.0067468238156642366,0.011789609936650125
-0.0001839164510154174,-0.0016278346605217448,1.1929645486925295,0.002881621356534348,-0.0012271797202834977,-0.005041418327755086
-0.15280723592800838,-0.005276104319701939,0.0002637696089210662,-0.010359166457379443,0.9552092091769173,0.02825618891699455
-0.005444587319295827,0.00530018818637653,0.008236891143005534,-0.002958100065475755,3.213706989655674,0.44980464627340844
0.05866519563565785,1.7411610335034144,1.1010739469496802,0.004703201035613391,-5.358297641270886,-0.003419447251055807
3.0052573660691047,0.005666580633793893,0.0008384750126528577,0.004004178768313299,-0.05482024235186418,-0.007448263913121367
-0.0024262122372538755,-0.0027503224408240773,0.0025551391572290454,-0.004671833935528108,0.0024305309462066198,0.002565049381916078
-0.030419202341345875,-0.00743173444982502,0.3326630630468568,-0.004310734746070171,0.02246258703146864,7.40230167970565
0.01486693463124314,0.0036262707118218974,0.001390502105262592,0.008658403660407932,-0.03107774489401638,-4.336251119908821
3.9549470051526754,0.0024460741044660117,-1.707313220786447,-0.005917165170903016,-0.027967881448494047,-1.615336590954982
-0.9809825797503844,-0.008359292003842668,-0.0026748121235400223,-0.10889987076055174,4.329361850790202,-0.00218404630404212
-4.301712177214265,0.0018810873424987438,1.4297243470560286,-0.02385148824830363,0.07526799775218482,0.02187262014868918
-0.0001284532640262855,-6.419817380361043e-05,0.007661725377516096,-0.0011755074197337503,-0.0002969076959816069,-0.0017663248142134442
-0.03598245957433144,-0.011932319396956229,0.711000700973917,-0.002886002483987288,0.017364693407374815,2.8619834797095436
0.004476203877554246,0.016954759720157347,0.001157862369686319,0.0028854711031074567,-0.004375645887707593,-0.004353000849781135
-0.0608187995559078,0.0003901769222574569,0.004608517734542478,-0.004376583695905711,2.3828741585629136,0.3815559448499197
4.384464856011499,-0.0002042968411524221,-0.14589596048086875,0.004481343536556881,-0.018093469499136223,-0.009948632995840367
-0.0007378780026674747,-0.027092172657215946,-0.05285063931604453,-0.8783447622487672,-0.002719704277748255,-0.03748003177294315
-6.322785050238174,0.0015287462873650182,-0.0017364139303391798,-0.9055482782871493,0.9244786122333696,0.02724110102191979
-0.007504019491797173,-0.33125393787712604,-0.007628360547595877,-0.29725248622147427,0.00909576277201413,-0.004222068754093013
0.45107946844095287,0.011713889713521733,0.004443299614202463,0.05712581574039466,-2.535907857603275,0.007331054533889048
0.14631592206557667,0.015476047372078167,0.02885595598735425,0.006183333632690191,-4.433590860396524,0.008528981129585889
-12.508776859978056,0.024789091603669045,0.004784154463321921,-0.6900752416563307,2.6823498002949657,0.06572306201482547
-0.039952617560020956,-0.0014098102332703848,-0.0012570860243683113,-0.03068429788758209,3.269260134004259,0.049517081180366684
0.04610277793426103,0.0008502638656111994,-0.0015333058327463133,0.007331803208312615,-4.636664225944308,-0.07708379438791901
-3.5627192548751667,-0.005623738223788862,-0.0007445249316382642,0.004173398889409152,0.05438977193005497,0.01176022668565424
-0.08577686414673874,-0.0017943989194326132,0.01024022336528782,-0.024566221089595164,0.6660758947859815,1.2661563437812813
0.042754589133537635,0.003997600891914847,-0.001984742377928936,0.008421845845286477,-0.5495456475391203,-4.044749411007189
0.0699482832607401,1.6817019885789042,0.006953210112588985,0.042119421674829294,-1.4243722652217081,-0.007399336713080462
7.040941423297419,0.014439862028736098,0.011585860472568193,-0.0029951751209320587,-0.10306810701473632,-0.00020585759204516663
0.029260352398083708,0.0036477085921381032,0.003482940900186758,0.040598492673020736,-3.5655135079175153,-0.003183587137490118
0.051092212923763224,0.001981806681982006,0.00046936266142073944,0.009929183548004816,-1.1238813474106708,-0.11591963647798353
0.04474195112276036,-0.0015118255958415858,-0.0072790031364605365,0.007170912913116945,-2.032743687604804,-0.8411522574451133
-0.04284918794350845,-0.025080886810705944,-0.001741806377871434,-1.4503709924862203,0.1187965349922837,-0.009767852273165067
0.13552179333079128,0.005809343087034062,0.001334595846854407,0.7847041625742293,-4.932243614608706,-0.01603099711576128
0.025524773530769585,2.817158468976399,-0.00993939047141275,0.00042398839625090723,-0.011863492623514148,-0.01548619286586611
-0.0012744227813567429,-0.009352911508246969,-0.003838793876305135,-0.0009770691244545202,0.0004865912564537137,-0.002263083775787769
0.040641302942916235,0.0020819050652130097,0.0003827901786188125,0.05012818650001183,-5.155423211228971,-0.024568671434751277
-7.032800999098949,-0.0016547213280986642,1.116687566899229,0.004925608751721544,0.009276371119602864,0.016281889836138097
-0.0441714991858302,-0.1162514511692414,-1.520090297748741,-0.005562750733305255,0.03390281767949825,0.02560540487081063
0.0003096888892066482,0.6681551102095862,0.003872732148333429,-0.0004248705914386211,0.0043542009612797215,2.170293926714018
0.05744580645953978,0.01220323188611716,0.0047676542645283156,3.284016406029778,-3.2922039186349825,0.01877522085159944
-1.9889299265891587,-0.011765543046292978,-0.0028286769980315567,-0.021898555923687724,0.058777239384852326,0.003464047504008416
-12.167127361908335,0.5988282238120899,0.007097506130632376,-0.03952086703771007,0.40783228606728783,0.11064016240827002
-0.001059882522756725,0.5330072479177339,0.2199994281583515,-0.0025031942686746054,0.0031512923922776713,0.02392854550874545
-0.00911909748436476,0.000333111597391314,0.00033943583571942847,-0.005806984694904149,4.247328662845189,0.006114735664563664
0.06708881142994297,0.0023729017608588717,-0.003893006762128688,0.01050903321300789,-2.7656830371943038,-0.012844801972963227
-0.0283668799682516,-0.003321657860609617,-0.00048584975170637423,-0.0026463516833274414,2.563420903082168,6.208217221899844
-8.254186718843838e-05,-0.0020588577009751944,-0.00041268707499616234,0.0013735473428099308,-0.0005898908043232393,-0.002223868377421454
-3.626483230604845,-0.009154596499297143,-0.001999467163048889,-0.003265332915920016,0.02193956950450493,6.46810269800957e-05
7.776116789649601,0.0002161635915159648,-0.002679486811815411,-0.0043247999516980995,-0.013734277257469486,-0.02106674320382873
0.00918220503017872,0.007493626639274575,-0.0046953206794361525,0.024686795580981323,-0.010961588618197234,-0.009312381624353114
7.625798594397023,0.02250110428803565,-0.0008056532336735336,-0.00725665658218877,0.00863552626209033,0.012548526066713972
0.07982019923086625,0.009733303133495075,0.8494816750541738,5.253605237417702,-11.370761432916337,-0.08024763846207605
-0.0350983097110042,-0.0001800783447280553,0.0025336893239182017,-0.011194063989628023,1.1373157969688306,0.22166367279395915
0.043168273020804074,0.005718857771929221,0.727078354077686,-0.0010800181999978675,-2.0322745543701703,-0.11412361873533428
-0.0015554489474347262,-0.1233282842651051,-0.016975686499004886,-0.0047052262395580625,0.0003787606196154058,-0.009524693227322856
0.06149643038489806,0.8053175791187905,-0.001863030198377063,0.04032981221604934,-0.042731307258872274,-0.011607354944022916
-2.8407553387790703,-0.010379650172042666,-0.0018313141803200817,-0.0001757655850528339,0.01982481601202059,0.010508068207555954
0.028836550579922262,0.001339722603365819,0.003717557147552018,0.0029703580794901707,-2.1600104816612613,-0.11420387305050239
3.9287226433928737,-0.003467461430988596,-0.06729599388083411,0.015174275230141254,-0.04598663173398795,-0.029237395353240325
-10.156336297233892,-0.009260402207469653,-0.0030397887019318476,-1.4422094283978169,0.0294903774374011,-0.031788332257356
1.7354923432556812,0.05705447493280097,-0.0037579155604551924,0.018860718738338444,-0.029222726710799077,0.006342369907083395
-0.84087311573252,-1.8412195342878437,0.007260810538169082,-0.011230805241372654,0.07236514780317757,0.02237393711154556
0.3273949498160933,0.003958467297499331,-0.04854655468663463,1.449354261768768,-1.6144636953265252,-0.0064854878482463185
-0.012329779023091458,-0.003500763542841824,1.5540931808750997,-0.006633548703337034,0.014704518188041277,2.9295088939601506
3.8434481690900357,0.005901713378061392,0.01067203478996329,0.0019680790689888816,-0.44455400913529297,-0.020736624712371476
0.0013009076858489094,0.004473535601273192,-0.007142554584836341,-1.015844038600494,0.0060199421799261455,0.012389923322235652
0.0049144627157601765,1.443467777741325,0.0071425061249099754,0.006810609755203159,-0.006517242134339832,-3.26883532385247e-05
-2.323796025978954,-0.004276919182140876,0.045043159445162684,-0.005475467389839395,0.03608103959280462,5.941745581101586
-0.002483790828279122,0.0011160863868698353,0.0068018757455610545,-0.0018595629912822214,0.004270253117632881,1.0643108609063296
5.942680458823342,2.1078077089448555,-1.9160398763354658,-0.0006939443187616856,-0.009411907706955765,-0.0024072410968032365
0.06975576862546151,0.0041539558299016136,-0.002408329765139966,0.00712905881425141,-1.0067793185191913,-4.452110429090133
0.8616817056083752,0.0025234552233743,-1.1784891823865737,0.09953061880214675,-0.265224701790709,-0.7855140729992094
-0.044150355602167964,-0.005489317847993983,-2.3005278526941106,-0.012647837480280394,1.9541624441769565,0.020765961257429022
-0.012553517925389005,-0.0057350027430737305,0.004397005487945537,-0.036185218518683664,0.018666213049719254,0.020211004549451225
0.3742724085980872,0.004745587494525923,0.0027537511060578314,0.0013539307069058149,-2.969150835286298,-0.18045952885303862
2.3638875255437064,0.017631708833636583,0.0027814194276574063,0.0049603595241078935,-0.032973752249285046,-0.0020605253204777907
0.05918064938423678,0.0007818626404285378,-0.010434038731291895,0.003088234866996442,-2.3784069197681923,-3.7203022848518543
-0.00806300850918773,-0.17354678272331658,-0.1305258299440195,0.0002950392419990046,0.0026658934922368926,-8.51332313127546
-5.1797468584897715,-0.9351508722748954,0.0004196952805042538,-0.004016433347297954,0.008549497245382603,-0.01506416387870635
-4.47641539835851,-0.008478891300608032,0.003191429404852855,-0.0048734207990003275,0.005895742761584397,-0.007961862880252135
-1.3829795553432933,-0.01962085261578228,-0.0014369451193832813,5.610409118779469e-05,0.04140600086845646,0.04182183332920458
-0.09972301517416059,-0.03253448705266982,-2.758235643801225,-0.03483859880445411,2.3232488559655367,-0.01935608227319796
5.619940163784931,0.5181549980420621,-0.00044005060851158616,0.00036128989671058154,0.003545933932144262,0.01268937350727306
-0.00024096389768890614,-0.00967321470077498,-0.0036817934922955264,2.1927094218064056,-3.0480326074562356,-2.325485462145579
2.0983223378334666,0.5401735734969207,-0.0018275704659796014,0.010399458351031288,-0.023463991116760976,0.00027975124852608335
-0.3052021290315068,-0.0017586079461742732,0.8574287052751273,-1.110729155313832,0.5765306744596459,0.09193910260311355
0.004220977042743333,0.0026432134727851844,-0.02422638963448464,0.005071834174417429,-0.004533012835170089,-0.00861015042660028
2.7654312807760286,0.0015813650338614921,-0.000820111530786473,0.018550460971280547,-0.0875762072149202,-0.023966585983537514
-0.02780087917399645,-0.417085947205159,0.002999691790726651,-0.005190083674799825,0.018499793582959844,0.015778440557592685
0.010540490655021939,0.006962514583298052,0.0030897091672745514,2.1721045906085883,-0.004484355393681326,0.011402028810279297
-0.0158892776037953,-0.0003218794062161967,-0.0006752493384745706,-0.00412668479056405,2.940341496694579,3.5464706488224067
2.490600740635359,0.018977720296541017,1.7338126688797004,0.006520372455101259,-0.851904727964375,-0.005409805311037519
0.0633087601048967,0.015149386513644334,0.021170620110080453,0.015389284716696539,-7.733733323298828,0.025614562190376056
0.03171835350794839,-0.00025368593156238975,-0.0007738857370301055,0.00367638446238458,-2.1184915207762853,-0.5023790809328155
-0.014904247902981425,-0.027019864207372225,1.4370393320407389,-0.020063577358421084,0.010335501982131234,0.006860486262214763
-0.1241686080198878,-0.09103000328268619,-0.05460206284864218,-0.012481329229529492,1.6028030655596326,-0.00513662792308317
-0.02136336676930245,6.558463363193212e-05,0.012593211798866674,-0.870042770469275,0.03104593077321488,1.576459511640957
-0.02760185065136704,-0.00455256602734348,-0.008952543160134453,-0.1823991444530222,2.303736755134468,0.0009373894180654263
-0.415133607686228,-0.012462116688677752,-0.7638844740987637,-0.19839362351307877,5.313165015071853,0.009443252113114031
0.4144059395068106,0.008326032385938228,0.0035923775836979787,0.0048765864861193275,-2.9428707497539777,-0.005113471669476954
-0.0030504656467941205,0.0044950750404116335,-0.0018603906097126588,-0.36465949665918274,8.124122432092378,0.6772235240902091
0.002866713132390604,0.6817931384873726,-0.002945598228031188,-0.015010422146032106,-0.0008637470625515176,-0.0018262993956983178
0.010902675432763957,0.0018084587071603153,-0.006700090525407149,0.2515265959391807,-0.019993203926397734,-0.025000205443095225
-0.16821573461316805,-1.9812728033051787,0.004828020818759948,-0.017958854471169072,0.15295097943670108,0.024369232852243683
0.030091998474030657,0.003789409664157445,0.00298544093779142,2.0948671451493794,-5.833791042994548,-0.03133075769078175
0.014899626643502861,-0.004030287540025705,-0.03331182035847449,0.5736619107894292,-3.745627340589865,-0.13342328899790612
-1.9558700557307072,-0.0021162730079553518,0.01674366230246667,8.40122866345161e-05,0.024600174804286036,0.15710299435760877
0.004126868126653042,1.2065518432512692,-0.00036723652663718975,0.005775217551548487,-0.002510382057054488,0.001663031430964107
0.02479094870856721,0.004383456512615565,0.5934044874454022,0.017422343947018748,-2.331734121257742,-0.007116262361963832
0.03008634247343822,0.006104838457385145,0.013801380576316975,1.2247189465251678,-0.44937001453984654,-0.012199670258503492
2.4094304326300757,0.000266479923296592,-0.03627247876330264,0.0005664037304925484,-1.7705249909687488,-4.064396507598474
6.438401707230252,0.0014669670798148696,0.0029331183452891325,0.028339431936726278,-0.05745667299790948,-0.005304082550193101
-0.03439960512935303,-0.0011892738806184022,0.03727408436209523,-0.007555446121833231,1.8485151982555976,7.474031330730369
3.8771583668144913,-0.004426240014495347,-0.010153172345241698,1.546988626260081,-2.1080502194518687,-0.13108713605275923
1.9408086866088148,-0.0002025658216738748,-0.017142677433864134,0.7923188920824344,-2.899316102416284,-0.06345635970730878
0.004240235709253565,0.004489799030805746,-1.3514549606548847,0.003045624323805146,-0.003258880978479032,-0.0036124898034499836
-0.002656429202019392,-0.1877704873365045,-0.005276872782631808,-0.005671001140016219,0.0017403905983294787,-0.003058570415644156
-0.05607094338047584,-0.0056425286461539124,0.001093932277617348,-0.22814775073728677,0.2088901542316776,0.028182019054730847
-0.019785465161156424,-0.004715060928991779,0.009385770205070837,-0.006684609985795571,0.023537265846158117,8.695262244672488
-0.05519767929474299,0.0006035623717648708,0.011222468191261114,-0.011941602698659293,3.2236809502431543,0.14673282723642433
0.10988866824936686,-0.00021059237440307224,-0.8806201282501241,0.035630953741492055,-2.385209124437196,-0.09686545040702832
8.58037291928038,0.28644464846907414,0.0036498206720055014,0.005518586640380407,0.009100546085175035,0.21453396741832265
3.06925404801326,-0.00361944369109779,-0.1954372788675416,0.25226724759496655,-1.1046838494390059,-5.394180566457479
-0.020082992540454103,-0.001556913733885762,-0.0038081381833881944,-0.009395386565915431,3.5112307012747968,0.04518704451255218
-0.0012157418351002858,-0.008758876001045643,-0.000978646228149524,0.0003922866434294095,0.00045080574168539336,-0.0024233714626946444
4.114100042421262,0.016885657400968195,0.10491247001508043,0.020112420975108014,-3.043639289738876,0.00020629500865076977
-0.017413259214448903,0.0003780500980931061,-0.0002795658194191166,-0.08826417486589233,0.9647652216651059,0.18162404905740082
-0.00027793412861754974,-0.0022579183061219553,-0.0012593433521243314,-0.0022997526491105097,-0.00025686373975072695,-0.005895801870220151
3.851860970297233,0.011988633397825764,-0.0005792386391043714,0.006465676981755153,-0.010029152608534764,0.006768285847352229
5.367522590786301,0.0016577963050980575,0.004838780383827148,0.011953967264263898,-0.27792229255441026,-0.012122591137269767
-0.0026982859980462306,-0.006903528789081043,0.0006083432557825938,0.6727001424089131,0.0007556955241808947,0.0044376244104326334
4.963105534066608,-0.0005138290287808748,-0.0011908773751460738,0.0049088103199018684,-0.1183808798498546,-0.02241872345031104
-0.03897460279088505,-0.0070391259271671,-0.015096720994520363,-1.5049245412237156,0.4963847482451894,0.010434644679784055
-0.026025376146280754,-0.004675745090401133,0.002174347634954832,-0.019952867026644373,0.05671114646566522,6.144779327609589
-0.34330793955363403,-0.059514961890528836,0.7159406850144536,-0.004603267871467087,0.03097276904349983,0.051205010665293066
5.831630227371186,0.4128593951281525,0.0014558974179616903,-0.004566651104904618,0.0013339616719835398,0.007390295045062167
-0.0049973463854459535,-0.001939711206639993,0.7129078510097413,-0.006088784045783842,0.005683478678277004,0.017441077299564865
-0.00657694756329849,-0.005148952272643748,1.4077566574027325,-0.0039003238743844197,0.0059223131175642615,0.010743697952392536
0.005371047415323612,0.0775794635113431,-0.0002884769306613571,0.00352942145819938,-0.004514200443717832,-0.003442860484338536
-1.5364712964559546,-0.0012864195680058858,0.005145579183541603,-0.015251858984638517,0.09845891038293553,0.7508093874422235
5.357836166278082,0.001655787518596321,1.1110320617858593,0.17801554126825447,-0.935031196777961,-0.014712951722644085
0.02292801415777726,-0.0005728823241879233,-0.024900199652848842,0.008740802781568968,-1.7749392348607849,-4.485837736498219
0.004322958979573216,0.01352734654358767,0.001609357327198007,0.9550793290917313,-0.0010658939309838781,0.015289468203983234
0.22325580285457208,0.0027002954241697706,-0.0028662333862091056,0.002391230523776766,-4.995267044699232,-0.10346599099267983
-0.284762355484526,-2.075476886453637,0.005118741733964603,-0.027290988374177094,0.8572220023042635,0.012982609156114489
0.3281056774404789,0.0037012084430312446,-1.116004121148935,0.14806946623033135,-0.2783173745975831,-0.8973084926959238
2.1000087049784577,0.00726407092379237,-0.000564732987025543,0.0070360965499793315,-0.05274505391697633,-0.007468400905177641
0.001364583917049883,-0.0008599635753737539,-0.0027060078150316635,0.003002191691968017,-0.0027079519084248493,-6.024576091483993
0.003933835013641082,0.0017905107634359086,-0.11455422742585492,0.003194760894703662,-0.004234597002901051,-0.014199214651984579
-0.005066258854862782,0.0034001684668586024,-0.0027224239173222198,-1.813808514678378,2.3789276995911135,0.0823059647828881
-0.007328324961504913,0.0012975418408549373,-1.7781222900284313,-0.010916399659250453,2.996491222738403,0.035640347307921205
-0.0016129163379560163,0.001031304268798633,-0.014376312867051072,-2.3959840398658914,0.02925008596872133,0.01451036801362171
3.424761763085659,0.9039765060049113,0.0022551558716132174,0.48471927408282234,-0.031005587303602936,0.013813088006270569
0.11314022843028226,0.001923239356012879,-0.59749503859907,2.4971568912894693,-0.2321875863792394,-0.06008448036120795
-0.7079631832315574,-0.003927048142721143,0.0033982158314919894,-1.7514918138106452,2.7508021003401586,0.018467198572089227
0.02464167990106611,2.546166370401854,0.0022502686860730522,0.18559822080677435,-0.023876743537800196,-0.013762218612448307
0.0024695090448353836,-1.2988292891293596,0.0014085234396575275,0.0006039305513196105,-0.012203444625236946,-2.0801707734647383
16.056005116690756,-1.3674094096715983,-0.02111526545983375,1.25575599745531,-1.2355083108726594,-0.15430379273478678
-0.02348228004604369,0.003604592717395022,0.030054265253945833,-2.4297291787330835,1.9961490862335438,0.6532896933785288
-0.004096575509973888,0.004290071938715223,0.0004219934660249329,-1.4628370670214537,3.2512271467948928,0.09467207949140999
-0.0069096421521779305,-0.000263704310327649,0.03144454817689196,-0.6159486262800195,0.007927727145315217,0.011403501402908814
1.101206751284337,0.00515449474156024,-0.006571911333567581,0.007343366597202347,-0.05176903752953687,-0.0588376330386981
0.15477930947664298,0.003094254968867491,-0.007417364999376452,2.2890789397351767,-0.7526615088414019,-0.029283907857290847
0.12491030619843302,0.0012371675031081497,-0.208027304654281,0.011448430569431733,-0.9211374634567724,-2.083006557573853
-0.008006763209732416,-0.002020836158907885,0.004970369829931836,-0.20735687239108003,0.013506134033948108,0.015484300574943873
0.00357688137681946,-1.2687628706020793,-0.002434230683755721,0.003239608143691404,-0.008700822775837419,-1.212194431048441
-3.1436908144689752,-0.0009633452894529243,0.010870711024511495,-1.562152702107376,3.434331991566242,0.02133195771571117
0.02898577206839284,0.1210380553244117,1.2051593462187444,0.9367799620726736,-0.17082462608320903,0.002896384892285553
-0.08947514094546294,-0.008961098367935655,0.0035249479571227427,-0.001277526597780243,1.0960802451143117,8.634738394712606
-0.024776604583029833,0.0012804282416077986,0.0023758866663751224,-0.015098021379187199,1.9190192128368873,0.11787610615420885
4.849437701481127,-0.00031897988127387554,-0.0010255398393135785,0.0007225328846098278,-0.05928913195733412,-0.03458945358191512
7.963989126955353,0.011386434429351375,0.006236300233045838,0.00725742552649844,-0.015243990226803318,0.019376196766338394
0.08422595270086841,0.0018729357989055381,-0.0022542543248307775,0.8425365051093401,-4.5162790379594515,-0.05703009343427379
-0.008930840215807694,-0.011609614325748164,0.0017900459208450292,-0.24018974308950683,0.0070958835695668675,0.004425358538595752
-0.05090476133558508,-0.004890390240457135,-0.0014266102232265432,-1.550765972587607,0.2582075592166585,0.019036341069248675
-5.579985942447348,-0.006349912691799603,-0.0004854309576316864,-0.010005249355492851,0.016343228042959693,-0.00972649805981085
0.03956930610909358,0.002064972972918455,0.0010314282219199547,0.1114890616792854,-2.1503222017248134,-0.017562579998609218
0.039690753987557593,-0.0002076124642482989,-0.0027368326481336247,0.012294272074851231,-3.078564050094897,-0.11623605877930743
4.185759743871753,-0.0011051559592637483,-0.005058992116514144,0.003306371230953953,-0.14662679031987214,-3.652019163119043
-0.04275469581670987,-0.0074795601980060765,-0.017218953672049703,-0.014200822235330146,2.37733246990985,0.002274375152204411
-0.005182268369456513,-0.0019126143092810688,0.059406131670848066,-0.00623453793701001,0.006692470714769023,0.017964698156549504
-0.009579830252783639,0.0027518171415268217,0.0042683480206936325,-1.9345806056852624,3.4860536232747776,0.12237483275476535
-1.5435919012990276,-0.020980360326496805,-0.005233185307005516,-0.0070374159398118585,0.5718918964149178,0.0029653482632729378
-13.207771084829911,-0.1722091527235694,-4.755454612253656,0.002629546796073523,-0.016849948750689042,-0.06642660985872695
0.06274680002064814,0.5871035395133184,0.2509698482095719,2.157542127374194,-0.2903761940023301,9.940189972990066e-05
0.1900601546485943,1.6307745325711438,-0.062185480147605915,0.006034924997459917,-0.018107369073498077,-0.034263192829213474
-0.07918790597790348,-0.004420277868221828,0.006896838906947811,-0.008860887545953322,0.6234321130416589,5.39379174907009
-0.003475063991809909,0.0008783995342772472,0.014044745740843129,-0.005811965585253399,0.006212339903853471,0.5630057790489409
0.07617922623656494,0.0041958350951086425,-0.003766831522500189,0.027386882484504896,-0.4416457503364368,-0.07636320059044227
-2.4617356325310213,-9.710149306056551e-05,2.3179344689279224,-0.0526192841242441,0.2668225564920502,0.048884025742886195
-0.0297655161481767,-0.0011563287808940416,0.0023025146521878717,-0.028256279955142627,0.6849757105033215,0.48264135132831676
0.9158770374226206,0.003140167666080755,-0.0036775148199038954,0.048511546561257,-1.2792832852073142,-0.012841122980761344
-0.0014741543934883065,-0.0009999681851096003,0.0031223155938949225,-0.0019972878099086895,0.0015996810648378915,0.003276749552868161
5.492823693545855,0.003190014330046495,0.020715189426061487,-0.001043157130933281,-0.5866929676873269,-0.06516276905346441
1.857111832099859,1.324818610606623,-0.002262834501554169,0.005790664999659578,-0.04899972904776233,-0.0164018960794734
0.08074378226008827,0.0026584784654579557,-0.01618056824504288,1.9863212360619915,-0.08575943353319418,-0.016083080721133958
-7.809367114522779,-0.04116412056117952,-0.009776333007597338,1.078748131782021,0.001974988459113671,0.0011216115434680152
-9.59378865878547,-0.04966870420333949,-0.023214914510107282,-0.0005459227941211342,0.0021757785240756264,-0.03032035988962667
-0.031625645157270454,-2.8111101705272388,2.6351486714083485,-0.06070344705502606,0.005507009870602696,0.0031349479180067252
-0.021897064940390322,-0.002602046514098647,-0.8916767103742473,-0.011136008849531753,3.1120326910711693,0.025212594628404972
-0.021006945065696836,-0.0034827867275429927,0.009740543587927836,-0.008790529943467577,0.03343805985274359,2.775834069623618
0.004345814054688979,-0.00020424970903319684,-0.003159476235338299,0.05430388744571965,-0.008543518230781755,-8.988379860804848
1.6609603760316034,0.0023774872322868956,-1.564805086888665,0.10970008437459366,-0.2607646270946917,-3.6714607000335135
-0.14171725254507908,-0.01576991703158127,-0.010156926895014486,-0.02561245900305248,0.9299843624393308,0.009642539023954455
1.0839396410562856,0.00836865246396017,-0.8968138729048384,0.004044388273854629,-0.03543645506676182,-0.07150064729865757
0.034480352310109014,-0.0005807996671866652,-0.008248504360594273,0.22994779382323127,-0.877983289855629,-0.2409368095546176
-0.14311296534277496,-0.0014939234813510817,0.002705604362999596,-0.10142066591224519,1.0614310921300802,1.705151194248348
-0.014293597926952863,0.0019865286250733503,0.0012219821394759932,-0.007802700267283691,2.592372142632327,0.18090562386399256
0.07837363433680704,0.034037571494176896,0.7654477887508223,0.12745695838353344,-2.7729950445708678,0.01218304655559721
-2.2208989258893075,-0.007494775732231869,-0.0009157504430429078,-0.006233033170929186,0.5362279853982123,0.0009151211655086255
-0.10395300058586443,-0.004331620981325224,0.0006554064396107062,-0.007913275762187588,6.951856311554266,5.832268487412875
4.4243565482847655,0.005030594244528436,-0.005196861592563206,0.0005461211198853899,-0.006378213039141448,-0.002406782440155908
-0.1537510882844762,-0.062157810526948264,-1.1346759728307365,-0.016962456309480123,1.903188415685103,-0.0016618429509463462
-0.0571763873981961,-0.008857212953706426,-0.0076921651451043755,-0.04906666246515745,2.9741268439481994,-0.007767306955047681
3.965454675802934,0.2548812426001336,0.012739305694298665,0.0058587979872616325,-0.024655047312236195,0.014123511442411862
0.7885751500793938,0.08118448090326566,0.012090694627295343,0.034534838078810526,-0.47594339375906247,-0.005121553273712359
-0.08242118122832587,-0.011664505142265559,0.0036560502293605662,-0.005987601382268962,0.06121011669591814,4.739202463475451
0.016702861486227294,-0.0005968050911478173,0.0022564732988223646,0.8168636235245526,-0.7769959999081162,-0.0809238092418727
0.121513000727421,0.005524617733249088,0.0009323781662998105,0.020583286028624914,-3.426471320624202,-0.0016587307983839672
0.005237723958896892,0.014842933452974126,0.0010719145744544564,0.0034012866070211468,-0.0005398762100989191,4.3235765290993164
0.009762664883402935,0.27722108866751094,-0.0027337618337476043,0.0029435486158654375,-0.006897119036120963,-0.010751994449180718
-0.03795261065169106,-0.004484068019109665,-0.0023822037020936777,-0.011243458934918238,2.5203270742465014,0.002554283963249415
0.06673969614444902,-0.00029069663364839245,-0.005730243598600714,0.31014441216435973,-2.331862808432098,-0.10101559789948
2.5524071810533613,0.0666968827207267,-0.5355007218086546,0.005724571138508439,-0.005715410959951866,0.0038009678457660567
9.9469341912002,-0.00202335385217306,-0.0031413185279647177,1.1746295003088605,-0.044722600227276935,-0.008228781243510674
-2.691431374091356,-0.005384081686377969,0.00016536871407768928,-0.006218498062905975,0.06479948773702683,0.005079821278406227
-5.166796740377728,-0.0052565960153480445,-0.0015151612722588315,-0.002278322694937829,0.02530496757956857,-0.00019550686114433447
-0.0007872109857500267,0.003003570393049772,0.00267650482851544,-0.0010826415030863374,0.0038160247970199512,2.4465582126074654
-0.06620736189379728,-0.024604455889988337,-0.03497736297419807,-0.004841580482530486,0.9259751542781917,0.011562684138463536
-0.15613428021599016,-0.002541309994123448,0.013908027148848985,-0.06965170865923664,0.5434051566889869,0.08248157479942214
0.006461114031463871,0.0018014871103275952,-3.0912696478640207,0.009050296968618102,-0.009613281815227363,-0.10749686864727759
-0.19595350266468747,-0.0018989222860851737,0.01017454206363274,-1.1980073910501297,0.7220681843938853,0.04065005043003578
-0.4424115938166402,-0.008464523945272813,0.005231896275441711,-0.017520273738350967,0.13697165943802725,6.08122433569871
10.066941500876968,-0.002190380807675474,0.0006800584397373185,0.031223992200978934,-0.4300742047344371,-0.0035147482108395245
0.021854548054715497,0.0017631502474566574,-0.001469723076335444,0.004091766522879181,-1.7956089832738051,-7.301975884437127
-0.00786464830070932,0.0010400715147470124,-0.02248913833379429,-1.4398943429464275,0.8444287145907285,2.6145383695348343
3.3239254615716036,0.0007942617974899973,-0.004763032945393079,0.015235809329057937,-0.3129399306564812,-0.00801567416166693
0.06363913567134066,0.06648387862587915,1.434585149116222,0.9317639203949621,-2.323403601720991,0.022773228202185525
0.019078904156037853,0.2229679641076497,-0.001044574350229217,0.0017987417370325127,-0.01605214323969989,-0.02950260653566789
0.028165001425318414,0.0033502701044614003,1.1695105444835445,0.9261557885416742,-4.7704351516386225,-0.02984845831079941
-9.320544579119414,0.00983756733021951,0.007736539217617855,0.005522366825774894,0.1434650931334036,1.6063731972981543
0.02690258494413461,0.0010660021911119274,0.0014631224267138395,0.0008955926249458734,-1.9195781527728868,-0.11801984243838248
10.83960761271192,-0.005131858236911237,-0.007552643779835564,-0.007217201302581744,-0.05666624032613861,-0.048117003892580446
-0.08087911428268701,-1.1939339987455873,0.005239503869693983,-0.0035062609188205723,0.025966864905752757,0.029809718115797162
0.010550757022374532,0.3956443785416136,-0.02332024321345844,0.002279996831172264,-0.006513029057663152,-0.00996145774678503
0.007337732829393595,0.00105412385320805,-0.003504554648516414,0.00913957185085802,-0.0158093137609997,-6.637958341720181
-0.3681189276612825,-0.05989906894745264,-1.5407243738003902,-0.05736916334559661,3.833474955605063,-0.02208185229377868
0.006180969320210125,0.0031050327773776833,-0.026497672464221824,0.005882312302358672,-0.0069356178346417635,-0.017880336144573107
0.2751447917993737,1.0366411300896043,1.2411486038204629,-0.0013438281702110588,-3.5711606577109336,-3.6763471234190774
0.06000215906416854,0.1470683795076996,0.008852172413430563,0.010897983767580027,-0.26547259916308036,-0.019284498929095756
-0.015267114605357013,0.003319190702647745,0.012789452267309168,-2.122955595576414,2.2591228554897587,0.08956516437533413
0.12931855197474984,0.0052034648269949696,0.003560625493348391,0.009660293917795992,-2.343606772112215,-0.017717954143608328
-0.03148305934625362,-0.3078639395159717,-0.005396027392770543,-1.232959762675336,0.020862268489855177,-0.007009265749177596
-0.1033519127368635,-0.0016378636175156946,0.01801440201652199,-0.014240088886236069,1.2225377217834517,4.186572443432432
0.003458440986091854,-0.0022114494918692093,0.0025134891149388786,0.40342504622646846,-0.013978030007177067,-1.7874413485733358
0.1595021985607783,0.017217951039423907,0.15837492645558632,0.12228419751347097,-5.566315017022716,0.001824783719496903
-0.004218799749529148,-0.004585172168477097,2.540147013720156,0.0018842688055805412,0.002842842098532807,0.01288470198843042
2.3229081398642597,0.008116579028397602,0.0008512020319607241,0.007139264624916236,-0.05150397319088735,-0.005325715025761901
0.007630729164165073,-0.004499993102829836,-0.06754960010805577,2.117671224372387,-0.10376231461793806,-3.052230056694171
6.978811598959325,0.020861166906242012,0.0014146053861648633,1.3441400439182445,-0.013075286991083152,0.14134389605905895
0.08523279488837598,0.250022546633606,0.00012408539776757876,-0.002211309364814791,-0.028158165622756193,-4.58212061278322
-0.0004125761064150481,-0.0019642440810421044,-0.0032759943357694135,-0.000713724148913352,0.00020438572399051266,-0.001721506724972364
-0.0007856954035950725,0.00030332045283276677,0.024782533356465748,-0.0004981395473141218,0.0008525363802113528,0.0028616707881951708
-0.008094657465367305,0.0035165850221949846,-0.0019974453568910033,-2.73962086760295,0.42467269282661846,2.1924128361631077
-0.00345677024096,0.0010196459489527944,-0.8636481296333274,-0.02912882854285777,0.017654164828040386,3.8528074934879264
-0.002256662645121872,-0.09056254254781194,-0.008354546261639707,0.004993425231985037,-0.004341651154047055,-2.801577992330774
6.838456236764864,-0.005533438232647516,-0.007895883739511993,-0.0005429321226466666,-0.10773161850442052,-0.05162079822475363
-1.6974358787568935,-0.006257080505016888,-1.3742166243865537,-0.02239082578332252,1.0189943457637716,2.9289233362436917
-0.016798997492116108,0.0005353431386009716,0.008312457358785913,-0.015105458362503765,1.3166759864266755,4.686136413331674
-0.05025792191609964,-0.00035923631118450414,-0.0036562252478224144,-0.06650813105375297,2.8446817218014155,0.22537309295775643
3.3644578468293425,0.0006409225478826129,-0.002244402499735343,0.8032268717065669,-0.38877761582902115,-0.015330940563437423
9.280721927013687,0.0031949599371543513,0.0023672761037651924,1.2306552358077383,-0.12609043366827893,0.011531590778643963
0.08968769787698905,1.9344948721051052,-0.0015508565241095138,0.018642069788508686,-1.0434184662196664,-0.009291901028492311
6.951721680725447,0.49513391977929944,0.010772968990057152,-0.004882784247696614,-0.009880048726721914,0.00855203044262165
-0.13466865970561123,-0.005025756967283061,-0.002622755672955471,-0.00297911348701424,3.414257954118168,0.044851158153003556
0.016733053130288944,0.00198426281385132,0.6389470859793693,2.5954338146690787,-2.0379229481525285,-0.026640770192718932
-3.6081202904407377,-0.010822461610986208,0.0011359203172052665,0.0038265458119292606,0.013880198920157336,0.0025634395019649703
-0.6976631698171752,-0.005328043010401919,0.0025631317998728435,-0.05462686606719733,0.12512395722993525,0.06969706573268408
0.2132096641158343,0.035024595146849774,0.020956169290590215,1.9354581057030202,-3.3704008566989687,0.017134599745967982
0.04701319118907233,0.011142820700788623,-0.0022426864437164232,0.02941750119987161,-0.15171669335364923,-0.029947156872830387
-0.012772292076139218,0.0020028321897201107,0.0019519775332716566,-0.01744150864476035,2.3620562701168737,2.8068078547758972
0.8318754146249892,0.011706290136887284,-0.024341316904011322,0.010713659945308415,-0.045953412164014176,-0.015561675942586548
-3.868988663340181,-0.003583801800749087,0.035551050113113394,-0.03992911396573384,0.010887905676191668,-0.006104829116105326
-0.00807722920003958,-0.0231762111593893,0.0044057283004199106,-0.009001496323142566,0.006758772202640081,0.0062090279388814845
-3.4710812631252512,-0.003524426356190827,1.2798468960990446,-0.0037455803386599595,0.02134414161319241,0.013436741103485805
-0.0006397663483606146,-0.003047447583270973,-0.17331224686539531,-1.0122256269035834,-0.0009253137061350641,-4.268243884368671
-4.915101697887482,0.0038695058371565573,0.0697663470110533,-0.006223136171144561,0.024379271191657448,0.03877184364308528
0.13234628498622136,1.7685582738019323,0.0004583721594040857,0.5066301188920663,-0.14406331213381324,-0.01775392187882141
-0.9859643690391041,-0.005522374589100022,0.0004608440939332021,-0.03127178941592512,0.480796545483251,0.014663659051583233
2.5075657968463894,0.007252207730233926,-0.0020201289339938956,-0.003681587202465225,-0.017647028932952454,-0.028662833809424137
-0.005605921611494572,-0.002566409005351246,0.0021539686716658185,-0.030011074235886052,0.00924055714616965,0.012558337717887601
4.748234410535101,0.1283819864514561,0.005982817464411302,-0.0011614046731271421,-0.020838911845452952,0.021065346109510052
12.03072972533353,0.00019680656656362316,0.007113666698936191,1.0130976528866995,-0.14702487395451463,-0.010645608170542609
0.04931784957268248,-0.0011392755907198154,-0.012248222912595162,0.33848474663233574,-5.157738091853959,-0.15758195690291465
-0.4020700008152307,-1.3120762846186174,-0.535138574036127,-1.2295007725518445,3.3771542214052963,-5.858450996631959e-05
-0.031453098107086436,-0.010947722305897727,1.5522068039740478,-0.008861704962654156,0.026296560213617988,0.16976089268132333
-0.11348594868764206,0.0005254665945668702,1.4203170148344304,-0.8386225551466389,2.886876455477122,0.9135412398607201
-0.01233492783218304,-0.005253861177453321,0.161584903477478,0.0006806029472140448,0.007409513924444583,3.73416608257039
-3.882391546352162,-0.005252073346480593,-0.0006902241624555251,-0.006850712044597418,0.06900477864012088,-0.0013153555549535456
4.422097842245708,0.26866252179240646,0.004028022200419026,0.004892914405718873,-0.006117138111857398,0.016433324356691204
-0.00044343627733939295,0.015752760257441115,0.5358981318161378,-0.6919536553165041,0.006363785238811261,0.10918443963287194
-0.09884305599013202,-0.0018511165549820671,0.0012826907729919027,4.242944948035232e-05,4.312244656264986,0.3685238881041517
-0.02049984589118929,-0.0030441168473086377,0.6076933337120096,-0.12124120485823489,0.03300209472620556,0.32581688168887324
0.1243074403039667,0.013306305912702644,-0.0030188204259717793,0.05974517478590004,-0.13228918004053997,-0.029751567584294425
-0.00229579789103245,-0.0026319880548028524,0.0011080303775625015,-0.0012873337519115394,0.0026152364179600823,0.004440206636927947
0.054105268940438545,0.0038718509169793393,0.0018472081650253384,0.23937075477419922,-1.6904361857600416,-0.009935805450821844
-0.042181833575694,-0.07587724772010858,0.45246297456802465,-0.005723609334837981,0.021338418827802543,0.023269732854687378
-5.752170013340156,0.003576915022786146,0.012726341717257773,0.006111371961491807,0.028006851980215713,0.11532007407311484
7.8394603212592155,0.001790906180198405,0.004138592338091262,0.004384245872753323,-0.06628704752133674,-0.009553078318567998
-0.13519736054510478,-0.44968423020419745,-0.005387867069099142,-0.04133473131808696,0.5894499752112875,0.009292529548943523
0.006156282242682165,-0.005726070964055918,-1.851893428927113,1.4334303438048863,-2.9474072851748487,-0.10495917682797185
-0.025849023584829156,-0.0022999500298789104,-0.018914229774864233,-0.28851560196202897,6.280473348562294,0.08802660168088217
1.9109164856392487,0.7333420061161156,0.0014027533992262658,0.0056077027181546946,-0.050160557450792356,-0.00921106736683236
3.088787571756424,0.0035846051910793436,-0.0007013112090441137,0.00018065513642456787,-0.050448452097681645,-0.016909273484327025
-0.0005272677832894868,0.0011184375627248042,-0.002233693963130917,9.275647413687542e-05,0.003639725722850401,6.147775958210476
-1.1278408338928674,-0.004740651718771135,0.004044326388820173,-0.009233667957265657,0.058676351981017116,0.07174084308551809
1.0239390717067427,0.007827266243379167,-0.005136623012373067,0.002725429855164642,-0.03592023381745966,-0.31772127632468816
-0.038393565893889356,-0.03790408837556472,-0.012933096970167701,-0.03454653293778133,0.5446276574440433,0.0063495096606852874
-1.9090023683496131,-0.41500978573704533,-7.518221575935572e-05,-0.006583525690925962,0.018871615657227243,0.006313172662819
0.21422307256485118,0.014653886803111029,2.5243909524957036,0.019053721595964773,-0.19563399856218502,-0.0391982217686071
-0.09693915295788007,-0.03142277855329282,-0.09699739978594825,-0.006297585551839652,1.9245006806420457,-0.001175453124933945
0.472606126116217,0.004870036500263203,-0.0030969897866580673,0.02103807279965908,-0.44701742942014144,-0.03936036007589527
0.002634400556565367,0.007558428898692425,0.2752484394990581,0.00230813078379535,-0.0026737906358914126,-0.0013358213251567063
0.01950390362110266,0.0009101748936141962,0.0005797377456849967,0.691430646886407,-0.07047390469116593,-1.8366925474760034
2.664365880152296,0.003766502130578553,-0.0052933081265856,-0.0008300510222709612,-0.05326787148649048,-2.930385942012421
-0.012740124673782771,-1.1936109745489216,0.0009114189459075992,-0.007343657181822616,0.013638374620617389,0.003951838515675821
-3.252749079468412,0.005514864000718128,0.06655864244542219,-0.15527245059325345,2.915641811789526,0.06839422951956386
-0.17214952130579897,0.0009593225790710848,0.6391652603163003,-0.08478556642811297,1.8813436220372277,0.35404107294125353
9.483729444150862,0.2566571474755189,0.009152804541116739,-0.006291923528773169,0.00738301193759755,0.016798514599464465
-0.08523071460603082,-0.0015369936946044577,0.08193321513124685,-0.033651148951990284,1.1638371501372973,5.002721024574377
5.145715286408748,0.0019441933859795923,0.0005299697422737806,0.10615949862715501,-0.058941077183297844,-0.0009700855949771325
-0.051436115655529704,0.00029385997830452815,0.0038355156457035994,-0.002074479329050305,2.4522281483063857,1.4366130535485695
-1.1158857048518669,-0.0014085413227818834,0.014355259675879563,-0.02019962999039382,0.38111462694128806,0.050206587049895224
0.0005550288765795626,0.002043996185107743,0.0005530450304566441,0.0008780269471925364,-0.00024275989503222753,0.002185496816705539
-1.799021867535369,-0.007189633380436113,0.0009260407915706198,-0.0055086099348755635,0.0739717455585787,0.011383592630159922
0.0031557232795732483,-7.859465598293851e-05,-2.3894039925388317,0.0066375403329793775,-0.004432664267659219,-0.046078208069627924
3.5677562469961934,0.009540263199789123,-0.0009198702472649756,-0.0035631895640898525,-0.043162952701315316,-4.3281100832442405
0.007001863382743134,0.0011402353267404312,-0.006809814812692716,0.04796061711956169,-0.013716225895730594,-0.11090232898159527
-0.6931999470648131,-0.005526225803074353,0.00223227215324337,0.0048454316406892906,3.352673829795034,1.2906516814711182
2.0712897077928534,0.003964150757966511,-0.0022201499676473826,0.11393189873387688,-0.1220646377925402,-0.006253971593303709
0.011946778454054945,0.0012731740594251369,-0.020302730062909002,0.30000244009510363,-0.018358044477857778,-0.04013240869983385
-0.006468849165996798,-0.004475482125405928,0.0005711717447454128,-0.07495983361884277,0.008919245264936412,0.0088418730340108
